epoch,train_r2,validation_r2,train_rmse,validation_rmse,time,band_1,band_2,band_3,band_4,band_5,band_6,band_7,band_8,band_9,band_10,band_11,band_12,band_13,band_14,band_15,band_16,band_17,band_18,band_19,band_20,band_21,band_22,band_23,band_24,band_25,band_26,band_27,band_28,band_29,band_30
0,0,0,0.17148,0.17455,2.7,138,272,407,541,675,809,943,1075,1211,1343,1479,1611,1745,1881,2013,2147,2281,2415,2549,2683,2819,2953,3085,3219,3353,3489,3622,3756,3890,4024
1,0,0,0.16813,0.17134,2.8,138,273,407,541,675,809,944,1075,1212,1342,1480,1612,1745,1882,2012,2146,2281,2414,2548,2682,2819,2954,3084,3219,3353,3489,3621,3755,3889,4024
2,0,0,0.16492,0.16828,2.87,139,273,407,542,676,810,944,1074,1213,1342,1481,1613,1745,1883,2011,2146,2281,2413,2547,2681,2819,2955,3084,3218,3352,3490,3621,3755,3889,4024
3,0,0,0.16184,0.16534,2.96,139,273,408,542,676,811,945,1074,1214,1341,1482,1613,1746,1884,2010,2145,2282,2412,2546,2681,2819,2956,3083,3217,3351,3490,3620,3754,3889,4023
4,0,0,0.15887,0.16252,3.05,139,273,408,543,677,811,946,1073,1214,1341,1483,1614,1746,1885,2009,2144,2282,2412,2545,2680,2819,2956,3082,3216,3351,3490,3620,3754,3889,4023
5,0,0,0.156,0.15981,3.12,139,274,408,543,678,812,946,1073,1215,1341,1484,1615,1746,1886,2008,2143,2281,2411,2545,2679,2819,2957,3081,3216,3350,3490,3619,3754,3888,4023
6,0,0,0.15324,0.15721,3.2,139,274,409,543,678,813,947,1072,1216,1340,1485,1616,1745,1887,2007,2143,2281,2411,2544,2679,2819,2958,3080,3215,3349,3489,3619,3753,3888,4023
7,0,0,0.15059,0.15473,3.28,139,274,409,544,679,813,948,1072,1217,1340,1486,1616,1745,1888,2006,2142,2281,2410,2543,2678,2819,2959,3080,3214,3349,3489,3618,3753,3888,4023
8,0,0,0.14805,0.15237,3.36,139,274,410,544,679,814,949,1072,1218,1339,1486,1617,1745,1889,2005,2141,2281,2410,2543,2677,2819,2960,3079,3213,3348,3489,3618,3753,3887,4022
9,0,0,0.14563,0.15014,3.42,140,275,410,545,680,815,949,1072,1219,1339,1487,1618,1745,1890,2004,2140,2282,2409,2542,2676,2819,2961,3078,3213,3347,3489,3617,3752,3887,4022
10,0,0,0.14333,0.14803,3.49,140,275,410,545,680,815,950,1072,1220,1338,1488,1619,1746,1891,2003,2140,2282,2409,2541,2675,2819,2962,3077,3212,3347,3489,3617,3752,3887,4022
11,0,0,0.14117,0.14605,3.56,140,275,411,546,681,816,951,1072,1221,1338,1489,1619,1746,1892,2002,2139,2281,2408,2541,2675,2819,2962,3076,3211,3346,3488,3617,3751,3887,4022
12,0,0.00599,0.13914,0.14423,3.62,140,275,411,546,681,817,951,1072,1222,1338,1490,1620,1746,1893,2001,2138,2281,2407,2540,2674,2819,2963,3076,3210,3346,3488,3616,3751,3886,4022
13,0.01052,0.02854,0.1373,0.14259,3.69,140,276,411,546,682,817,952,1072,1222,1338,1491,1620,1746,1894,2000,2138,2281,2407,2540,2673,2819,2964,3075,3209,3345,3488,3616,3751,3886,4022
14,0.03396,0.04801,0.13566,0.14115,3.77,140,276,412,547,683,818,953,1072,1223,1338,1492,1621,1746,1895,1999,2137,2281,2406,2539,2673,2818,2965,3075,3209,3344,3487,3615,3750,3886,4021
15,0.05381,0.06417,0.13426,0.13995,3.84,140,276,412,547,683,819,953,1072,1224,1337,1493,1621,1745,1895,1998,2137,2281,2406,2539,2672,2818,2966,3074,3208,3344,3487,3615,3750,3885,4021
16,0.06997,0.07695,0.13311,0.13899,3.92,140,276,413,548,684,819,954,1073,1225,1337,1493,1621,1745,1896,1997,2136,2282,2405,2538,2671,2818,2966,3074,3207,3343,3486,3615,3750,3885,4021
17,0.08252,0.08644,0.13221,0.13827,3.98,141,277,413,548,684,820,955,1073,1226,1337,1494,1622,1745,1897,1996,2135,2282,2405,2538,2670,2818,2967,3073,3206,3343,3486,3615,3750,3885,4021
18,0.09158,0.09278,0.13155,0.13779,4.05,141,277,413,548,685,820,955,1073,1227,1337,1495,1622,1746,1897,1995,2135,2281,2405,2537,2669,2818,2968,3073,3206,3342,3485,3614,3749,3885,4021
19,0.09721,0.09609,0.13115,0.13754,4.13,141,277,414,549,685,821,956,1074,1228,1336,1496,1623,1746,1898,1994,2134,2281,2404,2537,2668,2818,2968,3072,3205,3341,3485,3614,3749,3884,4021
20,0.09963,0.09654,0.13097,0.13751,4.19,141,277,414,549,685,822,956,1074,1229,1336,1496,1623,1746,1899,1993,2134,2281,2404,2537,2668,2818,2969,3072,3204,3341,3484,3614,3749,3884,4020
21,0.09929,0.09459,0.13099,0.13765,4.26,141,278,414,549,686,822,957,1075,1230,1337,1497,1624,1746,1899,1993,2134,2281,2404,2536,2667,2817,2969,3071,3204,3340,3483,3613,3748,3884,4020
22,0.09688,0.0909,0.13117,0.13793,4.35,141,278,415,550,686,823,958,1075,1231,1337,1498,1624,1747,1899,1992,2133,2281,2403,2536,2666,2817,2969,3070,3203,3339,3483,3613,3748,3884,4020
23,0.0932,0.08625,0.13144,0.13829,4.42,141,278,415,550,687,823,958,1076,1232,1337,1498,1625,1747,1900,1991,2133,2280,2403,2535,2665,2816,2970,3070,3202,3339,3482,3613,3748,3883,4020
24,0.0891,0.08145,0.13173,0.13865,4.5,142,278,415,550,687,824,959,1077,1233,1338,1499,1625,1748,1900,1991,2133,2280,2403,2535,2664,2815,2970,3069,3202,3338,3481,3613,3748,3883,4020
25,0.08534,0.07722,0.13201,0.13897,4.58,142,278,416,551,687,824,959,1078,1234,1338,1499,1626,1748,1900,1990,2133,2279,2403,2534,2663,2815,2970,3068,3201,3338,3481,3612,3747,3883,4020
26,0.08247,0.07408,0.13221,0.1392,4.67,142,279,416,551,687,825,960,1078,1235,1339,1499,1627,1749,1901,1989,2132,2279,2402,2533,2662,2814,2971,3067,3201,3337,3480,3612,3747,3883,4019
27,0.08087,0.07237,0.13233,0.13933,4.75,142,279,416,551,688,825,960,1079,1236,1340,1500,1627,1750,1901,1989,2132,2278,2402,2533,2661,2813,2971,3066,3200,3336,3479,3612,3747,3882,4019
28,0.08069,0.07219,0.13234,0.13935,4.82,142,279,417,552,688,826,961,1080,1236,1340,1500,1628,1751,1901,1988,2132,2277,2402,2533,2660,2812,2971,3066,3200,3336,3478,3612,3747,3882,4019
29,0.08185,0.07344,0.13226,0.13925,4.9,142,279,417,552,688,826,961,1081,1237,1341,1500,1629,1751,1901,1988,2132,2277,2402,2532,2659,2811,2971,3065,3199,3335,3478,3611,3747,3882,4019
30,0.08411,0.07586,0.13209,0.13907,4.97,142,279,417,552,688,826,962,1082,1238,1342,1500,1630,1752,1901,1987,2132,2276,2402,2532,2658,2810,2971,3064,3199,3335,3477,3611,3746,3882,4019
31,0.08714,0.07915,0.13188,0.13882,5.03,143,280,418,552,688,827,962,1082,1239,1343,1501,1631,1753,1901,1987,2131,2275,2402,2532,2657,2809,2971,3063,3199,3334,3476,3611,3746,3882,4018
32,0.09059,0.08293,0.13163,0.13854,5.11,143,280,418,553,688,827,963,1083,1240,1344,1501,1631,1754,1901,1987,2131,2274,2402,2532,2656,2807,2971,3062,3198,3334,3475,3611,3746,3882,4018
33,0.09413,0.0869,0.13137,0.13824,5.18,143,280,418,553,688,827,963,1084,1241,1345,1501,1632,1755,1900,1986,2131,2273,2402,2531,2655,2806,2971,3061,3198,3333,3475,3611,3746,3881,4018
34,0.09756,0.09083,0.13112,0.13794,5.26,143,280,418,553,689,828,963,1085,1242,1346,1500,1633,1756,1900,1986,2131,2273,2403,2531,2654,2805,2971,3060,3198,3333,3474,3610,3746,3881,4018
35,0.10066,0.0945,0.1309,0.13766,5.34,143,280,419,553,689,828,964,1086,1243,1347,1500,1634,1757,1900,1986,2131,2272,2403,2530,2653,2804,2971,3059,3197,3332,3473,3610,3745,3881,4018
36,0.10325,0.09774,0.13071,0.13741,5.41,143,280,419,554,689,828,964,1087,1244,1348,1500,1635,1758,1900,1985,2131,2271,2403,2530,2652,2803,2971,3058,3197,3331,3473,3610,3745,3881,4018
37,0.10524,0.10041,0.13056,0.13721,5.47,143,281,419,554,689,829,965,1088,1245,1349,1500,1636,1759,1900,1985,2131,2270,2403,2529,2652,2802,2970,3058,3197,3331,3472,3610,3745,3881,4017
38,0.10661,0.10249,0.13046,0.13705,5.55,143,281,420,554,689,829,965,1088,1246,1350,1500,1636,1760,1899,1984,2131,2269,2403,2529,2651,2801,2970,3057,3196,3330,3471,3610,3745,3881,4017
39,0.10742,0.10403,0.1304,0.13693,5.63,144,281,420,554,689,829,966,1089,1247,1350,1500,1637,1761,1899,1984,2131,2269,2403,2528,2650,2800,2970,3056,3196,3330,3470,3610,3744,3880,4017
40,0.10777,0.10509,0.13038,0.13685,5.71,144,281,420,555,689,830,966,1090,1248,1351,1500,1638,1762,1899,1984,2131,2268,2403,2528,2650,2799,2970,3055,3196,3329,3470,3609,3744,3880,4017
41,0.1078,0.10578,0.13037,0.1368,5.78,144,281,421,555,689,830,967,1091,1249,1352,1500,1639,1763,1899,1983,2131,2267,2403,2527,2649,2798,2970,3055,3195,3329,3469,3609,3744,3880,4017
42,0.10765,0.10622,0.13039,0.13677,5.84,144,282,421,555,689,830,967,1092,1250,1353,1500,1639,1764,1899,1983,2131,2266,2403,2527,2649,2797,2970,3054,3195,3328,3468,3609,3744,3880,4016
43,0.10747,0.10655,0.1304,0.13674,5.92,144,282,421,555,689,831,968,1093,1251,1354,1500,1640,1765,1899,1982,2131,2266,2403,2526,2649,2796,2970,3054,3194,3328,3468,3609,3744,3880,4016
44,0.10738,0.10685,0.1304,0.13672,5.99,144,282,422,556,689,831,969,1094,1252,1355,1500,1641,1766,1899,1981,2131,2265,2404,2526,2648,2795,2969,3054,3194,3327,3467,3609,3743,3879,4016
45,0.10748,0.10722,0.1304,0.13669,6.06,144,282,422,556,689,832,969,1095,1253,1356,1500,1641,1766,1898,1981,2131,2264,2404,2525,2648,2794,2969,3053,3193,3327,3466,3609,3743,3879,4016
46,0.10783,0.1077,0.13037,0.13665,6.13,145,282,422,556,689,832,970,1095,1254,1357,1501,1642,1767,1898,1980,2131,2264,2404,2525,2648,2793,2969,3053,3193,3326,3466,3609,3743,3879,4016
47,0.10845,0.10833,0.13033,0.13661,6.21,145,283,423,556,689,832,970,1096,1255,1357,1501,1642,1768,1898,1980,2131,2263,2404,2524,2647,2792,2969,3053,3193,3326,3465,3608,3743,3879,4016
48,0.10933,0.10911,0.13026,0.13655,6.28,145,283,423,557,689,833,971,1097,1256,1358,1501,1643,1769,1898,1979,2130,2262,2404,2524,2647,2791,2969,3053,3192,3325,3464,3608,3743,3879,4015
49,0.11044,0.11002,0.13018,0.13648,6.35,145,283,423,557,689,833,972,1098,1257,1359,1502,1643,1770,1898,1978,2130,2262,2404,2524,2647,2790,2969,3053,3192,3324,3464,3608,3742,3878,4015
50,0.11171,0.11098,0.13009,0.1364,6.41,145,283,424,557,689,834,972,1099,1258,1360,1502,1644,1770,1898,1978,2130,2261,2404,2523,2647,2789,2969,3053,3191,3324,3463,3608,3742,3878,4015
51,0.11302,0.11193,0.12999,0.13633,6.47,145,283,424,557,690,834,973,1100,1259,1361,1502,1644,1771,1898,1977,2130,2261,2403,2523,2647,2788,2969,3053,3191,3323,3463,3608,3742,3878,4015
52,0.11433,0.11283,0.1299,0.13626,6.55,145,284,424,558,690,835,973,1100,1259,1361,1503,1645,1772,1898,1976,2130,2260,2403,2523,2646,2787,2969,3053,3191,3323,3462,3608,3742,3878,4015
53,0.11556,0.11363,0.12981,0.1362,6.63,146,284,425,558,690,835,974,1101,1260,1362,1503,1645,1773,1898,1975,2130,2259,2403,2523,2646,2786,2969,3053,3190,3322,3461,3608,3741,3877,4014
54,0.11668,0.11431,0.12972,0.13615,6.7,146,284,425,558,690,835,975,1102,1261,1363,1503,1646,1773,1898,1975,2129,2259,2403,2522,2646,2786,2969,3053,3190,3322,3461,3608,3741,3877,4014
55,0.11765,0.11486,0.12965,0.1361,6.76,146,284,425,559,690,836,975,1103,1262,1364,1504,1646,1774,1898,1974,2129,2258,2403,2522,2646,2785,2969,3053,3189,3321,3460,3607,3741,3877,4014
56,0.11846,0.11528,0.12959,0.13607,6.83,146,284,426,559,690,836,976,1104,1263,1364,1504,1647,1775,1898,1973,2129,2258,2403,2522,2646,2784,2969,3053,3189,3321,3460,3607,3741,3877,4014
57,0.11915,0.11561,0.12954,0.13605,6.9,146,285,426,559,690,837,977,1104,1264,1365,1505,1647,1776,1898,1973,2129,2257,2403,2522,2646,2783,2969,3054,3189,3320,3459,3607,3740,3876,4014
58,0.11974,0.11589,0.1295,0.13603,6.98,146,285,426,559,690,837,977,1105,1265,1366,1505,1647,1776,1898,1972,2129,2256,2403,2521,2646,2782,2969,3054,3188,3320,3458,3607,3740,3876,4014
59,0.12028,0.11618,0.12946,0.136,7.05,146,285,427,560,690,838,978,1106,1266,1367,1505,1648,1777,1898,1971,2129,2256,2403,2521,2646,2781,2969,3054,3188,3320,3458,3607,3740,3876,4013
60,0.12084,0.11654,0.12942,0.13597,7.12,147,285,427,560,690,838,979,1107,1267,1367,1506,1648,1778,1898,1970,2128,2255,2403,2521,2646,2780,2969,3054,3187,3319,3457,3607,3740,3876,4013
61,0.12146,0.11704,0.12937,0.13594,7.19,147,286,427,560,690,838,979,1108,1267,1368,1506,1649,1779,1899,1970,2128,2255,2403,2521,2646,2779,2969,3055,3187,3319,3457,3607,3740,3875,4013
62,0.12217,0.1177,0.12932,0.13589,7.28,147,286,428,560,690,839,980,1109,1268,1369,1506,1649,1780,1899,1969,2128,2254,2403,2521,2646,2778,2969,3055,3186,3318,3456,3607,3739,3875,4013
63,0.12299,0.11854,0.12926,0.13582,7.35,147,286,428,561,690,839,981,1109,1269,1370,1507,1649,1781,1899,1968,2128,2253,2403,2520,2646,2778,2968,3055,3186,3318,3456,3607,3739,3875,4013
64,0.12391,0.11954,0.12919,0.13574,7.43,147,286,428,561,690,839,981,1110,1270,1371,1507,1650,1782,1899,1968,2128,2252,2403,2520,2647,2777,2968,3056,3185,3317,3455,3607,3739,3875,4012
65,0.1249,0.12068,0.12912,0.13566,7.5,147,286,429,561,690,840,982,1111,1271,1372,1507,1650,1783,1899,1967,2128,2252,2403,2520,2647,2776,2968,3056,3184,3317,3454,3606,3739,3875,4012
66,0.12593,0.1219,0.12904,0.13556,7.57,147,287,429,562,690,840,983,1112,1272,1372,1507,1650,1784,1899,1967,2128,2251,2403,2520,2647,2775,2968,3056,3184,3317,3454,3606,3738,3874,4012
67,0.12697,0.12316,0.12897,0.13547,7.64,148,287,429,562,690,840,983,1113,1273,1373,1508,1651,1785,1899,1966,2128,2250,2403,2520,2647,2774,2968,3056,3183,3316,3453,3606,3738,3874,4012
68,0.12798,0.12441,0.12889,0.13537,7.73,148,287,430,562,690,841,984,1114,1274,1374,1508,1651,1786,1899,1965,2128,2249,2403,2520,2647,2773,2968,3056,3183,3316,3453,3606,3738,3874,4012
69,0.12895,0.12564,0.12882,0.13527,7.81,148,287,430,562,690,841,985,1114,1275,1375,1508,1651,1787,1899,1965,2128,2249,2403,2520,2648,2772,2968,3057,3182,3315,3452,3606,3738,3874,4012
70,0.12987,0.12681,0.12875,0.13518,7.88,148,288,430,563,689,841,985,1115,1275,1376,1508,1652,1788,1899,1964,2128,2248,2403,2520,2648,2771,2967,3057,3181,3315,3452,3606,3737,3873,4011
71,0.13076,0.12793,0.12869,0.1351,7.95,148,288,431,563,689,842,986,1116,1276,1377,1508,1652,1789,1899,1964,2128,2247,2403,2520,2648,2770,2967,3057,3181,3315,3451,3606,3737,3873,4011
72,0.13163,0.129,0.12862,0.13501,8.02,148,288,431,563,689,842,987,1117,1277,1378,1509,1652,1790,1899,1963,2128,2246,2403,2520,2648,2769,2967,3057,3180,3314,3450,3606,3737,3873,4011
73,0.13251,0.13004,0.12856,0.13493,8.1,148,288,431,563,689,842,987,1118,1278,1378,1509,1652,1791,1899,1962,2128,2245,2403,2520,2648,2768,2967,3058,3179,3314,3450,3606,3737,3873,4011
74,0.1334,0.13104,0.12849,0.13485,8.18,149,288,432,564,689,843,988,1118,1279,1379,1509,1653,1792,1899,1962,2128,2245,2403,2520,2649,2767,2967,3058,3179,3314,3449,3606,3736,3872,4011
75,0.13434,0.13204,0.12842,0.13478,8.25,149,289,432,564,689,843,989,1119,1280,1380,1510,1653,1793,1899,1961,2128,2244,2403,2520,2649,2766,2967,3058,3178,3313,3449,3606,3736,3872,4010
76,0.13532,0.13302,0.12835,0.1347,8.31,149,289,432,564,689,843,989,1120,1281,1381,1510,1653,1794,1899,1960,2128,2243,2403,2520,2649,2766,2967,3058,3178,3313,3448,3606,3736,3872,4010
77,0.13634,0.13399,0.12827,0.13463,8.39,149,289,433,564,689,844,990,1121,1282,1382,1510,1654,1794,1899,1960,2128,2242,2403,2520,2649,2765,2967,3059,3177,3313,3448,3606,3736,3872,4010
78,0.13738,0.13494,0.12819,0.13455,8.46,149,289,433,565,689,844,991,1122,1283,1383,1511,1654,1795,1899,1959,2128,2241,2403,2520,2649,2764,2966,3059,3176,3313,3447,3606,3736,3871,4010
79,0.13844,0.13588,0.12812,0.13448,8.53,149,290,433,565,689,844,991,1122,1283,1383,1511,1654,1796,1899,1959,2128,2241,2403,2520,2650,2763,2966,3059,3176,3312,3447,3606,3735,3871,4010
80,0.1395,0.13679,0.12804,0.13441,8.61,149,290,434,565,688,844,992,1123,1284,1384,1511,1655,1797,1899,1958,2127,2240,2403,2520,2650,2762,2966,3059,3175,3312,3446,3606,3735,3871,4010
81,0.14055,0.13769,0.12796,0.13434,8.69,150,290,434,565,688,845,993,1124,1285,1385,1512,1655,1798,1899,1957,2127,2239,2403,2520,2650,2761,2966,3059,3175,3312,3446,3606,3735,3871,4009
82,0.14159,0.13858,0.12788,0.13427,8.76,150,290,434,566,688,845,993,1125,1286,1386,1512,1656,1799,1899,1957,2127,2238,2403,2520,2650,2760,2966,3060,3174,3311,3445,3605,3735,3870,4009
83,0.14261,0.13948,0.12781,0.1342,8.83,150,291,435,566,688,845,994,1126,1287,1387,1512,1656,1800,1899,1956,2127,2237,2403,2520,2651,2759,2966,3060,3173,3311,3445,3605,3734,3870,4009
84,0.14364,0.14041,0.12773,0.13413,8.9,150,291,435,566,688,846,995,1126,1288,1387,1513,1656,1801,1899,1955,2127,2237,2403,2520,2651,2758,2966,3060,3173,3311,3444,3605,3734,3870,4009
85,0.14468,0.14139,0.12765,0.13405,8.96,150,291,435,567,688,846,995,1127,1289,1388,1513,1657,1802,1899,1955,2127,2236,2403,2520,2651,2757,2966,3060,3172,3311,3443,3605,3734,3870,4009
86,0.14574,0.14243,0.12757,0.13397,9.03,150,291,436,567,688,846,996,1128,1289,1389,1513,1657,1803,1899,1954,2127,2235,2403,2520,2651,2756,2966,3060,3171,3311,3443,3605,3734,3869,4008
87,0.14684,0.14354,0.12749,0.13388,9.11,150,292,436,567,688,846,997,1129,1290,1390,1514,1657,1804,1899,1954,2127,2234,2403,2520,2651,2755,2966,3061,3171,3310,3442,3605,3733,3869,4008
88,0.14795,0.14471,0.12741,0.13379,9.19,151,292,436,567,687,846,997,1130,1291,1391,1514,1658,1805,1899,1953,2127,2233,2403,2520,2651,2754,2965,3061,3170,3310,3442,3605,3733,3869,4008
89,0.14909,0.14592,0.12732,0.1337,9.27,151,292,437,568,687,847,998,1130,1292,1391,1514,1658,1806,1899,1952,2127,2232,2403,2520,2651,2753,2965,3061,3169,3310,3441,3605,3733,3868,4008
90,0.15023,0.14718,0.12724,0.1336,9.34,151,292,437,568,687,847,999,1131,1293,1392,1514,1658,1807,1899,1952,2127,2231,2403,2520,2652,2752,2965,3061,3169,3310,3441,3605,3733,3868,4008
91,0.15138,0.14844,0.12715,0.1335,9.42,151,293,437,568,687,847,999,1132,1294,1393,1515,1659,1808,1899,1951,2127,2231,2403,2520,2652,2751,2965,3061,3168,3310,3440,3605,3732,3868,4007
92,0.15252,0.14971,0.12707,0.1334,9.49,151,293,438,568,686,847,1000,1133,1295,1394,1515,1659,1809,1899,1951,2127,2230,2403,2520,2652,2750,2965,3061,3167,3310,3440,3605,3732,3868,4007
93,0.15366,0.15096,0.12698,0.1333,9.57,151,293,438,568,686,847,1001,1133,1296,1395,1515,1659,1810,1899,1950,2127,2229,2403,2521,2652,2749,2965,3061,3167,3310,3439,3605,3732,3867,4007
94,0.15481,0.1522,0.12689,0.1332,9.64,151,293,438,569,686,848,1002,1134,1296,1396,1516,1660,1811,1899,1950,2127,2228,2403,2521,2652,2748,2965,3061,3166,3310,3439,3605,3732,3867,4007
95,0.15596,0.15342,0.12681,0.13311,9.72,152,294,439,569,686,848,1002,1135,1297,1396,1516,1660,1812,1900,1949,2127,2227,2403,2521,2652,2747,2965,3061,3165,3310,3438,3605,3731,3867,4007
96,0.15714,0.15462,0.12672,0.13301,9.8,152,294,439,569,685,848,1003,1136,1298,1397,1516,1661,1813,1900,1949,2127,2226,2403,2521,2652,2746,2965,3061,3165,3309,3438,3606,3731,3867,4007
97,0.15833,0.1558,0.12663,0.13292,9.88,152,294,439,569,685,848,1004,1137,1299,1398,1517,1661,1814,1900,1948,2127,2225,2403,2521,2652,2745,2964,3061,3164,3309,3437,3606,3731,3866,4006
98,0.15953,0.15696,0.12654,0.13283,9.96,152,294,440,570,685,848,1004,1137,1300,1399,1517,1661,1815,1900,1948,2127,2225,2403,2521,2652,2744,2964,3061,3163,3309,3437,3606,3731,3866,4006
99,0.16074,0.15812,0.12645,0.13274,10.03,152,295,440,570,685,848,1005,1138,1301,1400,1517,1662,1816,1900,1947,2126,2224,2403,2521,2652,2743,2964,3061,3162,3309,3436,3606,3730,3866,4006
100,0.16195,0.1593,0.12636,0.13264,10.1,152,295,440,570,684,848,1006,1139,1302,1400,1518,1662,1817,1900,1947,2126,2223,2403,2521,2652,2741,2964,3061,3162,3309,3436,3606,3730,3865,4006
101,0.16317,0.16044,0.12626,0.13255,10.17,152,295,441,570,684,848,1006,1140,1302,1401,1518,1663,1818,1900,1946,2126,2222,2403,2521,2652,2740,2964,3062,3161,3309,3435,3606,3730,3865,4006
102,0.16438,0.16159,0.12617,0.13246,10.26,153,295,441,571,684,848,1007,1140,1303,1402,1518,1663,1819,1900,1946,2126,2221,2403,2521,2652,2739,2964,3062,3160,3309,3435,3606,3730,3865,4005
103,0.1656,0.16278,0.12608,0.13237,10.33,153,296,441,571,684,849,1008,1141,1304,1403,1519,1664,1820,1900,1945,2126,2220,2403,2521,2652,2738,2964,3062,3160,3309,3434,3606,3729,3865,4005
104,0.16683,0.16402,0.12599,0.13227,10.4,153,296,442,571,683,849,1009,1142,1305,1404,1519,1664,1821,1900,1945,2126,2219,2403,2521,2652,2737,2964,3062,3159,3309,3434,3606,3729,3864,4005
105,0.16807,0.1653,0.12589,0.13217,10.46,153,296,442,571,683,849,1009,1143,1306,1405,1519,1665,1822,1900,1944,2126,2218,2403,2520,2652,2736,2964,3062,3158,3309,3433,3606,3729,3864,4005
106,0.16933,0.16662,0.1258,0.13207,10.53,153,296,442,571,683,849,1010,1143,1307,1405,1520,1665,1823,1900,1944,2125,2218,2403,2520,2652,2734,2964,3062,3157,3309,3432,3606,3729,3864,4005
107,0.17059,0.16797,0.1257,0.13196,10.59,153,297,443,572,682,849,1011,1144,1308,1406,1520,1666,1824,1900,1944,2125,2217,2403,2520,2652,2733,2963,3062,3157,3309,3432,3606,3728,3864,4005
108,0.17186,0.16934,0.12561,0.13185,10.67,154,297,443,572,682,849,1011,1145,1309,1407,1520,1666,1825,1900,1943,2125,2216,2403,2520,2652,2732,2963,3062,3156,3309,3431,3606,3728,3863,4004
109,0.17313,0.17071,0.12551,0.13174,10.74,154,297,443,572,682,849,1012,1146,1309,1408,1521,1667,1826,1900,1943,2125,2215,2403,2520,2652,2731,2963,3062,3155,3309,3431,3606,3728,3863,4004
110,0.17441,0.17208,0.12541,0.13163,10.8,154,297,443,572,681,848,1013,1146,1310,1409,1521,1667,1827,1900,1942,2125,2214,2403,2520,2651,2730,2963,3062,3154,3310,3430,3606,3728,3863,4004
111,0.17569,0.17342,0.12532,0.13153,10.87,154,298,444,572,681,848,1013,1147,1311,1410,1521,1668,1828,1900,1942,2125,2213,2403,2520,2651,2729,2963,3062,3154,3310,3430,3606,3728,3862,4004
112,0.17699,0.17475,0.12522,0.13142,10.94,154,298,444,572,681,848,1014,1148,1312,1410,1522,1668,1829,1900,1942,2125,2212,2403,2520,2651,2727,2963,3062,3153,3310,3429,3607,3727,3862,4004
113,0.1783,0.17606,0.12512,0.13132,11.01,154,298,444,573,680,848,1015,1149,1313,1411,1522,1669,1830,1900,1941,2124,2211,2403,2520,2651,2726,2963,3062,3152,3310,3429,3607,3727,3862,4003
114,0.17962,0.17736,0.12502,0.13121,11.09,154,298,445,573,680,848,1016,1149,1314,1412,1522,1670,1831,1900,1941,2124,2211,2403,2520,2651,2725,2963,3062,3151,3310,3428,3607,3727,3861,4003
115,0.18097,0.17867,0.12491,0.13111,11.16,155,299,445,573,679,848,1016,1150,1315,1413,1523,1670,1832,1900,1941,2124,2210,2403,2520,2651,2724,2963,3062,3151,3310,3428,3607,3727,3861,4003
116,0.18236,0.18003,0.12481,0.131,11.23,155,299,445,573,679,848,1017,1151,1315,1414,1523,1671,1833,1900,1941,2124,2209,2403,2520,2651,2723,2963,3063,3150,3310,3427,3607,3726,3861,4003
117,0.1839,0.18155,0.12469,0.13088,11.3,155,299,446,573,679,848,1018,1152,1316,1415,1523,1671,1834,1900,1940,2124,2208,2403,2520,2651,2722,2962,3063,3149,3310,3427,3607,3726,3861,4003
118,0.18553,0.18331,0.12457,0.13074,11.37,155,299,446,573,678,848,1018,1153,1317,1415,1524,1672,1835,1900,1940,2124,2207,2403,2520,2651,2721,2962,3063,3148,3311,3426,3607,3726,3860,4002
119,0.18695,0.18494,0.12446,0.13061,11.44,155,300,446,573,678,847,1019,1153,1318,1416,1524,1673,1836,1900,1940,2124,2206,2403,2520,2651,2720,2962,3063,3148,3311,3426,3607,3726,3860,4002
120,0.18833,0.1865,0.12435,0.13048,11.5,155,300,446,574,677,847,1020,1154,1319,1417,1524,1673,1837,1900,1940,2123,2205,2403,2520,2651,2719,2962,3063,3147,3311,3425,3607,3726,3860,4002
121,0.18975,0.18803,0.12424,0.13036,11.57,155,300,447,574,677,847,1021,1155,1320,1418,1525,1674,1838,1900,1939,2123,2205,2403,2520,2651,2718,2962,3063,3146,3311,3425,3608,3725,3859,4002
122,0.1912,0.18952,0.12413,0.13024,11.64,156,301,447,574,677,847,1021,1156,1321,1419,1525,1675,1839,1900,1939,2123,2204,2403,2520,2651,2717,2962,3063,3145,3312,3424,3608,3725,3859,4002
123,0.19268,0.19099,0.12402,0.13012,11.7,156,301,447,574,676,846,1022,1156,1322,1420,1525,1675,1840,1900,1939,2123,2203,2403,2520,2651,2716,2962,3063,3145,3312,3424,3608,3725,3859,4002
124,0.19419,0.19243,0.1239,0.13,11.77,156,301,448,574,676,846,1023,1157,1322,1421,1526,1676,1841,1900,1939,2123,2202,2403,2520,2651,2715,2962,3063,3144,3312,3423,3608,3725,3859,4001
125,0.1957,0.19386,0.12379,0.12989,11.84,156,301,448,574,675,846,1023,1158,1323,1421,1526,1677,1841,1900,1939,2123,2202,2403,2520,2651,2714,2962,3064,3143,3313,3423,3608,3725,3858,4001
126,0.19722,0.19534,0.12367,0.12977,11.91,156,302,448,574,675,846,1024,1159,1324,1422,1526,1678,1842,1900,1938,2123,2201,2403,2519,2652,2713,2962,3064,3142,3313,3422,3608,3724,3858,4001
127,0.19876,0.19689,0.12355,0.12964,11.97,156,302,448,574,674,845,1025,1159,1325,1423,1527,1678,1843,1900,1938,2123,2200,2403,2519,2652,2712,2962,3064,3141,3313,3422,3609,3724,3858,4001
128,0.20032,0.19852,0.12343,0.12951,12.04,157,302,449,574,674,845,1026,1160,1326,1424,1527,1679,1844,1900,1938,2122,2199,2403,2519,2652,2711,2961,3064,3141,3314,3421,3609,3724,3857,4001
129,0.20191,0.20024,0.12331,0.12937,12.1,157,303,449,575,673,845,1026,1161,1327,1425,1528,1680,1845,1900,1938,2122,2199,2403,2519,2652,2711,2961,3064,3140,3314,3421,3609,3724,3857,4000
130,0.20351,0.20201,0.12318,0.12923,12.17,157,303,449,575,673,844,1027,1162,1328,1426,1528,1681,1846,1900,1938,2122,2198,2403,2518,2652,2710,2961,3064,3139,3314,3420,3609,3724,3857,4000
131,0.20513,0.20378,0.12306,0.12909,12.24,157,303,449,575,672,844,1028,1162,1328,1426,1528,1682,1847,1900,1937,2122,2197,2403,2518,2652,2709,2961,3064,3138,3315,3420,3609,3723,3856,4000
132,0.20676,0.20553,0.12293,0.12895,12.31,157,303,450,575,672,844,1028,1163,1329,1427,1529,1682,1848,1900,1937,2122,2196,2403,2517,2652,2708,2961,3064,3137,3315,3419,3609,3723,3856,4000
133,0.20841,0.20726,0.1228,0.1288,12.38,157,304,450,575,671,843,1029,1164,1330,1428,1529,1683,1849,1900,1937,2121,2196,2403,2517,2652,2707,2961,3064,3137,3316,3419,3610,3723,3856,4000
134,0.21009,0.20896,0.12267,0.12867,12.47,157,304,450,575,671,843,1030,1165,1331,1429,1529,1684,1850,1900,1937,2121,2195,2403,2516,2652,2707,2961,3065,3136,3316,3418,3610,3723,3855,3999
135,0.21179,0.21064,0.12254,0.12853,12.55,158,304,451,575,670,842,1031,1165,1332,1430,1530,1685,1851,1900,1937,2121,2194,2403,2516,2652,2706,2961,3065,3135,3316,3418,3610,3723,3855,3999
136,0.2135,0.21233,0.12241,0.12839,12.62,158,305,451,575,670,842,1031,1166,1333,1431,1530,1686,1852,1900,1937,2121,2194,2403,2515,2652,2705,2961,3065,3134,3317,3417,3610,3723,3855,3999
137,0.21523,0.21404,0.12227,0.12825,12.68,158,305,451,575,669,841,1032,1167,1334,1431,1530,1687,1853,1900,1937,2121,2193,2403,2515,2652,2704,2961,3065,3133,3317,3417,3610,3722,3854,3999
138,0.21699,0.21581,0.12214,0.12811,12.76,158,305,451,575,668,841,1033,1168,1335,1432,1531,1688,1853,1900,1937,2120,2193,2403,2514,2652,2703,2961,3065,3133,3318,3416,3610,3722,3854,3999
139,0.21876,0.21765,0.122,0.12796,12.86,158,305,452,575,668,840,1033,1168,1335,1433,1531,1689,1854,1900,1936,2120,2192,2403,2514,2652,2703,2961,3065,3132,3318,3416,3611,3722,3854,3998
140,0.22056,0.21954,0.12186,0.1278,12.93,158,306,452,575,667,840,1034,1169,1336,1434,1531,1689,1855,1900,1936,2120,2191,2403,2513,2652,2702,2961,3065,3131,3319,3415,3611,3722,3853,3998
141,0.22237,0.22145,0.12172,0.12765,13.0,159,306,452,575,667,839,1035,1170,1337,1435,1532,1690,1856,1900,1936,2120,2191,2403,2512,2652,2701,2961,3065,3130,3319,3415,3611,3722,3853,3998
142,0.22419,0.22337,0.12157,0.12749,13.07,159,306,452,575,666,838,1036,1171,1338,1435,1532,1691,1857,1900,1936,2120,2190,2403,2511,2652,2700,2961,3065,3129,3320,3414,3611,3722,3853,3998
143,0.22605,0.22528,0.12143,0.12733,13.14,159,307,453,575,665,838,1036,1172,1339,1436,1532,1692,1858,1900,1936,2119,2190,2403,2511,2652,2700,2961,3065,3129,3320,3414,3611,3722,3852,3998
144,0.22792,0.22718,0.12128,0.12718,13.21,159,307,453,575,665,837,1037,1172,1340,1437,1533,1693,1858,1900,1936,2119,2189,2403,2510,2652,2699,2961,3065,3128,3321,3413,3611,3722,3852,3998
145,0.22982,0.22907,0.12113,0.12702,13.28,159,307,453,575,664,837,1038,1173,1341,1438,1533,1694,1859,1900,1936,2119,2189,2403,2509,2652,2698,2960,3065,3127,3321,3413,3611,3721,3852,3997
146,0.23173,0.23099,0.12098,0.12686,13.35,159,307,453,575,664,836,1039,1174,1342,1439,1533,1695,1860,1900,1936,2119,2188,2403,2508,2652,2697,2960,3065,3126,3322,3412,3612,3721,3851,3997
147,0.23366,0.23295,0.12083,0.1267,13.42,160,308,454,575,663,835,1039,1175,1342,1439,1534,1696,1861,1900,1936,2118,2188,2403,2507,2652,2697,2960,3065,3125,3322,3412,3612,3721,3851,3997
148,0.23561,0.23497,0.12068,0.12653,13.49,160,308,454,575,662,834,1040,1175,1343,1440,1534,1697,1862,1900,1936,2118,2187,2403,2507,2652,2696,2960,3066,3124,3323,3411,3612,3721,3850,3997
149,0.23759,0.23703,0.12052,0.12636,13.57,160,308,454,575,662,834,1041,1176,1344,1441,1535,1698,1862,1900,1936,2118,2187,2403,2506,2652,2695,2960,3066,3124,3323,3411,3612,3721,3850,3997
150,0.23958,0.23914,0.12036,0.12619,13.66,160,309,454,574,661,833,1042,1177,1345,1442,1535,1699,1863,1900,1936,2118,2186,2403,2505,2652,2694,2960,3066,3123,3324,3411,3612,3721,3850,3996
151,0.24159,0.24124,0.1202,0.12601,13.74,160,309,455,574,660,832,1042,1178,1346,1443,1535,1700,1864,1900,1936,2117,2186,2403,2504,2653,2693,2960,3066,3122,3324,3410,3612,3721,3849,3996
152,0.24363,0.24334,0.12004,0.12584,13.81,160,309,455,574,659,831,1043,1178,1347,1443,1536,1701,1865,1900,1936,2117,2186,2403,2503,2653,2693,2960,3066,3121,3325,3410,3612,3721,3849,3996
153,0.24569,0.24545,0.11988,0.12566,13.89,160,310,455,574,659,831,1044,1179,1348,1444,1536,1702,1865,1900,1936,2117,2185,2403,2502,2653,2692,2960,3066,3120,3326,3409,3613,3721,3849,3996
154,0.24777,0.24756,0.11971,0.12549,13.95,161,310,455,574,658,830,1045,1180,1349,1445,1536,1703,1866,1900,1936,2116,2185,2403,2501,2653,2691,2960,3066,3119,3326,3409,3613,3721,3848,3996
155,0.24986,0.2497,0.11954,0.12531,14.02,161,310,455,574,657,829,1046,1181,1349,1446,1537,1704,1867,1900,1936,2116,2185,2403,2500,2653,2690,2960,3066,3119,3327,3408,3613,3721,3848,3995
156,0.25198,0.25188,0.11938,0.12513,14.09,161,311,456,574,657,828,1046,1182,1350,1446,1537,1704,1867,1900,1936,2116,2184,2403,2499,2653,2689,2960,3066,3118,3327,3408,3613,3721,3847,3995
157,0.25411,0.2541,0.11921,0.12494,14.16,161,311,456,574,656,827,1047,1182,1351,1447,1538,1705,1868,1900,1936,2115,2184,2403,2497,2653,2688,2960,3067,3117,3328,3408,3613,3721,3847,3995
158,0.25626,0.25636,0.11903,0.12475,14.23,161,311,456,574,655,826,1048,1183,1352,1448,1538,1706,1869,1900,1936,2115,2184,2403,2496,2653,2688,2960,3067,3116,3329,3407,3613,3721,3846,3995
159,0.25842,0.25861,0.11886,0.12456,14.29,161,311,456,573,654,825,1049,1184,1353,1449,1538,1707,1869,1900,1936,2115,2183,2403,2495,2653,2687,2960,3067,3115,3329,3407,3613,3721,3846,3995
160,0.26059,0.26085,0.11869,0.12437,14.38,162,312,456,573,654,825,1050,1185,1354,1449,1539,1708,1870,1900,1936,2114,2183,2403,2494,2653,2686,2960,3067,3114,3330,3406,3613,3721,3846,3994
161,0.26276,0.26308,0.11851,0.12419,14.45,162,312,456,573,653,824,1050,1186,1355,1450,1539,1709,1870,1900,1936,2114,2183,2403,2493,2653,2685,2961,3067,3113,3331,3406,3613,3721,3845,3994
162,0.26493,0.26529,0.11834,0.124,14.52,162,312,457,573,652,823,1051,1186,1355,1451,1539,1710,1871,1900,1936,2114,2183,2403,2491,2653,2684,2961,3067,3113,3331,3406,3613,3721,3845,3994
163,0.26709,0.2675,0.11816,0.12381,14.59,162,313,457,573,651,822,1052,1187,1356,1451,1540,1711,1871,1900,1936,2113,2182,2403,2490,2653,2683,2961,3067,3112,3332,3405,3613,3721,3844,3994
164,0.26923,0.26969,0.11799,0.12363,14.66,162,313,457,572,651,821,1053,1188,1357,1452,1540,1712,1872,1900,1936,2113,2182,2403,2489,2653,2682,2961,3067,3111,3333,3405,3614,3721,3844,3994
165,0.27135,0.27188,0.11782,0.12344,14.74,162,313,457,572,650,820,1054,1189,1358,1453,1541,1713,1872,1900,1936,2112,2182,2403,2487,2653,2681,2961,3067,3110,3333,3405,3614,3721,3843,3994
166,0.27344,0.27404,0.11765,0.12326,14.8,163,314,457,572,649,819,1055,1189,1359,1453,1541,1714,1873,1900,1936,2112,2182,2403,2486,2653,2680,2961,3067,3109,3334,3404,3614,3721,3843,3993
167,0.2755,0.27616,0.11748,0.12308,14.88,163,314,457,572,648,818,1055,1190,1360,1454,1541,1715,1873,1900,1936,2111,2182,2403,2484,2653,2679,2961,3067,3108,3335,3404,3614,3721,3842,3993
168,0.27752,0.27824,0.11732,0.1229,14.95,163,314,458,572,648,817,1056,1191,1361,1455,1542,1716,1873,1900,1936,2111,2181,2403,2483,2653,2678,2961,3068,3107,3336,3404,3614,3721,3842,3993
169,0.27951,0.28027,0.11716,0.12273,15.02,163,315,458,571,647,816,1057,1192,1361,1455,1542,1717,1874,1900,1936,2110,2181,2403,2481,2653,2677,2961,3068,3107,3336,3403,3614,3721,3841,3993
170,0.28147,0.28227,0.117,0.12256,15.09,163,315,458,571,646,815,1058,1193,1362,1456,1543,1718,1874,1900,1936,2110,2181,2403,2480,2653,2676,2962,3068,3106,3337,3403,3614,3721,3841,3993
171,0.28339,0.28425,0.11684,0.12239,15.17,163,315,458,571,645,814,1059,1193,1363,1457,1543,1719,1874,1900,1936,2109,2181,2403,2478,2653,2675,2962,3068,3105,3338,3403,3614,3722,3840,3992
172,0.28529,0.28625,0.11669,0.12222,15.23,163,316,458,571,645,813,1060,1194,1364,1457,1543,1720,1875,1900,1936,2109,2181,2403,2477,2653,2674,2962,3068,3104,3339,3402,3614,3722,3840,3992
173,0.28715,0.2882,0.11654,0.12205,15.3,164,316,458,571,644,812,1061,1195,1365,1458,1544,1721,1875,1901,1936,2108,2181,2403,2475,2653,2673,2962,3068,3103,3339,3402,3614,3722,3839,3992
174,0.289,0.29007,0.11638,0.12189,15.37,164,316,459,570,643,811,1062,1196,1365,1458,1544,1721,1875,1901,1936,2108,2181,2403,2474,2653,2672,2962,3068,3102,3340,3402,3614,3722,3839,3992
175,0.29084,0.29193,0.11623,0.12173,15.43,164,317,459,570,642,810,1063,1196,1366,1459,1545,1722,1875,1901,1936,2107,2180,2402,2472,2653,2671,2963,3068,3101,3341,3401,3614,3722,3838,3992
176,0.29265,0.29378,0.11609,0.12157,15.49,164,317,459,570,641,809,1063,1197,1367,1459,1545,1723,1875,1901,1936,2106,2180,2402,2470,2653,2669,2963,3068,3100,3342,3401,3614,3722,3838,3991
177,0.29444,0.29561,0.11594,0.12142,15.58,164,317,459,570,641,808,1064,1198,1368,1460,1546,1724,1876,1901,1936,2105,2180,2402,2469,2653,2668,2963,3068,3100,3342,3401,3614,3722,3837,3991
178,0.29621,0.2974,0.11579,0.12126,15.65,164,318,459,569,640,807,1065,1199,1368,1461,1546,1725,1876,1901,1936,2105,2180,2402,2467,2653,2667,2964,3068,3099,3343,3401,3614,3723,3837,3991
179,0.29797,0.29922,0.11565,0.1211,15.72,165,318,459,569,639,806,1066,1200,1369,1461,1546,1726,1876,1901,1937,2104,2180,2402,2465,2653,2666,2964,3068,3098,3344,3400,3614,3723,3836,3991
180,0.29973,0.30106,0.1155,0.12094,15.78,165,318,459,569,639,805,1067,1200,1370,1462,1547,1727,1876,1901,1937,2103,2180,2402,2464,2653,2665,2964,3068,3097,3345,3400,3614,3723,3836,3991
181,0.30149,0.30296,0.11536,0.12078,15.86,165,319,460,569,638,804,1068,1201,1371,1462,1547,1728,1876,1901,1937,2102,2180,2402,2462,2653,2664,2965,3068,3096,3345,3400,3614,3723,3835,3990
182,0.30323,0.30486,0.11521,0.12062,15.92,165,319,460,568,637,803,1069,1202,1371,1463,1548,1729,1876,1901,1937,2101,2180,2402,2460,2653,2663,2965,3068,3095,3346,3400,3614,3723,3835,3990
183,0.30497,0.30671,0.11507,0.12045,15.99,165,319,460,568,636,802,1070,1202,1372,1463,1548,1730,1876,1901,1937,2100,2179,2402,2459,2653,2661,2966,3068,3095,3347,3400,3614,3723,3834,3990
184,0.30671,0.3085,0.11493,0.1203,16.05,165,320,460,568,636,801,1071,1203,1373,1464,1549,1731,1876,1902,1937,2099,2179,2402,2457,2653,2660,2966,3068,3094,3348,3399,3614,3724,3834,3990
185,0.30844,0.31028,0.11478,0.12014,16.12,166,320,460,568,635,800,1072,1204,1373,1464,1549,1731,1877,1902,1937,2098,2179,2402,2455,2652,2659,2967,3068,3093,3348,3399,3614,3724,3833,3990
186,0.31016,0.31205,0.11464,0.11999,16.21,166,320,460,568,634,799,1073,1205,1374,1465,1549,1732,1877,1902,1937,2097,2179,2401,2454,2652,2658,2967,3068,3092,3349,3399,3614,3724,3832,3989
187,0.31187,0.31382,0.1145,0.11984,16.28,166,321,460,567,634,798,1074,1205,1375,1465,1550,1733,1877,1902,1938,2096,2179,2401,2452,2652,2657,2968,3068,3091,3350,3399,3614,3724,3832,3989
188,0.31358,0.31562,0.11435,0.11968,16.34,166,321,460,567,633,797,1075,1206,1375,1466,1550,1734,1877,1902,1938,2095,2179,2401,2450,2652,2656,2968,3068,3090,3351,3398,3614,3724,3831,3989
189,0.31529,0.31739,0.11421,0.11952,16.41,166,321,461,567,632,796,1076,1207,1376,1466,1551,1735,1877,1902,1938,2093,2179,2401,2449,2652,2656,2969,3068,3090,3351,3398,3614,3725,3831,3989
190,0.31698,0.31915,0.11407,0.11937,16.48,166,322,461,567,631,795,1077,1208,1377,1466,1551,1736,1877,1902,1938,2092,2179,2401,2447,2652,2655,2969,3068,3089,3352,3398,3614,3725,3830,3989
191,0.31866,0.32086,0.11393,0.11922,16.55,167,322,461,567,631,795,1078,1208,1377,1467,1551,1737,1877,1902,1938,2091,2179,2400,2445,2652,2654,2970,3068,3088,3353,3398,3614,3725,3830,3988
192,0.32034,0.32254,0.11379,0.11907,16.63,167,322,461,566,630,794,1079,1209,1378,1467,1552,1738,1877,1903,1938,2089,2178,2400,2444,2652,2653,2970,3068,3087,3353,3398,3614,3725,3829,3988
193,0.322,0.32423,0.11365,0.11892,16.69,167,323,461,566,629,793,1080,1210,1379,1468,1552,1738,1877,1903,1938,2088,2178,2400,2442,2652,2652,2971,3068,3086,3354,3398,3613,3726,3829,3988
194,0.32366,0.32592,0.11351,0.11877,16.77,167,323,461,566,629,792,1081,1210,1379,1468,1553,1739,1877,1903,1939,2086,2178,2400,2440,2652,2652,2972,3069,3086,3355,3397,3613,3726,3828,3988
195,0.32532,0.32764,0.11337,0.11862,16.87,167,323,461,566,628,791,1082,1211,1380,1469,1553,1740,1877,1903,1939,2084,2178,2400,2439,2652,2651,2972,3069,3085,3356,3397,3613,3726,3828,3988
196,0.32699,0.32936,0.11323,0.11847,16.94,167,324,461,565,627,790,1083,1212,1381,1469,1554,1741,1877,1903,1939,2082,2178,2400,2437,2652,2651,2973,3069,3084,3356,3397,3613,3726,3828,3987
197,0.32865,0.33108,0.11309,0.11832,17.01,168,324,462,565,627,790,1084,1212,1381,1469,1554,1742,1877,1903,1939,2080,2178,2400,2436,2652,2650,2973,3069,3083,3357,3397,3613,3726,3827,3987
198,0.33032,0.33276,0.11295,0.11817,17.08,168,324,462,565,626,789,1085,1213,1382,1470,1554,1743,1877,1903,1939,2078,2178,2399,2434,2652,2650,2974,3069,3083,3358,3397,3613,3727,3827,3987
199,0.33201,0.33441,0.11281,0.11802,17.16,168,325,462,565,625,788,1086,1214,1382,1470,1555,1743,1877,1903,1940,2076,2178,2399,2432,2652,2649,2975,3069,3082,3358,3397,3613,3727,3826,3987
200,0.33372,0.33603,0.11266,0.11788,17.22,168,325,462,565,625,787,1087,1214,1383,1471,1555,1744,1877,1904,1940,2074,2178,2399,2431,2652,2649,2975,3069,3081,3359,3397,3613,3727,3826,3987
201,0.33551,0.33771,0.11251,0.11773,17.3,168,325,462,564,624,787,1088,1215,1384,1471,1556,1745,1876,1904,1940,2072,2178,2399,2429,2652,2648,2976,3070,3081,3360,3397,3613,3727,3825,3986
202,0.33736,0.33949,0.11236,0.11757,17.39,168,326,462,564,623,786,1089,1216,1384,1471,1556,1746,1876,1904,1940,2069,2177,2399,2428,2652,2648,2977,3070,3080,3361,3397,3613,3728,3825,3986
203,0.33933,0.34137,0.11219,0.1174,17.46,169,326,462,564,623,785,1090,1216,1385,1472,1556,1747,1876,1904,1941,2067,2177,2399,2426,2652,2648,2978,3070,3079,3361,3397,3613,3728,3825,3986
204,0.34157,0.34351,0.112,0.11721,17.52,169,326,462,564,622,785,1091,1217,1386,1472,1557,1748,1876,1904,1941,2064,2177,2398,2425,2652,2648,2978,3070,3079,3362,3397,3613,3728,3824,3986
205,0.34417,0.34609,0.11178,0.11698,17.59,169,327,462,563,622,784,1092,1218,1386,1472,1557,1748,1876,1904,1941,2062,2177,2398,2423,2652,2647,2979,3070,3078,3363,3397,3613,3728,3824,3986
206,0.34725,0.3492,0.11152,0.11671,17.67,169,327,462,563,621,783,1093,1218,1387,1473,1558,1749,1875,1905,1941,2059,2177,2398,2422,2652,2647,2980,3070,3077,3363,3396,3613,3729,3823,3985
207,0.3508,0.35307,0.11121,0.11636,17.75,169,327,462,563,620,782,1094,1219,1387,1473,1558,1750,1875,1905,1942,2056,2178,2398,2421,2652,2647,2981,3070,3077,3364,3396,3613,3729,3823,3985
208,0.35463,0.35728,0.11088,0.11598,17.81,169,328,463,563,620,782,1096,1220,1388,1473,1558,1751,1875,1905,1942,2053,2178,2398,2419,2652,2646,2982,3070,3076,3365,3396,3613,3729,3823,3985
209,0.35833,0.36102,0.11057,0.11564,17.89,170,328,463,562,619,781,1097,1220,1389,1473,1559,1752,1874,1905,1942,2050,2178,2397,2418,2652,2646,2983,3070,3076,3365,3396,3613,3729,3822,3985
210,0.36195,0.36421,0.11025,0.11535,17.97,170,328,463,562,618,780,1098,1221,1389,1474,1559,1752,1874,1905,1943,2047,2178,2397,2416,2652,2646,2983,3070,3075,3366,3396,3613,3730,3822,3985
211,0.36554,0.36715,0.10994,0.11508,18.03,170,329,463,562,618,780,1099,1222,1390,1474,1559,1753,1873,1905,1943,2044,2178,2397,2415,2652,2646,2984,3070,3075,3367,3396,3613,3730,3822,3984
212,0.36902,0.37017,0.10964,0.11481,18.11,170,329,463,562,617,779,1100,1222,1390,1474,1560,1754,1872,1906,1943,2041,2178,2397,2414,2652,2646,2985,3070,3074,3368,3396,3613,3730,3821,3984
213,0.37263,0.37402,0.10933,0.11446,18.17,170,329,463,561,616,778,1101,1223,1391,1474,1560,1755,1872,1906,1944,2038,2178,2397,2412,2652,2645,2986,3070,3074,3368,3396,3614,3731,3821,3984
214,0.37628,0.37838,0.10901,0.11406,18.24,170,330,463,561,615,777,1102,1224,1392,1475,1561,1756,1871,1906,1944,2035,2178,2397,2411,2652,2645,2987,3070,3073,3369,3396,3614,3731,3821,3984
215,0.37984,0.38259,0.1087,0.11367,18.3,171,330,463,561,615,777,1103,1224,1392,1475,1561,1757,1871,1906,1944,2032,2178,2396,2410,2652,2645,2988,3070,3073,3370,3396,3614,3731,3821,3984
216,0.38348,0.38639,0.10838,0.11332,18.36,171,330,463,560,614,776,1104,1225,1393,1475,1561,1757,1870,1906,1945,2029,2178,2396,2408,2652,2645,2989,3070,3073,3371,3396,3614,3731,3820,3983
217,0.38713,0.38982,0.10806,0.113,18.43,171,331,463,560,613,775,1105,1225,1394,1475,1562,1758,1870,1907,1945,2026,2178,2396,2407,2652,2645,2990,3070,3072,3371,3396,3614,3732,3820,3983
218,0.3907,0.3932,0.10774,0.11269,18.5,171,331,463,560,613,774,1106,1226,1394,1475,1562,1759,1869,1907,1946,2023,2178,2396,2406,2652,2645,2991,3070,3072,3372,3396,3614,3732,3820,3983
219,0.39434,0.39698,0.10742,0.11234,18.57,171,331,463,559,612,774,1107,1227,1395,1475,1562,1760,1868,1907,1946,2020,2178,2396,2405,2652,2645,2992,3069,3072,3373,3396,3614,3732,3819,3983
220,0.39798,0.40092,0.10709,0.11197,18.64,171,332,463,559,611,773,1108,1227,1396,1475,1563,1761,1867,1907,1947,2018,2178,2396,2404,2652,2645,2993,3069,3071,3374,3396,3614,3733,3819,3983
221,0.40157,0.40457,0.10677,0.11163,18.71,172,332,463,559,610,772,1109,1228,1396,1476,1563,1762,1867,1907,1947,2015,2178,2396,2402,2652,2645,2994,3069,3071,3375,3396,3614,3733,3819,3982
222,0.40524,0.4078,0.10645,0.11133,18.77,172,332,463,558,610,771,1110,1228,1397,1476,1563,1763,1866,1907,1948,2013,2178,2395,2401,2652,2645,2995,3069,3071,3375,3396,3615,3733,3819,3982
223,0.40888,0.41083,0.10612,0.11104,18.84,172,333,463,558,609,771,1111,1229,1398,1476,1563,1764,1865,1908,1949,2012,2178,2395,2400,2652,2645,2996,3070,3070,3376,3396,3615,3734,3818,3982
224,0.41251,0.41419,0.10579,0.11072,18.91,172,333,463,557,608,770,1112,1230,1398,1476,1564,1764,1864,1908,1949,2010,2178,2395,2399,2652,2645,2997,3070,3070,3377,3396,3615,3734,3818,3982
225,0.41622,0.4181,0.10546,0.11035,18.98,172,333,463,557,607,769,1113,1230,1399,1476,1564,1765,1863,1908,1950,2009,2178,2395,2398,2652,2645,2997,3070,3070,3378,3396,3615,3734,3818,3982
226,0.41988,0.42223,0.10513,0.10996,19.05,172,334,463,556,607,768,1115,1231,1400,1476,1564,1766,1863,1908,1951,2008,2177,2395,2397,2652,2645,2998,3070,3070,3379,3396,3615,3735,3818,3981
227,0.42366,0.42593,0.10479,0.10961,19.14,173,334,463,556,606,768,1116,1231,1399,1475,1564,1767,1862,1908,1952,2008,2177,2395,2395,2652,2645,2999,3069,3069,3380,3397,3615,3735,3818,3981
228,0.42742,0.42952,0.10444,0.10927,19.21,173,334,463,555,605,767,1117,1232,1398,1475,1565,1768,1861,1908,1952,2007,2177,2395,2394,2652,2645,3000,3069,3069,3381,3397,3615,3735,3817,3981
229,0.43117,0.43322,0.1041,0.10891,19.28,173,335,463,555,604,766,1118,1233,1398,1475,1565,1769,1861,1909,1953,2007,2177,2396,2393,2652,2646,3000,3069,3069,3382,3397,3615,3736,3817,3981
230,0.43498,0.43722,0.10375,0.10853,19.34,173,335,463,554,604,765,1119,1233,1398,1475,1565,1770,1860,1909,1954,2007,2177,2396,2392,2652,2646,3001,3069,3069,3383,3397,3615,3736,3817,3981
231,0.43879,0.4413,0.1034,0.10813,19.42,173,336,463,554,603,764,1120,1234,1397,1475,1565,1771,1859,1909,1955,2007,2177,2396,2391,2653,2646,3002,3069,3069,3384,3397,3615,3737,3817,3980
232,0.44262,0.44517,0.10305,0.10776,19.49,173,336,463,553,602,763,1121,1234,1397,1475,1565,1772,1859,1909,1956,2008,2177,2396,2390,2653,2646,3002,3069,3069,3385,3398,3615,3737,3817,3980
233,0.44649,0.4488,0.10269,0.1074,19.55,174,336,463,553,601,763,1122,1235,1397,1475,1566,1773,1858,1909,1958,2008,2176,2396,2389,2653,2646,3003,3069,3068,3386,3398,3615,3737,3816,3980
234,0.45037,0.45241,0.10233,0.10705,19.62,174,337,463,552,600,762,1123,1235,1397,1475,1566,1774,1857,1910,1959,2009,2176,2396,2388,2653,2646,3003,3069,3068,3387,3398,3615,3738,3816,3980
235,0.45427,0.45627,0.10196,0.10667,19.7,174,337,463,552,600,761,1124,1236,1397,1475,1566,1775,1857,1910,1960,2010,2176,2396,2387,2653,2646,3004,3069,3068,3388,3399,3615,3738,3816,3980
236,0.45818,0.46031,0.1016,0.10628,19.77,174,337,463,551,599,760,1125,1236,1397,1474,1566,1776,1856,1910,1961,2010,2176,2396,2386,2654,2647,3004,3069,3068,3389,3399,3615,3739,3816,3979
237,0.46209,0.46429,0.10123,0.10588,19.85,174,338,463,550,598,759,1126,1237,1397,1474,1566,1777,1856,1910,1963,2011,2175,2396,2385,2654,2647,3004,3069,3068,3390,3400,3615,3739,3816,3979
238,0.46603,0.4681,0.10086,0.10551,19.92,174,338,463,550,597,758,1127,1237,1397,1474,1566,1778,1855,1910,1964,2012,2175,2396,2384,2654,2647,3004,3069,3068,3391,3400,3615,3740,3816,3979
239,0.46997,0.47198,0.10049,0.10512,19.99,175,338,463,549,596,757,1128,1238,1397,1474,1566,1779,1854,1910,1966,2013,2175,2397,2383,2654,2647,3004,3069,3068,3392,3400,3615,3740,3816,3979
240,0.47393,0.47613,0.10011,0.10471,20.06,175,339,463,549,595,756,1129,1238,1397,1474,1566,1781,1854,1911,1967,2014,2174,2397,2382,2654,2647,3005,3069,3068,3393,3401,3615,3740,3815,3978
241,0.47787,0.48034,0.09974,0.10429,20.14,175,339,462,548,595,755,1130,1239,1398,1473,1566,1782,1853,1911,1969,2015,2174,2397,2381,2655,2647,3005,3069,3068,3394,3401,3615,3741,3815,3978
242,0.48182,0.48432,0.09936,0.10389,20.21,175,339,462,547,594,755,1131,1240,1398,1473,1566,1783,1853,1911,1970,2016,2173,2397,2380,2655,2647,3005,3069,3068,3395,3402,3615,3741,3815,3978
243,0.48577,0.48816,0.09898,0.1035,20.29,175,340,462,547,593,754,1132,1240,1398,1473,1567,1784,1852,1911,1972,2017,2173,2397,2379,2655,2648,3005,3069,3068,3397,3402,3615,3742,3815,3978
244,0.48973,0.49207,0.0986,0.1031,20.36,176,340,462,546,592,753,1133,1241,1398,1473,1567,1785,1852,1911,1974,2018,2173,2397,2378,2654,2648,3005,3069,3068,3398,3403,3615,3742,3815,3978
245,0.49368,0.4961,0.09821,0.10269,20.43,176,341,462,546,591,752,1134,1241,1398,1472,1567,1786,1851,1911,1976,2019,2172,2397,2377,2654,2648,3004,3069,3068,3399,3403,3615,3743,3815,3977
246,0.49764,0.50003,0.09783,0.10229,20.51,176,341,462,545,590,751,1135,1241,1398,1472,1566,1787,1851,1911,1978,2019,2172,2397,2376,2654,2648,3004,3069,3068,3400,3404,3615,3743,3815,3977
247,0.50161,0.50373,0.09744,0.10191,20.58,176,341,462,544,590,750,1136,1242,1399,1472,1566,1788,1850,1912,1980,2020,2171,2397,2375,2654,2648,3004,3069,3068,3401,3404,3615,3744,3815,3977
248,0.50556,0.50756,0.09705,0.10152,20.65,176,342,462,544,589,749,1137,1242,1399,1471,1566,1789,1850,1912,1982,2020,2171,2397,2374,2654,2648,3004,3069,3068,3402,3405,3615,3744,3814,3977
249,0.50952,0.51158,0.09667,0.1011,20.73,176,342,462,543,588,748,1138,1243,1399,1471,1566,1790,1849,1912,1984,2021,2170,2397,2373,2654,2649,3004,3069,3068,3403,3405,3615,3744,3814,3977
250,0.51348,0.51553,0.09627,0.10069,20.8,177,342,461,542,587,747,1139,1243,1399,1470,1566,1791,1849,1912,1986,2021,2169,2397,2372,2654,2649,3004,3069,3068,3404,3406,3615,3745,3814,3976
251,0.51744,0.5195,0.09588,0.10028,20.88,177,343,461,542,586,747,1140,1244,1398,1470,1566,1792,1849,1912,1988,2021,2169,2397,2371,2654,2649,3004,3069,3068,3405,3406,3615,3745,3814,3976
252,0.52138,0.52347,0.09549,0.09986,20.95,177,343,461,541,585,746,1141,1244,1398,1469,1566,1793,1848,1912,1991,2021,2168,2397,2370,2654,2649,3004,3069,3068,3406,3407,3615,3746,3814,3976
253,0.52533,0.52747,0.09509,0.09944,21.03,177,344,461,541,585,745,1142,1244,1399,1469,1566,1794,1848,1912,1993,2020,2168,2397,2369,2654,2650,3003,3069,3068,3407,3408,3615,3746,3814,3976
254,0.52928,0.53147,0.0947,0.09902,21.12,177,344,461,540,584,744,1143,1245,1399,1468,1566,1795,1847,1913,1995,2020,2167,2397,2368,2654,2650,3003,3069,3068,3408,3408,3615,3747,3814,3975
255,0.5332,0.53539,0.0943,0.09861,21.18,177,344,461,539,583,743,1144,1245,1399,1467,1565,1796,1847,1913,1998,2020,2166,2397,2367,2654,2650,3003,3069,3068,3409,3409,3615,3747,3814,3975
256,0.53712,0.53916,0.09391,0.09821,21.26,178,345,460,539,582,742,1144,1245,1399,1467,1565,1797,1847,1913,2000,2019,2166,2397,2366,2654,2651,3003,3069,3068,3410,3409,3615,3748,3814,3975
257,0.54102,0.54298,0.09351,0.0978,21.34,178,345,460,538,581,741,1145,1245,1399,1466,1565,1798,1846,1913,2003,2019,2165,2397,2365,2654,2651,3003,3070,3068,3411,3410,3615,3748,3814,3975
258,0.54491,0.54686,0.09311,0.09738,21.41,178,345,460,537,581,741,1146,1246,1399,1465,1565,1799,1846,1913,2005,2019,2164,2397,2364,2654,2651,3003,3070,3068,3412,3411,3615,3748,3814,3975
259,0.54879,0.55063,0.09272,0.09698,21.48,178,346,460,537,580,740,1147,1246,1399,1465,1564,1800,1845,1913,2007,2018,2164,2396,2364,2654,2651,3003,3070,3068,3413,3411,3615,3749,3814,3974
260,0.55263,0.55435,0.09232,0.09657,21.56,178,346,460,536,579,739,1148,1246,1399,1464,1564,1801,1845,1914,2010,2018,2163,2396,2363,2654,2651,3003,3070,3068,3414,3412,3615,3749,3814,3974
261,0.55646,0.55819,0.09192,0.09616,21.63,178,347,460,536,578,738,1149,1246,1399,1463,1564,1802,1845,1914,2012,2017,2162,2396,2362,2654,2652,3003,3070,3068,3415,3412,3615,3750,3814,3974
262,0.56027,0.56197,0.09153,0.09575,21.69,179,347,460,535,577,737,1149,1246,1399,1462,1563,1802,1844,1914,2015,2017,2161,2396,2361,2654,2652,3003,3070,3068,3415,3413,3615,3750,3814,3974
263,0.56405,0.56569,0.09113,0.09534,21.76,179,347,459,535,577,737,1150,1247,1399,1461,1563,1803,1844,1914,2017,2017,2161,2396,2360,2654,2652,3003,3070,3068,3416,3414,3615,3751,3814,3973
264,0.56779,0.56936,0.09074,0.09493,21.83,179,348,459,534,576,736,1151,1247,1399,1460,1563,1804,1844,1914,2019,2017,2160,2396,2359,2654,2652,3003,3070,3068,3417,3414,3615,3751,3814,3973
265,0.5715,0.57303,0.09035,0.09453,21.91,179,348,459,533,575,735,1152,1247,1399,1460,1562,1805,1843,1914,2021,2017,2159,2396,2358,2654,2653,3003,3069,3068,3418,3415,3615,3751,3813,3973
266,0.57518,0.57663,0.08996,0.09413,21.99,179,348,459,533,574,734,1152,1247,1399,1459,1562,1806,1843,1914,2022,2017,2158,2396,2357,2654,2653,3003,3069,3068,3419,3415,3615,3752,3813,3973
267,0.57883,0.58016,0.08958,0.09374,22.06,180,349,459,532,574,734,1153,1247,1399,1458,1561,1807,1843,1915,2024,2017,2157,2396,2356,2654,2653,3004,3069,3068,3419,3416,3615,3752,3813,3973
268,0.58246,0.58365,0.08919,0.09335,22.13,180,349,459,532,573,733,1154,1247,1399,1457,1561,1808,1842,1915,2025,2017,2157,2396,2355,2654,2653,3004,3069,3068,3420,3417,3615,3753,3813,3972
269,0.58607,0.58721,0.0888,0.09295,22.2,180,350,458,531,572,732,1155,1247,1399,1455,1561,1809,1842,1915,2025,2018,2156,2396,2354,2654,2653,3004,3069,3068,3421,3417,3615,3753,3813,3972
270,0.58966,0.59071,0.08842,0.09255,22.27,180,350,458,531,572,732,1155,1247,1399,1454,1560,1810,1842,1915,2026,2018,2155,2396,2353,2654,2654,3004,3069,3068,3422,3418,3615,3753,3813,3972
271,0.59325,0.59415,0.08803,0.09216,22.33,180,350,458,530,571,731,1156,1247,1399,1453,1559,1810,1841,1915,2026,2018,2154,2397,2353,2654,2654,3004,3069,3068,3423,3419,3615,3754,3813,3972
272,0.59681,0.59768,0.08764,0.09176,22.4,180,351,458,529,570,730,1157,1246,1399,1452,1559,1811,1841,1915,2025,2018,2153,2397,2352,2654,2654,3004,3069,3068,3423,3419,3615,3754,3813,3971
273,0.60036,0.60115,0.08726,0.09136,22.47,181,351,458,529,569,730,1157,1246,1399,1451,1558,1812,1841,1915,2024,2019,2152,2397,2351,2654,2654,3004,3069,3068,3424,3420,3615,3754,3813,3971
274,0.60387,0.60451,0.08687,0.09098,22.55,181,352,458,528,569,729,1158,1246,1399,1450,1558,1813,1841,1916,2024,2019,2151,2397,2350,2654,2654,3005,3068,3068,3425,3420,3615,3755,3813,3971
275,0.60736,0.60787,0.08649,0.09059,22.62,181,352,457,528,568,728,1159,1246,1399,1448,1557,1814,1841,1916,2023,2019,2150,2397,2349,2654,2654,3005,3068,3068,3426,3421,3615,3755,3813,3971
276,0.61082,0.61121,0.08611,0.0902,22.7,181,352,457,527,567,728,1159,1246,1399,1447,1557,1815,1840,1916,2022,2019,2149,2397,2348,2654,2654,3005,3068,3068,3426,3422,3615,3756,3813,3970
277,0.61424,0.61447,0.08573,0.08982,22.78,181,353,457,527,567,727,1160,1246,1399,1446,1556,1816,1840,1916,2021,2019,2148,2397,2347,2654,2654,3005,3068,3068,3427,3422,3615,3756,3813,3970
278,0.61762,0.61775,0.08535,0.08944,22.85,182,353,457,526,566,727,1160,1245,1399,1444,1555,1817,1840,1916,2020,2019,2147,2397,2346,2654,2654,3005,3068,3068,3428,3423,3615,3756,3813,3970
279,0.62097,0.62099,0.08498,0.08906,22.92,182,353,457,526,565,726,1161,1245,1399,1443,1555,1817,1840,1916,2019,2019,2145,2397,2346,2654,2654,3005,3068,3068,3429,3423,3615,3757,3813,3970
280,0.62429,0.62424,0.0846,0.08868,23.01,182,354,457,525,565,726,1161,1245,1399,1442,1554,1818,1840,1916,2018,2019,2144,2397,2345,2654,2654,3005,3068,3068,3430,3424,3615,3757,3813,3969
281,0.62758,0.62744,0.08423,0.0883,23.09,182,354,456,525,564,725,1162,1245,1399,1440,1554,1819,1840,1917,2018,2019,2143,2397,2344,2654,2654,3005,3068,3068,3430,3425,3615,3757,3813,3969
282,0.63083,0.63058,0.08386,0.08793,23.16,182,355,456,524,563,725,1163,1244,1399,1439,1553,1820,1839,1917,2017,2019,2142,2397,2343,2654,2654,3005,3068,3068,3431,3425,3615,3758,3813,3969
283,0.63405,0.63372,0.0835,0.08755,23.23,182,355,456,524,563,724,1163,1244,1399,1438,1552,1821,1839,1917,2017,2019,2141,2397,2342,2654,2654,3006,3068,3068,3432,3426,3615,3758,3813,3969
284,0.63724,0.63677,0.08313,0.08719,23.29,183,355,456,523,562,724,1164,1244,1399,1436,1551,1822,1839,1917,2017,2019,2139,2397,2342,2654,2654,3006,3068,3068,3433,3427,3615,3758,3813,3969
285,0.64039,0.63979,0.08277,0.08682,23.35,183,356,456,523,561,723,1164,1243,1399,1435,1551,1823,1839,1917,2017,2019,2138,2397,2341,2654,2654,3006,3068,3068,3434,3427,3615,3759,3813,3968
286,0.6435,0.6428,0.08241,0.08646,23.42,183,356,456,522,561,723,1165,1243,1399,1434,1550,1823,1839,1917,2017,2019,2137,2397,2340,2654,2654,3006,3068,3068,3435,3428,3615,3759,3813,3968
287,0.64658,0.64575,0.08206,0.0861,23.49,183,356,455,522,560,722,1165,1243,1399,1432,1549,1824,1840,1917,2017,2019,2136,2396,2339,2654,2654,3006,3068,3067,3436,3429,3615,3759,3813,3968
288,0.64963,0.64869,0.0817,0.08575,23.57,183,357,455,522,560,722,1166,1242,1399,1431,1549,1825,1840,1917,2018,2019,2134,2396,2338,2654,2654,3006,3068,3067,3437,3429,3615,3759,3813,3968
289,0.65265,0.65158,0.08135,0.08539,23.64,183,357,455,521,559,721,1166,1242,1399,1430,1548,1826,1840,1918,2018,2019,2133,2396,2338,2654,2654,3006,3068,3067,3437,3430,3615,3760,3813,3967
290,0.65562,0.65441,0.081,0.08504,23.71,184,358,455,521,558,721,1167,1242,1399,1428,1547,1827,1840,1918,2019,2019,2132,2396,2337,2654,2654,3006,3068,3067,3438,3431,3615,3760,3813,3967
291,0.65855,0.65721,0.08065,0.0847,23.78,184,358,455,520,558,721,1167,1241,1399,1427,1546,1828,1840,1918,2019,2019,2130,2396,2336,2654,2654,3006,3068,3067,3439,3432,3615,3760,3813,3967
292,0.66146,0.65998,0.08031,0.08436,23.85,184,358,454,520,557,720,1167,1241,1399,1426,1546,1829,1840,1918,2020,2019,2129,2396,2335,2654,2654,3006,3068,3067,3440,3432,3615,3761,3813,3967
293,0.66432,0.66269,0.07997,0.08402,23.94,184,359,454,519,557,720,1168,1241,1399,1424,1545,1829,1840,1918,2020,2019,2128,2396,2335,2654,2654,3006,3068,3067,3441,3433,3615,3761,3813,3966
294,0.66713,0.6654,0.07963,0.08368,24.0,184,359,454,519,556,719,1168,1240,1399,1423,1544,1830,1840,1918,2021,2019,2126,2397,2334,2654,2654,3006,3068,3067,3442,3434,3615,3761,3813,3966
295,0.66991,0.66803,0.0793,0.08335,24.06,185,359,454,518,555,719,1169,1240,1399,1422,1543,1831,1840,1918,2021,2019,2125,2397,2333,2654,2654,3006,3067,3067,3443,3434,3615,3761,3813,3966
296,0.67264,0.67068,0.07897,0.08302,24.12,185,360,454,518,555,719,1169,1240,1399,1421,1543,1832,1840,1918,2021,2019,2124,2397,2333,2654,2654,3006,3067,3067,3444,3435,3615,3762,3813,3965
297,0.67534,0.67327,0.07865,0.08269,24.19,185,360,454,518,554,718,1169,1239,1399,1419,1542,1833,1840,1919,2021,2019,2123,2397,2332,2654,2654,3006,3067,3067,3444,3436,3615,3762,3813,3965
298,0.678,0.67583,0.07832,0.08237,24.26,185,361,453,517,554,718,1170,1239,1399,1418,1541,1834,1840,1919,2022,2019,2122,2397,2332,2654,2654,3006,3067,3067,3445,3437,3615,3762,3813,3965
299,0.68062,0.67836,0.078,0.08205,24.33,185,361,453,517,553,718,1170,1238,1399,1417,1540,1835,1841,1919,2021,2019,2120,2397,2331,2654,2654,3006,3067,3067,3446,3437,3615,3762,3813,3965
300,0.68319,0.6808,0.07769,0.08173,24.41,185,361,453,517,553,718,1171,1238,1399,1416,1539,1836,1841,1919,2021,2020,2119,2397,2330,2654,2654,3006,3067,3067,3447,3438,3615,3762,3813,3964
301,0.68573,0.68326,0.07738,0.08142,24.49,186,362,453,516,552,717,1171,1237,1399,1415,1539,1837,1841,1919,2021,2020,2118,2397,2330,2654,2654,3006,3066,3066,3447,3439,3615,3763,3813,3964
302,0.68822,0.68558,0.07707,0.08112,24.56,186,362,453,516,552,717,1171,1237,1399,1414,1538,1837,1841,1920,2021,2020,2117,2397,2329,2654,2654,3006,3066,3066,3448,3440,3615,3763,3813,3964
303,0.69068,0.68792,0.07677,0.08082,24.64,186,362,453,516,551,717,1172,1237,1399,1413,1537,1838,1841,1920,2021,2020,2116,2397,2329,2654,2654,3006,3066,3066,3449,3440,3615,3763,3813,3964
304,0.69309,0.69025,0.07647,0.08051,24.7,186,363,453,515,551,717,1172,1236,1399,1412,1536,1839,1842,1920,2020,2020,2115,2397,2328,2654,2654,3006,3066,3066,3450,3441,3615,3763,3813,3963
305,0.69546,0.69247,0.07617,0.08023,24.77,186,363,453,515,550,717,1172,1236,1399,1411,1535,1840,1842,1920,2020,2020,2113,2397,2328,2654,2654,3006,3065,3066,3450,3442,3615,3764,3813,3963
306,0.69779,0.69474,0.07588,0.07993,24.84,187,364,452,515,550,716,1173,1235,1399,1410,1535,1841,1842,1920,2020,2020,2112,2397,2327,2654,2654,3006,3065,3066,3451,3442,3615,3764,3813,3963
307,0.70008,0.6969,0.07559,0.07964,24.9,187,364,452,514,549,716,1173,1235,1399,1409,1534,1842,1843,1920,2020,2020,2111,2397,2327,2654,2654,3006,3065,3066,3451,3443,3615,3764,3813,3963
308,0.70233,0.69899,0.07531,0.07937,24.98,187,364,452,514,549,716,1173,1234,1399,1408,1533,1843,1843,1921,2020,2020,2110,2397,2326,2654,2654,3006,3065,3066,3452,3444,3615,3764,3813,3962
309,0.70454,0.70115,0.07503,0.07908,25.05,187,365,452,514,549,716,1173,1234,1399,1407,1532,1844,1843,1921,2020,2020,2109,2397,2326,2654,2654,3006,3065,3065,3452,3444,3615,3764,3813,3962
310,0.70672,0.70313,0.07475,0.07882,25.11,187,365,452,513,548,716,1174,1233,1399,1406,1532,1845,1844,1921,2020,2020,2108,2397,2325,2654,2654,3006,3064,3065,3453,3445,3615,3765,3813,3962
311,0.70885,0.70521,0.07448,0.07855,25.19,187,365,452,513,548,716,1174,1233,1399,1405,1531,1846,1844,1921,2020,2020,2106,2397,2325,2654,2654,3007,3064,3065,3453,3446,3615,3765,3813,3961
312,0.71095,0.70714,0.07421,0.07829,25.26,188,366,452,513,547,716,1174,1232,1399,1404,1530,1847,1844,1921,2020,2020,2105,2397,2324,2654,2654,3007,3064,3065,3453,3446,3615,3765,3813,3961
313,0.71301,0.70913,0.07394,0.07802,25.33,188,366,452,512,547,716,1174,1232,1399,1403,1529,1848,1845,1922,2020,2020,2104,2397,2324,2654,2654,3007,3064,3065,3454,3447,3615,3765,3813,3961
314,0.71504,0.71099,0.07368,0.07777,25.41,188,366,452,512,546,716,1174,1231,1399,1401,1528,1849,1845,1922,2020,2020,2103,2397,2323,2654,2654,3007,3064,3064,3454,3448,3615,3765,3813,3961
315,0.71702,0.71283,0.07342,0.07752,25.49,188,367,452,512,546,716,1175,1230,1399,1400,1528,1850,1846,1922,2020,2020,2101,2397,2323,2654,2654,3007,3064,3064,3454,3448,3615,3765,3813,3960
316,0.71902,0.7142,0.07316,0.07734,25.56,188,367,452,512,546,716,1175,1230,1399,1399,1527,1850,1846,1922,2020,2020,2100,2397,2323,2654,2654,3007,3064,3064,3454,3449,3615,3766,3813,3960
317,0.72064,0.71671,0.07295,0.077,25.63,189,367,451,511,545,716,1175,1230,1399,1397,1526,1851,1847,1923,2020,2020,2098,2397,2322,2654,2654,3007,3063,3064,3455,3449,3615,3766,3813,3960
318,0.72216,0.71686,0.07275,0.07698,25.69,189,368,451,511,545,716,1175,1229,1399,1396,1525,1852,1847,1923,2021,2020,2097,2397,2322,2654,2654,3007,3063,3064,3455,3450,3615,3766,3813,3960
319,0.72425,0.7204,0.07248,0.0765,25.78,189,368,451,511,545,716,1175,1228,1398,1395,1525,1853,1848,1923,2021,2020,2095,2397,2322,2654,2654,3007,3063,3063,3455,3450,3615,3766,3813,3959
320,0.7262,0.72173,0.07222,0.07631,25.85,189,368,451,511,544,716,1176,1228,1399,1394,1524,1854,1848,1923,2021,2020,2093,2397,2321,2654,2654,3007,3063,3063,3455,3451,3615,3766,3813,3959
321,0.72759,0.72229,0.07204,0.07624,25.92,189,369,451,510,544,716,1176,1227,1399,1393,1523,1855,1849,1924,2021,2020,2091,2397,2321,2654,2654,3007,3063,3063,3455,3451,3615,3766,3813,3959
322,0.72902,0.72486,0.07185,0.07588,25.98,189,369,451,510,544,716,1176,1227,1400,1392,1523,1856,1849,1924,2021,2020,2089,2397,2321,2654,2654,3007,3063,3063,3455,3451,3615,3766,3813,3958
323,0.73085,0.72498,0.07161,0.07587,26.05,190,370,451,510,543,716,1176,1226,1399,1392,1522,1857,1850,1924,2021,2020,2087,2397,2321,2654,2654,3007,3063,3063,3455,3452,3615,3766,3813,3958
324,0.73257,0.727,0.07138,0.07559,26.11,190,370,451,510,543,716,1176,1226,1398,1391,1521,1858,1850,1924,2021,2020,2085,2397,2320,2654,2654,3007,3062,3062,3455,3452,3615,3767,3813,3958
325,0.73396,0.72867,0.07119,0.07536,26.18,190,370,451,510,543,716,1177,1225,1397,1391,1520,1859,1851,1925,2021,2020,2083,2397,2320,2654,2654,3007,3062,3062,3455,3452,3615,3767,3813,3958
326,0.73545,0.72949,0.07099,0.07524,26.26,190,371,451,509,542,716,1177,1225,1396,1390,1520,1860,1851,1925,2021,2020,2080,2397,2320,2654,2654,3007,3062,3062,3455,3453,3615,3767,3812,3957
327,0.73701,0.73149,0.07078,0.07496,26.33,190,371,451,509,542,716,1177,1224,1396,1390,1519,1861,1852,1925,2020,2020,2078,2397,2320,2654,2654,3007,3062,3062,3455,3453,3615,3767,3812,3957
328,0.73832,0.73319,0.07061,0.07473,26.4,191,371,451,509,542,716,1177,1224,1395,1390,1519,1862,1853,1926,2020,2020,2075,2397,2319,2654,2654,3007,3062,3061,3455,3453,3615,3767,3812,3957
329,0.73972,0.73388,0.07042,0.07463,26.46,191,372,451,509,541,716,1178,1223,1394,1389,1518,1863,1853,1926,2020,2020,2072,2397,2319,2654,2654,3007,3062,3061,3455,3453,3615,3767,3812,3956
330,0.74118,0.73543,0.07022,0.07441,26.53,191,372,451,509,541,717,1178,1222,1394,1389,1517,1864,1854,1926,2020,2020,2069,2397,2319,2654,2654,3007,3061,3061,3455,3453,3615,3767,3812,3956
331,0.74245,0.73676,0.07005,0.07422,26.61,191,372,451,508,541,717,1178,1222,1394,1389,1517,1865,1854,1927,2020,2020,2066,2397,2319,2654,2654,3007,3061,3061,3454,3453,3615,3767,3812,3956
332,0.74378,0.73733,0.06987,0.07414,26.68,191,373,451,508,541,717,1178,1221,1393,1389,1516,1865,1855,1927,2020,2020,2063,2397,2318,2654,2654,3007,3061,3060,3454,3454,3615,3767,3812,3955
333,0.74514,0.73879,0.06968,0.07394,26.76,191,373,451,508,540,717,1178,1221,1393,1388,1515,1866,1855,1927,2020,2020,2060,2397,2318,2654,2653,3007,3061,3060,3454,3454,3615,3768,3812,3955
334,0.74638,0.74021,0.06951,0.07374,26.84,192,373,451,508,540,717,1179,1220,1393,1388,1515,1867,1856,1928,2020,2020,2056,2397,2318,2654,2653,3007,3061,3060,3454,3454,3615,3768,3812,3955
335,0.74765,0.74104,0.06934,0.07362,26.92,192,373,451,508,540,718,1179,1220,1392,1388,1514,1868,1856,1928,2020,2020,2053,2397,2318,2654,2653,3007,3060,3060,3454,3454,3615,3768,3812,3955
336,0.74895,0.74257,0.06916,0.0734,26.98,192,374,451,508,540,718,1179,1219,1392,1388,1514,1868,1857,1929,2020,2020,2049,2397,2317,2654,2653,3007,3060,3059,3454,3454,3615,3768,3812,3954
337,0.75015,0.74395,0.06899,0.0732,27.05,192,374,451,507,540,718,1179,1219,1392,1387,1513,1869,1857,1929,2020,2020,2046,2397,2317,2653,2653,3007,3060,3059,3454,3454,3615,3768,3812,3954
338,0.75137,0.74469,0.06882,0.0731,27.11,192,374,451,507,539,718,1179,1218,1392,1387,1513,1870,1858,1930,2021,2020,2042,2397,2317,2654,2653,3007,3060,3059,3454,3454,3615,3768,3812,3954
339,0.75261,0.74601,0.06865,0.07291,27.2,193,375,451,507,539,718,1179,1218,1391,1387,1512,1870,1858,1930,2021,2020,2038,2397,2317,2653,2653,3007,3060,3059,3454,3454,3615,3768,3812,3953
340,0.75377,0.74715,0.06849,0.07274,27.26,193,375,451,507,539,719,1180,1217,1391,1386,1512,1871,1859,1931,2021,2020,2034,2397,2316,2653,2653,3007,3060,3058,3454,3454,3615,3768,3812,3953
341,0.75491,0.74781,0.06833,0.07265,27.34,193,375,451,507,539,719,1180,1217,1391,1386,1511,1871,1859,1931,2021,2020,2031,2397,2316,2654,2653,3007,3059,3058,3454,3454,3615,3768,3812,3953
342,0.75606,0.74908,0.06817,0.07247,27.42,193,376,451,507,539,719,1180,1216,1391,1386,1511,1872,1860,1932,2021,2020,2027,2397,2316,2653,2653,3007,3059,3058,3453,3454,3615,3768,3812,3952
343,0.75712,0.75015,0.06802,0.07231,27.49,193,376,451,507,538,720,1180,1215,1391,1386,1510,1872,1860,1932,2021,2020,2023,2397,2316,2653,2653,3007,3059,3058,3453,3454,3615,3768,3812,3952
344,0.75814,0.75089,0.06788,0.0722,27.57,193,376,451,507,538,720,1180,1215,1391,1385,1510,1873,1861,1933,2021,2020,2020,2397,2316,2653,2653,3007,3059,3057,3453,3454,3615,3768,3812,3952
345,0.75917,0.75215,0.06773,0.07202,27.64,194,377,451,506,538,720,1180,1215,1391,1385,1509,1873,1861,1933,2021,2020,2017,2397,2315,2653,2653,3007,3059,3057,3453,3454,3615,3768,3812,3951
346,0.76016,0.7531,0.0676,0.07188,27.7,194,377,451,506,538,721,1181,1214,1391,1385,1509,1874,1861,1934,2021,2020,2014,2397,2315,2653,2653,3007,3058,3057,3453,3454,3615,3768,3812,3951
347,0.76111,0.75379,0.06746,0.07178,27.77,194,377,451,506,538,721,1181,1214,1391,1384,1509,1874,1862,1934,2021,2020,2012,2397,2315,2653,2653,3007,3058,3056,3453,3454,3615,3768,3812,3951
348,0.76206,0.75489,0.06733,0.07162,27.84,194,377,451,506,537,721,1181,1213,1391,1384,1508,1875,1862,1935,2021,2020,2010,2397,2315,2653,2653,3007,3058,3056,3452,3454,3615,3768,3812,3951
349,0.763,0.75565,0.06719,0.07151,27.92,194,378,451,506,537,722,1181,1213,1391,1384,1508,1875,1862,1936,2021,2020,2009,2397,2314,2653,2653,3007,3058,3056,3452,3454,3615,3768,3812,3950
350,0.7639,0.75633,0.06707,0.07141,27.98,195,378,451,506,537,722,1181,1212,1391,1383,1507,1875,1863,1937,2021,2020,2008,2397,2314,2653,2653,3007,3058,3056,3452,3454,3615,3768,3812,3950
351,0.76481,0.75735,0.06694,0.07126,28.07,195,378,451,506,537,722,1182,1212,1391,1383,1507,1876,1863,1937,2021,2020,2007,2397,2314,2653,2653,3007,3057,3055,3452,3454,3615,3768,3812,3950
352,0.76571,0.75803,0.06681,0.07116,28.16,195,379,451,506,537,723,1182,1211,1391,1383,1507,1876,1864,1938,2021,2020,2007,2397,2314,2653,2653,3007,3057,3055,3452,3454,3615,3768,3812,3949
353,0.76659,0.75882,0.06668,0.07105,28.23,195,379,451,506,537,723,1182,1211,1391,1382,1506,1876,1864,1939,2021,2020,2007,2397,2314,2653,2653,3007,3057,3055,3451,3454,3615,3768,3812,3949
354,0.76746,0.75982,0.06656,0.0709,28.3,195,379,451,506,537,724,1182,1210,1391,1382,1506,1876,1865,1940,2021,2020,2007,2397,2313,2653,2653,3007,3057,3055,3451,3454,3615,3768,3812,3949
355,0.76831,0.7605,0.06644,0.0708,28.37,196,379,451,506,536,724,1182,1210,1391,1381,1506,1877,1865,1941,2021,2020,2008,2397,2313,2653,2653,3007,3056,3054,3451,3454,3615,3768,3812,3948
356,0.76912,0.76138,0.06632,0.07067,28.45,196,380,451,506,536,724,1182,1209,1391,1381,1505,1877,1865,1941,2021,2020,2008,2397,2313,2653,2653,3007,3056,3054,3451,3454,3615,3768,3812,3948
357,0.76995,0.7623,0.0662,0.07053,28.52,196,380,451,506,536,725,1182,1209,1391,1381,1505,1877,1866,1942,2021,2020,2009,2397,2313,2653,2653,3007,3056,3054,3451,3454,3615,3768,3812,3948
358,0.77077,0.76289,0.06608,0.07044,28.58,196,380,451,505,536,725,1183,1208,1391,1380,1505,1878,1866,1943,2021,2020,2010,2397,2313,2653,2653,3007,3056,3053,3451,3454,3615,3768,3812,3947
359,0.77157,0.76373,0.06597,0.07032,28.64,196,381,451,505,536,726,1183,1208,1391,1380,1505,1878,1866,1944,2021,2020,2011,2397,2312,2653,2653,3007,3056,3053,3451,3454,3615,3768,3812,3947
360,0.77235,0.76439,0.06586,0.07022,28.71,196,381,451,505,536,726,1183,1207,1391,1380,1505,1878,1867,1946,2021,2020,2013,2397,2312,2653,2653,3007,3055,3053,3451,3454,3615,3768,3812,3947
361,0.7731,0.76494,0.06575,0.07014,28.78,197,381,452,505,536,727,1183,1207,1391,1379,1504,1879,1867,1947,2021,2020,2014,2397,2312,2653,2653,3007,3055,3053,3451,3454,3615,3768,3812,3947
362,0.77386,0.76583,0.06564,0.07001,28.86,197,381,452,505,536,727,1183,1206,1391,1379,1504,1879,1868,1948,2021,2020,2015,2397,2312,2653,2653,3007,3055,3052,3451,3453,3615,3768,3812,3946
363,0.77461,0.7665,0.06553,0.0699,28.92,197,382,452,505,536,728,1183,1206,1391,1379,1504,1880,1868,1949,2021,2020,2017,2397,2312,2653,2653,3007,3055,3052,3450,3453,3615,3768,3812,3946
364,0.77534,0.76726,0.06542,0.06979,28.99,197,382,452,505,536,728,1183,1206,1391,1379,1504,1880,1868,1950,2021,2020,2018,2397,2312,2653,2653,3007,3054,3052,3450,3453,3615,3768,3812,3946
365,0.77604,0.7681,0.06532,0.06967,29.06,197,382,452,505,536,729,1183,1205,1391,1378,1503,1880,1869,1952,2021,2020,2019,2397,2311,2653,2653,3007,3054,3051,3450,3453,3615,3768,3812,3945
366,0.77673,0.76864,0.06522,0.06958,29.13,198,382,452,505,536,729,1183,1205,1391,1378,1503,1881,1869,1953,2021,2020,2020,2397,2311,2653,2653,3007,3054,3051,3450,3453,3615,3768,3812,3945
367,0.77742,0.76938,0.06512,0.06947,29.2,198,383,452,505,536,730,1183,1204,1391,1377,1503,1881,1869,1954,2021,2020,2022,2397,2311,2653,2653,3007,3054,3051,3450,3453,3615,3768,3812,3945
368,0.7781,0.76998,0.06502,0.06938,29.28,198,383,452,505,536,730,1184,1204,1391,1377,1503,1881,1869,1956,2021,2020,2022,2397,2311,2653,2653,3007,3054,3050,3450,3452,3614,3768,3812,3944
369,0.77875,0.77046,0.06492,0.06931,29.35,198,383,452,505,535,731,1184,1203,1391,1377,1503,1881,1870,1957,2021,2020,2023,2397,2310,2653,2653,3007,3053,3050,3449,3452,3614,3768,3812,3944
370,0.7794,0.77111,0.06483,0.06921,29.42,198,384,452,505,535,731,1184,1203,1391,1377,1502,1881,1870,1959,2021,2020,2024,2397,2310,2653,2653,3007,3053,3050,3449,3452,3614,3768,3812,3944
371,0.78004,0.77158,0.06473,0.06914,29.5,198,384,452,505,535,732,1184,1203,1391,1376,1502,1881,1870,1960,2021,2020,2024,2397,2310,2653,2653,3007,3053,3049,3449,3452,3614,3768,3812,3943
372,0.78067,0.77219,0.06464,0.06905,29.57,199,384,452,505,535,732,1184,1202,1391,1376,1502,1881,1870,1962,2021,2020,2024,2397,2309,2653,2653,3007,3052,3049,3449,3452,3614,3768,3812,3943
373,0.7813,0.77284,0.06455,0.06895,29.64,199,384,452,505,535,733,1184,1202,1391,1376,1502,1881,1870,1964,2021,2020,2024,2397,2309,2653,2653,3007,3052,3049,3449,3451,3614,3768,3812,3943
374,0.78191,0.77339,0.06446,0.06887,29.71,199,385,452,505,535,734,1184,1201,1391,1375,1502,1881,1870,1966,2021,2020,2024,2397,2309,2653,2653,3007,3052,3048,3449,3451,3614,3768,3812,3942
375,0.78251,0.7741,0.06437,0.06876,29.78,199,385,452,505,535,734,1185,1201,1391,1375,1502,1881,1870,1967,2021,2020,2023,2397,2308,2653,2653,3007,3051,3048,3449,3451,3614,3768,3812,3942
376,0.78311,0.77464,0.06428,0.06868,29.85,199,385,452,505,535,735,1185,1201,1391,1375,1502,1881,1871,1969,2021,2020,2023,2397,2308,2653,2653,3007,3051,3048,3449,3451,3614,3768,3812,3942
377,0.7837,0.77521,0.06419,0.06859,29.93,200,385,452,505,535,735,1185,1200,1391,1374,1502,1881,1871,1971,2021,2020,2022,2397,2308,2653,2653,3007,3051,3047,3449,3451,3614,3768,3812,3942
378,0.78428,0.77575,0.06411,0.06851,30.01,200,386,453,505,535,736,1185,1200,1391,1374,1502,1881,1871,1973,2021,2020,2022,2397,2307,2653,2653,3007,3051,3047,3449,3451,3614,3767,3812,3941
379,0.78484,0.77618,0.06402,0.06844,30.1,200,386,453,505,535,737,1185,1199,1391,1374,1502,1881,1872,1975,2021,2020,2021,2397,2307,2653,2653,3007,3050,3046,3449,3451,3614,3767,3812,3941
380,0.7854,0.77673,0.06394,0.06836,30.16,200,386,453,505,535,737,1185,1199,1391,1374,1502,1881,1872,1977,2021,2020,2020,2397,2307,2653,2653,3007,3050,3046,3449,3451,3614,3767,3812,3941
381,0.78595,0.77721,0.06386,0.06828,30.23,200,386,453,505,535,738,1185,1199,1392,1374,1502,1881,1872,1979,2021,2020,2020,2397,2306,2653,2653,3007,3050,3046,3449,3450,3614,3767,3812,3940
382,0.78649,0.77775,0.06378,0.0682,30.29,200,386,453,505,535,738,1185,1198,1392,1373,1502,1881,1872,1981,2021,2020,2019,2397,2306,2653,2653,3007,3050,3045,3449,3450,3614,3767,3812,3940
383,0.78703,0.77836,0.0637,0.06811,30.36,201,387,453,505,535,739,1185,1198,1392,1373,1502,1880,1872,1983,2021,2020,2019,2397,2306,2653,2653,3006,3049,3045,3449,3450,3614,3767,3812,3940
384,0.78755,0.77887,0.06362,0.06803,30.43,201,387,453,505,535,740,1185,1198,1392,1373,1502,1880,1872,1985,2021,2020,2019,2397,2305,2653,2653,3006,3049,3044,3449,3450,3614,3767,3812,3939
385,0.78807,0.77945,0.06354,0.06794,30.5,201,387,453,505,535,740,1185,1197,1392,1373,1502,1880,1873,1987,2021,2020,2018,2397,2305,2653,2653,3006,3049,3044,3449,3450,3614,3767,3812,3939
386,0.78859,0.77991,0.06346,0.06787,30.57,201,387,453,505,535,741,1185,1197,1392,1372,1502,1880,1873,1989,2021,2020,2018,2397,2305,2653,2653,3006,3048,3044,3449,3450,3614,3767,3812,3939
387,0.78909,0.78038,0.06339,0.0678,30.66,201,388,453,505,535,742,1185,1197,1392,1372,1503,1880,1873,1991,2021,2020,2018,2397,2304,2653,2653,3006,3048,3043,3449,3449,3614,3767,3812,3939
388,0.78959,0.78088,0.06331,0.06772,30.72,202,388,453,505,535,742,1185,1196,1392,1372,1503,1880,1873,1993,2021,2020,2018,2397,2304,2653,2653,3006,3048,3043,3449,3449,3614,3767,3812,3938
389,0.79008,0.78133,0.06324,0.06765,30.79,202,388,453,506,535,743,1185,1196,1392,1372,1503,1880,1873,1995,2021,2020,2018,2397,2304,2653,2653,3006,3048,3042,3449,3449,3614,3767,3812,3938
390,0.79056,0.78188,0.06317,0.06756,30.86,202,388,453,506,535,744,1185,1196,1392,1372,1503,1880,1873,1997,2021,2020,2018,2397,2303,2653,2653,3006,3047,3042,3449,3449,3614,3767,3812,3938
391,0.79104,0.78234,0.0631,0.06749,30.93,202,389,453,506,535,745,1185,1195,1392,1371,1503,1880,1873,1999,2021,2020,2019,2397,2303,2653,2653,3006,3047,3041,3449,3449,3614,3767,3812,3937
392,0.7915,0.7829,0.06302,0.06741,31.0,202,389,453,506,535,745,1185,1195,1392,1371,1503,1880,1874,2001,2021,2020,2019,2397,2302,2653,2653,3006,3047,3041,3449,3449,3614,3767,3812,3937
393,0.79196,0.78339,0.06296,0.06733,31.08,203,389,453,506,535,746,1185,1195,1392,1371,1503,1880,1874,2003,2021,2020,2019,2397,2302,2653,2653,3006,3046,3040,3449,3449,3614,3767,3812,3937
394,0.79241,0.78386,0.06289,0.06726,31.16,203,389,454,506,535,747,1185,1194,1392,1371,1503,1880,1874,2005,2021,2020,2019,2397,2301,2653,2653,3006,3046,3040,3449,3449,3614,3767,3812,3936
395,0.79285,0.78431,0.06282,0.06719,31.23,203,389,454,506,535,747,1185,1194,1392,1371,1503,1881,1875,2007,2021,2020,2019,2397,2301,2653,2653,3006,3045,3039,3449,3448,3614,3766,3812,3936
396,0.79328,0.78467,0.06276,0.06713,31.3,203,390,454,506,535,748,1185,1194,1392,1371,1503,1881,1875,2009,2021,2020,2020,2397,2301,2653,2652,3006,3045,3039,3449,3448,3614,3766,3812,3936
397,0.79371,0.78511,0.06269,0.06706,31.37,203,390,454,506,535,749,1185,1193,1392,1370,1503,1881,1875,2011,2020,2020,2020,2397,2300,2653,2652,3006,3044,3038,3449,3448,3614,3766,3812,3936
398,0.79413,0.78542,0.06263,0.06701,31.44,203,390,454,506,535,749,1185,1193,1392,1370,1503,1881,1875,2013,2020,2020,2020,2397,2300,2653,2652,3006,3044,3038,3449,3448,3614,3766,3812,3935
399,0.79453,0.78584,0.06257,0.06695,31.52,204,390,454,506,535,750,1185,1193,1392,1370,1503,1881,1875,2015,2020,2020,2020,2397,2299,2653,2652,3005,3044,3037,3449,3448,3614,3766,3812,3935
400,0.79493,0.78619,0.0625,0.06689,31.59,204,390,454,506,535,751,1185,1193,1392,1370,1503,1881,1875,2016,2020,2020,2020,2397,2299,2653,2652,3005,3043,3037,3449,3448,3614,3766,3812,3935
401,0.79532,0.78659,0.06245,0.06683,31.65,204,391,454,506,535,752,1185,1192,1392,1370,1503,1881,1875,2018,2020,2020,2020,2397,2298,2652,2652,3005,3043,3036,3449,3448,3614,3766,3812,3934
402,0.79569,0.78697,0.06239,0.06677,31.72,204,391,454,506,535,752,1185,1192,1392,1370,1503,1880,1875,2019,2020,2020,2021,2397,2297,2652,2652,3005,3042,3036,3449,3448,3614,3766,3812,3934
403,0.79606,0.7873,0.06233,0.06672,31.8,204,391,454,506,535,753,1185,1192,1393,1370,1503,1880,1875,2021,2020,2020,2021,2397,2297,2652,2652,3005,3042,3035,3448,3448,3614,3766,3812,3934
404,0.79642,0.78772,0.06228,0.06665,31.87,205,391,454,507,535,754,1185,1192,1393,1370,1503,1880,1875,2022,2020,2020,2021,2397,2296,2652,2652,3005,3042,3034,3448,3448,3614,3766,3812,3933
405,0.79677,0.78802,0.06222,0.06661,31.94,205,392,454,507,535,755,1185,1191,1393,1370,1503,1880,1874,2023,2020,2020,2021,2397,2296,2652,2652,3005,3041,3034,3448,3448,3614,3766,3812,3933
406,0.79711,0.78844,0.06217,0.06654,32.01,205,392,455,507,535,755,1185,1191,1393,1370,1503,1880,1874,2024,2020,2020,2020,2397,2295,2652,2652,3005,3041,3033,3448,3448,3614,3766,3812,3933
407,0.79745,0.78872,0.06212,0.0665,32.08,205,392,455,507,535,756,1185,1191,1393,1369,1503,1880,1874,2025,2020,2020,2020,2397,2295,2652,2652,3005,3040,3033,3448,3447,3614,3766,3812,3933
408,0.79778,0.78913,0.06207,0.06643,32.18,205,392,455,507,535,757,1185,1191,1393,1369,1503,1880,1874,2025,2020,2020,2020,2397,2294,2652,2652,3005,3040,3032,3448,3447,3614,3766,3812,3932
409,0.79811,0.78937,0.06202,0.06639,32.25,205,392,455,507,535,758,1185,1191,1393,1369,1503,1880,1874,2026,2020,2020,2020,2397,2293,2652,2652,3005,3040,3031,3448,3447,3614,3766,3812,3932
410,0.79844,0.78975,0.06197,0.06633,32.33,206,393,455,507,535,759,1185,1191,1393,1369,1503,1880,1874,2026,2020,2020,2020,2397,2293,2652,2652,3005,3039,3031,3448,3447,3614,3766,3812,3932
411,0.79877,0.78997,0.06192,0.0663,32.41,206,393,455,507,535,759,1185,1191,1393,1369,1503,1880,1874,2026,2020,2020,2020,2397,2292,2652,2652,3005,3039,3030,3447,3447,3614,3766,3812,3931
412,0.7991,0.79038,0.06187,0.06623,32.48,206,393,455,508,535,760,1185,1190,1393,1369,1503,1880,1874,2026,2020,2020,2020,2397,2292,2652,2652,3005,3038,3029,3447,3447,3614,3766,3812,3931
413,0.79942,0.7906,0.06182,0.0662,32.55,206,393,455,508,536,761,1185,1190,1393,1369,1503,1880,1874,2025,2020,2020,2020,2397,2291,2652,2652,3005,3038,3029,3447,3447,3614,3766,3812,3931
414,0.79974,0.79105,0.06177,0.06613,32.62,206,393,455,508,536,762,1185,1190,1393,1369,1503,1880,1874,2025,2020,2020,2020,2397,2290,2652,2652,3005,3038,3028,3447,3447,3614,3766,3812,3930
415,0.80005,0.79118,0.06172,0.06611,32.7,207,393,455,508,536,762,1185,1190,1394,1369,1503,1880,1874,2024,2020,2020,2020,2397,2290,2652,2652,3005,3037,3027,3447,3447,3614,3765,3812,3930
416,0.80035,0.79168,0.06167,0.06603,32.78,207,394,455,508,536,763,1185,1190,1394,1369,1503,1881,1874,2024,2020,2020,2020,2397,2289,2652,2652,3005,3037,3026,3447,3447,3614,3765,3812,3930
417,0.80063,0.79165,0.06163,0.06603,32.86,207,394,455,508,536,764,1185,1189,1394,1368,1503,1880,1874,2023,2020,2020,2020,2397,2288,2652,2652,3005,3036,3026,3447,3447,3614,3765,3812,3930
418,0.8009,0.79232,0.06159,0.06593,32.92,207,394,456,508,536,765,1185,1189,1394,1368,1503,1881,1875,2023,2020,2020,2020,2397,2288,2652,2652,3005,3036,3025,3446,3447,3614,3765,3812,3929
419,0.80114,0.792,0.06155,0.06598,32.99,207,394,456,508,536,766,1185,1189,1394,1368,1503,1880,1875,2022,2020,2020,2020,2397,2287,2652,2652,3005,3035,3024,3446,3447,3614,3765,3812,3929
420,0.80133,0.79292,0.06152,0.06583,33.06,207,394,456,509,536,767,1185,1189,1394,1368,1503,1881,1875,2022,2020,2020,2020,2397,2286,2652,2652,3005,3035,3024,3446,3447,3614,3765,3812,3929
421,0.8015,0.79212,0.06149,0.06596,33.12,208,395,456,509,536,767,1185,1189,1394,1368,1503,1880,1874,2021,2020,2020,2020,2397,2286,2652,2652,3005,3034,3023,3446,3446,3614,3765,3812,3928
422,0.80168,0.79339,0.06147,0.06576,33.19,208,395,456,509,536,768,1185,1189,1394,1368,1504,1880,1875,2021,2020,2020,2020,2397,2285,2652,2652,3005,3034,3022,3446,3446,3614,3765,3812,3928
423,0.80202,0.79256,0.06141,0.06589,33.27,208,395,456,509,536,769,1185,1189,1394,1368,1504,1880,1874,2020,2020,2020,2020,2397,2284,2652,2652,3005,3033,3021,3446,3446,3614,3765,3812,3928
424,0.80249,0.79387,0.06134,0.06568,33.36,208,395,456,509,536,770,1185,1188,1394,1368,1504,1880,1874,2020,2020,2020,2020,2397,2283,2652,2652,3005,3033,3020,3446,3446,3614,3765,3812,3927
425,0.80289,0.79382,0.06128,0.06569,33.43,208,395,456,509,537,771,1185,1188,1394,1368,1504,1880,1874,2019,2020,2020,2020,2397,2283,2652,2652,3005,3032,3020,3445,3446,3614,3765,3812,3927
426,0.80309,0.79387,0.06125,0.06568,33.5,209,396,456,509,537,772,1185,1188,1394,1368,1504,1880,1874,2019,2020,2020,2020,2397,2282,2652,2652,3005,3032,3019,3445,3446,3614,3765,3812,3927
427,0.80317,0.79464,0.06124,0.06556,33.57,209,396,456,510,537,773,1185,1188,1395,1368,1504,1880,1874,2019,2020,2020,2020,2397,2281,2652,2652,3004,3031,3018,3445,3446,3614,3764,3812,3927
428,0.8033,0.79382,0.06122,0.06569,33.64,209,396,456,510,537,773,1185,1188,1395,1368,1504,1880,1874,2019,2020,2020,2020,2397,2280,2652,2652,3004,3031,3017,3445,3446,3614,3764,3812,3926
429,0.8036,0.79519,0.06117,0.06547,33.72,209,396,456,510,537,774,1185,1187,1395,1368,1504,1880,1874,2018,2020,2020,2020,2397,2280,2652,2652,3004,3030,3017,3445,3446,3614,3764,3812,3926
430,0.80403,0.79485,0.0611,0.06552,33.8,209,396,456,510,537,775,1185,1187,1395,1368,1504,1880,1874,2018,2020,2020,2020,2397,2279,2652,2652,3004,3029,3016,3445,3446,3614,3764,3812,3926
431,0.80434,0.79534,0.06105,0.06545,33.88,209,396,456,510,537,776,1185,1187,1395,1368,1505,1880,1874,2018,2020,2020,2020,2397,2278,2651,2652,3004,3029,3015,3444,3446,3614,3764,3812,3925
432,0.80446,0.7958,0.06103,0.06537,33.96,210,397,457,510,537,777,1185,1187,1395,1368,1505,1880,1874,2018,2020,2020,2020,2397,2277,2651,2651,3004,3028,3014,3444,3446,3614,3764,3812,3925
433,0.80458,0.79513,0.06102,0.06548,34.03,210,397,457,511,537,778,1185,1186,1395,1368,1505,1880,1874,2018,2020,2020,2020,2397,2276,2651,2651,3004,3027,3014,3444,3446,3614,3764,3812,3925
434,0.80485,0.7962,0.06097,0.06531,34.11,210,397,457,511,538,779,1185,1186,1396,1368,1505,1880,1874,2018,2020,2020,2020,2397,2275,2651,2651,3004,3027,3013,3444,3445,3613,3764,3812,3924
435,0.8052,0.79595,0.06092,0.06535,34.2,210,397,457,511,538,780,1185,1186,1396,1368,1505,1880,1874,2018,2020,2020,2020,2397,2275,2651,2651,3004,3026,3012,3443,3445,3613,3764,3812,3924
436,0.80545,0.79634,0.06088,0.06529,34.27,210,397,457,511,538,781,1185,1186,1396,1368,1505,1880,1874,2018,2020,2020,2020,2397,2274,2651,2651,3004,3026,3011,3443,3445,3613,3764,3812,3924
437,0.80559,0.7968,0.06086,0.06521,34.33,211,397,457,511,538,782,1185,1186,1396,1368,1505,1880,1874,2019,2020,2020,2020,2397,2273,2651,2651,3004,3025,3011,3443,3445,3613,3764,3812,3923
438,0.80574,0.79633,0.06083,0.06529,34.41,211,398,457,512,538,782,1185,1186,1396,1368,1505,1880,1874,2019,2020,2020,2020,2397,2272,2650,2651,3004,3024,3010,3443,3445,3613,3764,3812,3923
439,0.80599,0.79718,0.0608,0.06515,34.47,211,398,457,512,538,783,1185,1186,1396,1368,1505,1880,1874,2019,2020,2020,2020,2397,2271,2650,2651,3004,3024,3009,3443,3445,3613,3763,3812,3923
440,0.80628,0.79704,0.06075,0.06517,34.54,211,398,457,512,538,784,1185,1185,1396,1368,1505,1880,1874,2019,2020,2020,2020,2397,2270,2649,2650,3004,3023,3009,3443,3445,3613,3763,3812,3922
441,0.80648,0.79722,0.06072,0.06515,34.61,211,398,457,512,538,785,1185,1185,1397,1368,1506,1880,1874,2019,2020,2020,2020,2397,2269,2649,2650,3004,3022,3008,3443,3444,3613,3763,3812,3922
442,0.80662,0.79773,0.0607,0.06506,34.7,211,398,458,512,539,786,1185,1185,1397,1368,1506,1880,1874,2019,2020,2020,2020,2397,2268,2649,2650,3004,3021,3007,3443,3444,3613,3763,3812,3922
443,0.80679,0.7973,0.06067,0.06513,34.77,212,398,458,513,539,787,1185,1185,1397,1368,1506,1880,1874,2020,2020,2020,2020,2397,2267,2649,2650,3004,3021,3007,3443,3444,3613,3763,3812,3922
444,0.80703,0.79813,0.06063,0.065,34.85,212,399,458,513,539,788,1185,1185,1397,1368,1506,1880,1874,2020,2020,2020,2020,2397,2266,2648,2650,3003,3020,3006,3443,3444,3613,3763,3812,3921
445,0.8073,0.79803,0.06059,0.06501,34.92,212,399,458,513,539,789,1185,1184,1397,1368,1507,1880,1874,2020,2020,2020,2020,2397,2265,2648,2649,3003,3019,3006,3443,3444,3613,3763,3812,3921
446,0.8075,0.79828,0.06056,0.06497,35.0,212,399,458,513,539,790,1185,1184,1397,1368,1507,1880,1874,2020,2020,2020,2020,2397,2264,2648,2649,3003,3018,3005,3443,3444,3613,3763,3812,3921
447,0.80766,0.7987,0.06053,0.06491,35.06,212,399,458,514,539,791,1185,1184,1398,1368,1507,1880,1874,2020,2020,2020,2020,2397,2263,2648,2649,3003,3017,3005,3443,3443,3613,3763,3812,3920
448,0.80783,0.79839,0.06051,0.06496,35.14,213,399,458,514,539,792,1185,1184,1398,1369,1507,1880,1874,2020,2020,2020,2020,2397,2262,2648,2649,3003,3017,3004,3443,3443,3613,3763,3812,3920
449,0.80804,0.79905,0.06047,0.06485,35.21,213,399,458,514,539,793,1185,1183,1398,1369,1508,1880,1874,2021,2020,2020,2020,2397,2261,2648,2649,3003,3016,3004,3443,3443,3613,3762,3812,3920
450,0.80827,0.79886,0.06044,0.06488,35.28,213,400,459,514,539,794,1185,1183,1398,1369,1508,1880,1874,2021,2020,2020,2020,2397,2260,2648,2648,3003,3015,3003,3443,3443,3613,3762,3812,3919
451,0.80849,0.79926,0.0604,0.06482,35.35,213,400,459,514,540,795,1185,1183,1398,1369,1508,1880,1874,2021,2020,2020,2020,2397,2259,2648,2648,3003,3014,3003,3443,3443,3613,3762,3812,3919
452,0.80868,0.79945,0.06037,0.06479,35.42,213,400,459,515,540,795,1185,1183,1398,1369,1509,1880,1874,2021,2020,2020,2020,2397,2258,2647,2648,3002,3013,3002,3443,3443,3613,3762,3812,3919
453,0.80886,0.79944,0.06034,0.06479,35.49,213,400,459,515,540,796,1185,1183,1398,1369,1509,1880,1874,2021,2020,2020,2020,2397,2257,2647,2648,3002,3013,3002,3443,3443,3613,3762,3812,3918
454,0.80904,0.79991,0.06032,0.06471,35.56,214,400,459,515,540,797,1185,1183,1399,1369,1509,1881,1874,2021,2020,2020,2020,2397,2255,2647,2648,3002,3012,3002,3443,3443,3613,3762,3812,3918
455,0.80922,0.79965,0.06029,0.06475,35.64,214,400,459,515,540,798,1185,1182,1399,1369,1509,1880,1874,2021,2020,2020,2020,2397,2254,2647,2648,3002,3011,3001,3443,3443,3613,3762,3812,3918
456,0.80941,0.80023,0.06026,0.06466,35.72,214,401,459,516,540,799,1185,1182,1399,1369,1510,1881,1874,2021,2020,2020,2020,2397,2253,2647,2648,3002,3010,3001,3443,3443,3613,3762,3812,3917
457,0.80962,0.80003,0.06022,0.06469,35.78,214,401,460,516,540,800,1185,1182,1399,1369,1510,1881,1874,2021,2020,2020,2020,2397,2251,2647,2648,3002,3010,3001,3443,3443,3613,3762,3812,3917
458,0.80982,0.80057,0.06019,0.0646,35.87,214,401,460,516,540,801,1185,1182,1399,1369,1510,1881,1874,2021,2020,2020,2020,2397,2250,2646,2648,3002,3009,3000,3443,3443,3613,3762,3812,3916
459,0.81002,0.80048,0.06016,0.06462,35.94,215,401,460,516,541,802,1185,1182,1399,1369,1511,1881,1874,2020,2020,2020,2020,2397,2249,2646,2647,3002,3009,3000,3443,3443,3613,3762,3812,3916
460,0.81021,0.80092,0.06013,0.06455,36.02,215,401,460,516,541,803,1185,1182,1400,1370,1511,1881,1874,2020,2020,2020,2020,2397,2247,2646,2647,3002,3008,3000,3443,3443,3613,3762,3812,3916
461,0.81039,0.80072,0.0601,0.06458,36.09,215,401,460,517,541,804,1185,1182,1399,1370,1511,1880,1874,2020,2020,2020,2020,2397,2246,2646,2647,3002,3007,3000,3443,3443,3613,3762,3812,3915
462,0.81053,0.8013,0.06008,0.06449,36.16,215,401,460,517,541,805,1185,1182,1400,1370,1511,1880,1874,2020,2020,2020,2020,2397,2244,2646,2647,3002,3007,2999,3443,3443,3613,3762,3812,3915
463,0.81059,0.80059,0.06007,0.0646,36.23,215,402,460,517,541,806,1185,1182,1399,1370,1512,1880,1874,2020,2020,2020,2020,2397,2243,2646,2647,3002,3006,2999,3443,3443,3613,3761,3812,3915
464,0.81048,0.80166,0.06009,0.06443,36.3,216,402,460,517,541,807,1185,1182,1400,1370,1512,1880,1874,2020,2020,2020,2020,2397,2241,2646,2647,3002,3005,2999,3443,3443,3613,3761,3811,3914
465,0.81034,0.80001,0.06011,0.0647,36.4,216,402,461,518,541,808,1185,1181,1399,1370,1512,1880,1874,2020,2020,2020,2020,2397,2240,2646,2647,3002,3005,2999,3443,3443,3613,3761,3811,3914
466,0.81041,0.8019,0.0601,0.06439,36.48,216,402,461,518,542,809,1185,1181,1398,1370,1513,1880,1874,2020,2020,2020,2020,2397,2238,2646,2646,3002,3004,2999,3443,3443,3613,3761,3811,3914
467,0.81114,0.80113,0.05998,0.06451,36.56,216,402,461,518,542,810,1185,1181,1398,1370,1513,1880,1874,2020,2020,2020,2020,2397,2237,2646,2646,3002,3004,2998,3443,3443,3613,3761,3811,3913
468,0.81163,0.80205,0.05991,0.06436,36.65,216,402,461,518,542,811,1185,1181,1397,1370,1513,1880,1874,2020,2020,2020,2020,2397,2236,2647,2646,3002,3004,2998,3443,3443,3613,3761,3811,3913
469,0.81145,0.80247,0.05993,0.0643,36.73,216,403,461,519,542,811,1185,1181,1397,1370,1514,1880,1874,2020,2020,2020,2020,2397,2235,2647,2646,3002,3003,2998,3443,3443,3613,3761,3811,3913
470,0.81144,0.8012,0.05994,0.0645,36.81,217,403,461,519,542,812,1185,1181,1396,1370,1514,1880,1874,2020,2020,2020,2020,2397,2233,2647,2646,3002,3003,2998,3443,3443,3613,3761,3811,3912
471,0.8119,0.80278,0.05986,0.06425,36.89,217,403,461,519,542,813,1185,1181,1396,1370,1514,1880,1874,2020,2020,2020,2020,2397,2232,2647,2646,3002,3003,2998,3443,3443,3613,3761,3811,3912
472,0.81229,0.80274,0.0598,0.06425,36.97,217,403,462,520,542,814,1185,1181,1396,1370,1514,1880,1874,2020,2020,2020,2020,2397,2230,2647,2646,3002,3002,2998,3443,3443,3613,3761,3811,3912
473,0.81224,0.80231,0.05981,0.06432,37.05,217,403,462,520,543,815,1185,1181,1396,1371,1515,1880,1874,2020,2020,2020,2020,2397,2229,2647,2646,3002,3002,2998,3443,3443,3613,3760,3811,3911
474,0.81218,0.80333,0.05982,0.06416,37.13,217,403,462,520,543,816,1185,1181,1395,1371,1515,1880,1874,2020,2020,2020,2020,2397,2227,2647,2646,3002,3002,2998,3443,3443,3613,3760,3811,3911
475,0.81253,0.80263,0.05976,0.06427,37.22,218,403,462,520,543,817,1185,1181,1395,1371,1515,1880,1874,2020,2020,2020,2020,2397,2225,2647,2646,3002,3001,2997,3443,3443,3613,3760,3811,3911
476,0.8129,0.80344,0.0597,0.06414,37.29,218,404,462,521,543,818,1185,1181,1395,1371,1516,1880,1874,2020,2020,2020,2020,2397,2223,2647,2646,3001,3001,2997,3443,3443,3613,3760,3811,3910
477,0.81295,0.80368,0.0597,0.0641,37.37,218,404,462,521,543,819,1185,1182,1395,1371,1516,1880,1874,2020,2020,2020,2020,2397,2222,2647,2646,3001,3001,2997,3443,3443,3613,3760,3811,3910
478,0.81294,0.80282,0.0597,0.06424,37.44,218,404,462,521,543,820,1185,1182,1395,1371,1516,1880,1874,2020,2020,2020,2020,2397,2220,2646,2646,3001,3000,2997,3443,3443,3613,3760,3811,3909
479,0.81318,0.80389,0.05966,0.06406,37.51,218,404,463,521,544,821,1185,1182,1395,1372,1516,1880,1874,2020,2020,2020,2020,2397,2219,2646,2646,3001,3000,2997,3443,3443,3613,3760,3811,3909
480,0.81349,0.80371,0.05961,0.06409,37.6,218,404,463,522,544,822,1185,1182,1395,1372,1517,1880,1874,2020,2020,2020,2020,2397,2217,2646,2646,3001,2999,2997,3443,3443,3613,3760,3811,3909
481,0.81357,0.8036,0.0596,0.06411,37.68,219,404,463,522,544,823,1185,1182,1395,1372,1517,1880,1874,2020,2020,2020,2020,2397,2216,2646,2646,3001,2999,2997,3443,3443,3613,3760,3811,3908
482,0.81359,0.80431,0.05959,0.064,37.76,219,404,463,522,544,824,1186,1182,1395,1372,1517,1880,1874,2020,2020,2020,2020,2397,2214,2646,2646,3001,2998,2997,3443,3443,3613,3759,3811,3908
483,0.81383,0.80381,0.05956,0.06408,37.84,219,404,463,522,544,824,1186,1182,1395,1372,1518,1880,1874,2020,2020,2020,2020,2397,2213,2646,2646,3001,2998,2997,3443,3443,3613,3759,3811,3908
484,0.81407,0.80436,0.05952,0.06399,37.94,219,405,463,523,544,825,1186,1182,1395,1372,1518,1880,1874,2020,2020,2020,2020,2397,2211,2646,2646,3001,2998,2996,3443,3443,3613,3759,3811,3907
485,0.81416,0.80459,0.0595,0.06395,38.01,219,405,463,523,544,826,1186,1182,1395,1373,1518,1880,1874,2020,2020,2020,2020,2397,2210,2646,2646,3001,2997,2996,3443,3443,3613,3759,3811,3907
486,0.81422,0.80406,0.05949,0.06404,38.08,220,405,463,523,545,827,1186,1182,1395,1373,1518,1880,1874,2020,2020,2020,2020,2397,2209,2646,2646,3001,2997,2996,3443,3443,3613,3759,3811,3907
487,0.81441,0.80483,0.05946,0.06391,38.15,220,405,464,523,545,828,1186,1182,1395,1373,1519,1880,1874,2020,2020,2020,2020,2397,2207,2646,2646,3001,2996,2996,3443,3443,3613,3759,3811,3906
488,0.81463,0.80466,0.05943,0.06394,38.22,220,405,464,524,545,829,1186,1182,1395,1373,1519,1880,1874,2020,2020,2020,2020,2397,2206,2646,2646,3001,2996,2996,3443,3443,3613,3759,3811,3906
489,0.81475,0.80475,0.05941,0.06392,38.3,220,405,464,524,545,830,1186,1182,1396,1373,1519,1880,1874,2020,2020,2020,2020,2397,2204,2646,2646,3001,2996,2996,3443,3443,3613,3759,3811,3906
490,0.81482,0.8052,0.0594,0.06385,38.38,220,405,464,524,545,831,1186,1182,1396,1373,1520,1880,1874,2020,2020,2020,2020,2397,2203,2646,2646,3001,2995,2996,3443,3443,3613,3759,3811,3906
491,0.81496,0.8048,0.05937,0.06392,38.46,220,406,464,525,545,832,1186,1182,1396,1374,1520,1880,1874,2020,2020,2020,2020,2397,2202,2646,2646,3001,2995,2996,3443,3443,3613,3759,3811,3905
492,0.81514,0.80537,0.05934,0.06382,38.54,221,406,464,525,545,833,1186,1182,1396,1374,1520,1880,1874,2020,2020,2020,2020,2397,2200,2646,2646,3001,2994,2996,3443,3443,3613,3759,3811,3905
493,0.8153,0.80534,0.05932,0.06383,38.61,221,406,464,525,546,834,1186,1182,1396,1374,1520,1880,1874,2020,2020,2020,2020,2397,2199,2646,2646,3000,2994,2996,3443,3443,3613,3759,3811,3905
494,0.81541,0.80527,0.0593,0.06384,38.68,221,406,465,525,546,835,1186,1182,1396,1374,1521,1880,1874,2020,2020,2020,2020,2397,2198,2646,2646,3000,2994,2995,3443,3443,3613,3758,3811,3904
495,0.81551,0.8057,0.05929,0.06377,38.75,221,406,465,526,546,836,1187,1182,1396,1374,1521,1880,1874,2020,2020,2020,2020,2397,2196,2646,2646,3000,2993,2995,3443,3443,3613,3758,3811,3904
496,0.81564,0.8054,0.05926,0.06382,38.82,221,406,465,526,546,837,1187,1182,1396,1374,1521,1880,1874,2020,2020,2020,2020,2397,2195,2646,2646,3000,2993,2995,3443,3443,3613,3758,3811,3904
497,0.8158,0.80587,0.05924,0.06374,38.89,222,406,465,526,546,838,1187,1182,1396,1375,1521,1880,1874,2020,2020,2020,2020,2397,2194,2646,2646,3000,2993,2995,3443,3443,3613,3758,3811,3903
498,0.81595,0.80586,0.05921,0.06374,38.98,222,407,465,526,546,839,1187,1182,1396,1375,1522,1880,1874,2020,2020,2020,2020,2397,2193,2646,2646,3000,2992,2995,3443,3443,3613,3758,3811,3903
499,0.81606,0.80585,0.0592,0.06374,39.06,222,407,465,527,546,840,1188,1182,1396,1375,1522,1880,1874,2020,2020,2020,2020,2397,2192,2646,2646,3000,2992,2995,3443,3443,3613,3758,3811,3903
500,0.81616,0.80621,0.05918,0.06368,39.13,222,407,465,527,547,841,1188,1182,1396,1375,1522,1880,1874,2020,2020,2020,2020,2397,2191,2646,2646,3000,2992,2995,3443,3443,3613,3758,3811,3902
501,0.81627,0.8059,0.05916,0.06373,39.21,222,407,466,527,547,842,1188,1182,1397,1376,1522,1880,1874,2020,2020,2020,2020,2397,2190,2646,2646,3000,2991,2995,3443,3443,3613,3758,3811,3902
502,0.81641,0.80643,0.05914,0.06365,39.28,223,407,466,528,547,843,1188,1182,1397,1376,1523,1880,1874,2020,2020,2020,2020,2397,2189,2646,2646,3000,2991,2995,3443,3443,3613,3758,3811,3902
503,0.81656,0.80628,0.05912,0.06367,39.37,223,407,466,528,547,844,1188,1182,1397,1376,1523,1880,1874,2020,2020,2020,2020,2397,2188,2646,2646,3000,2991,2995,3443,3443,3613,3758,3811,3901
504,0.81669,0.80652,0.05909,0.06363,39.46,223,407,466,528,547,845,1189,1182,1397,1376,1523,1880,1874,2020,2020,2020,2020,2397,2187,2646,2646,3000,2990,2995,3443,3443,3613,3758,3811,3901
505,0.81681,0.80667,0.05908,0.06361,39.54,223,407,466,528,547,846,1189,1182,1397,1377,1524,1880,1874,2020,2020,2020,2020,2397,2187,2646,2646,3000,2990,2995,3443,3443,3613,3758,3811,3901
506,0.81691,0.80651,0.05906,0.06364,39.61,223,408,466,529,548,847,1189,1182,1397,1377,1524,1880,1874,2020,2020,2020,2020,2397,2186,2646,2646,3000,2990,2995,3443,3443,3613,3758,3811,3901
507,0.817,0.80694,0.05905,0.06356,39.67,223,408,466,529,548,848,1189,1182,1397,1377,1524,1880,1874,2020,2020,2020,2020,2397,2185,2646,2646,3000,2990,2995,3443,3443,3613,3758,3811,3900
508,0.81712,0.8066,0.05903,0.06362,39.75,224,408,467,529,548,849,1189,1182,1397,1377,1524,1880,1874,2020,2020,2020,2020,2397,2184,2646,2646,3000,2989,2995,3443,3443,3613,3758,3811,3900
509,0.81724,0.80716,0.05901,0.06353,39.82,224,408,467,530,548,850,1190,1182,1398,1378,1525,1880,1874,2020,2020,2020,2020,2397,2183,2646,2646,2999,2989,2995,3443,3443,3613,3757,3811,3900
510,0.81737,0.80689,0.05899,0.06357,39.89,224,408,467,530,548,851,1190,1182,1398,1378,1525,1880,1874,2020,2020,2020,2020,2397,2182,2646,2646,2999,2989,2995,3443,3443,3613,3757,3811,3899
511,0.8175,0.80733,0.05896,0.0635,39.96,224,408,467,530,548,852,1190,1182,1398,1378,1525,1880,1874,2020,2020,2020,2020,2397,2181,2646,2646,2999,2988,2995,3443,3443,3613,3757,3811,3899
512,0.81763,0.80721,0.05894,0.06352,40.03,224,408,467,530,549,853,1190,1182,1398,1378,1526,1880,1874,2020,2020,2020,2020,2397,2180,2646,2646,2999,2988,2995,3443,3443,3613,3757,3811,3899
513,0.81775,0.80745,0.05892,0.06348,40.12,225,408,467,531,549,854,1191,1182,1398,1378,1526,1880,1874,2020,2020,2020,2020,2397,2179,2646,2646,2999,2988,2995,3443,3443,3613,3757,3811,3899
514,0.81786,0.80749,0.05891,0.06347,40.2,225,409,468,531,549,855,1191,1182,1398,1379,1526,1880,1874,2020,2020,2020,2020,2397,2179,2646,2646,2999,2988,2995,3443,3443,3613,3757,3811,3898
515,0.81797,0.80756,0.05889,0.06346,40.28,225,409,468,531,549,856,1191,1182,1398,1379,1527,1880,1874,2020,2020,2020,2020,2397,2178,2646,2646,2999,2987,2995,3443,3443,3613,3757,3811,3898
516,0.81808,0.80776,0.05887,0.06343,40.35,225,409,468,532,549,857,1191,1182,1399,1379,1527,1880,1874,2020,2020,2020,2020,2397,2177,2646,2646,2999,2987,2995,3443,3443,3613,3757,3811,3898
517,0.81818,0.80767,0.05885,0.06344,40.43,225,409,468,532,549,858,1192,1182,1399,1379,1527,1880,1874,2020,2020,2020,2020,2397,2176,2646,2646,2999,2987,2995,3443,3443,3613,3757,3811,3897
518,0.81828,0.80804,0.05884,0.06338,40.51,225,409,468,532,550,859,1192,1182,1399,1379,1527,1880,1874,2020,2020,2020,2020,2397,2175,2646,2646,2999,2986,2995,3442,3443,3613,3757,3811,3897
519,0.81836,0.80775,0.05883,0.06343,40.58,226,409,468,532,550,860,1192,1182,1399,1380,1527,1880,1874,2020,2020,2020,2020,2397,2174,2646,2646,2999,2986,2995,3442,3443,3613,3757,3811,3897
520,0.81842,0.80832,0.05882,0.06334,40.66,226,409,469,533,550,861,1193,1182,1399,1380,1528,1880,1874,2020,2020,2020,2020,2397,2173,2646,2646,2999,2986,2995,3442,3443,3613,3757,3811,3897
521,0.81843,0.80764,0.05881,0.06345,40.74,226,409,469,533,550,862,1193,1182,1399,1380,1528,1880,1874,2020,2020,2020,2020,2397,2172,2646,2646,2999,2986,2995,3442,3443,3613,3757,3811,3896
522,0.81835,0.80854,0.05883,0.0633,40.81,226,409,469,533,550,863,1193,1182,1399,1380,1528,1880,1874,2020,2020,2020,2020,2397,2171,2646,2646,2999,2985,2994,3442,3443,3613,3756,3811,3896
523,0.81815,0.807,0.05886,0.06355,40.89,226,410,469,534,550,864,1194,1182,1399,1380,1528,1880,1874,2020,2020,2020,2020,2396,2170,2646,2646,2999,2985,2995,3442,3443,3613,3756,3811,3896
524,0.81797,0.80843,0.05889,0.06332,40.96,227,410,469,534,551,865,1194,1182,1399,1381,1529,1880,1874,2020,2020,2020,2020,2397,2168,2646,2646,2999,2985,2994,3442,3443,3613,3756,3811,3896
525,0.81818,0.80688,0.05886,0.06357,41.04,227,410,469,534,551,866,1194,1182,1399,1381,1529,1880,1874,2020,2020,2020,2020,2396,2167,2646,2646,2999,2985,2994,3442,3443,3613,3756,3811,3895
526,0.81875,0.80881,0.05876,0.06326,41.11,227,410,469,534,551,867,1195,1182,1399,1381,1529,1880,1874,2020,2020,2020,2020,2397,2165,2646,2646,2999,2984,2994,3442,3443,3613,3756,3811,3895
527,0.81922,0.80858,0.05869,0.06329,41.18,227,410,469,535,551,868,1195,1182,1399,1381,1529,1880,1874,2020,2020,2020,2020,2396,2164,2646,2646,2999,2984,2994,3442,3443,3613,3756,3811,3895
528,0.81918,0.80831,0.05869,0.06334,41.26,227,410,470,535,551,869,1195,1182,1399,1382,1530,1880,1874,2020,2020,2020,2020,2396,2162,2646,2646,2999,2984,2994,3442,3443,3613,3756,3811,3894
529,0.81892,0.80908,0.05873,0.06321,41.34,228,410,470,535,551,870,1196,1182,1399,1382,1530,1880,1874,2020,2020,2020,2020,2396,2161,2646,2646,2999,2984,2994,3441,3443,3613,3756,3811,3894
530,0.819,0.80783,0.05872,0.06342,41.41,228,410,470,536,552,871,1196,1182,1399,1382,1530,1880,1874,2020,2020,2020,2020,2396,2160,2646,2646,2999,2984,2994,3441,3443,3613,3756,3811,3894
531,0.81939,0.80923,0.05866,0.06319,41.48,228,411,470,536,552,872,1196,1182,1398,1383,1530,1880,1874,2020,2020,2020,2020,2396,2158,2646,2646,2999,2983,2994,3441,3443,3613,3756,3811,3894
532,0.81969,0.80904,0.05861,0.06322,41.56,228,411,470,536,552,873,1196,1182,1398,1383,1531,1880,1874,2020,2020,2020,2020,2396,2157,2646,2646,2999,2983,2994,3440,3443,3613,3756,3811,3893
533,0.81962,0.80864,0.05862,0.06328,41.64,228,411,470,536,552,874,1197,1182,1399,1383,1531,1880,1874,2020,2020,2020,2020,2396,2155,2646,2646,2999,2983,2994,3440,3443,3613,3756,3811,3893
534,0.81952,0.80944,0.05864,0.06315,41.72,228,411,470,537,552,875,1197,1182,1398,1383,1531,1880,1874,2020,2020,2020,2020,2396,2153,2646,2646,2999,2983,2994,3440,3443,3613,3756,3811,3893
535,0.8197,0.80863,0.05861,0.06329,41.8,229,411,471,537,553,876,1197,1182,1399,1383,1532,1880,1874,2020,2020,2020,2020,2396,2152,2646,2646,2999,2983,2994,3439,3443,3613,3756,3811,3893
536,0.82,0.80953,0.05856,0.06314,41.88,229,411,471,537,553,877,1198,1182,1398,1384,1532,1880,1874,2020,2020,2020,2020,2396,2150,2646,2646,2999,2983,2994,3439,3443,3613,3756,3811,3892
537,0.82009,0.80959,0.05854,0.06313,41.95,229,411,471,538,553,878,1198,1182,1399,1384,1532,1880,1874,2020,2020,2020,2020,2396,2149,2646,2646,2999,2983,2994,3439,3443,3613,3756,3811,3892
538,0.82004,0.80901,0.05855,0.06322,42.02,229,411,471,538,553,879,1198,1182,1399,1384,1532,1880,1874,2020,2020,2020,2020,2396,2147,2646,2646,2999,2982,2994,3438,3443,3613,3756,3811,3892
539,0.82008,0.80982,0.05855,0.06309,42.1,229,411,471,538,553,880,1198,1182,1399,1385,1533,1880,1874,2020,2020,2020,2020,2396,2146,2646,2646,2999,2982,2993,3438,3443,3613,3755,3811,3892
540,0.82028,0.80928,0.05851,0.06318,42.18,230,412,471,538,553,881,1199,1182,1399,1385,1533,1880,1874,2020,2020,2020,2020,2396,2145,2646,2646,2999,2982,2993,3438,3443,3613,3755,3811,3891
541,0.82046,0.80976,0.05848,0.0631,42.27,230,412,471,539,554,882,1199,1182,1399,1385,1533,1880,1874,2020,2020,2020,2020,2396,2144,2646,2646,2999,2982,2993,3437,3442,3613,3755,3811,3891
542,0.8205,0.80994,0.05848,0.06307,42.34,230,412,472,539,554,883,1199,1182,1399,1385,1534,1880,1874,2020,2020,2020,2020,2396,2143,2646,2646,2999,2982,2993,3437,3442,3613,3755,3811,3891
543,0.8205,0.80944,0.05848,0.06315,42.43,230,412,472,539,554,884,1199,1182,1399,1386,1534,1880,1874,2020,2020,2020,2020,2396,2142,2646,2646,2999,2982,2993,3437,3442,3613,3755,3811,3891
544,0.82059,0.81015,0.05846,0.06303,42.5,230,412,472,540,554,885,1200,1182,1399,1386,1534,1880,1874,2020,2020,2020,2020,2396,2141,2646,2646,2999,2982,2993,3436,3442,3613,3755,3811,3890
545,0.82076,0.8098,0.05844,0.06309,42.59,231,412,472,540,554,887,1200,1182,1399,1386,1534,1880,1874,2020,2020,2020,2020,2396,2140,2646,2646,2999,2982,2993,3436,3442,3613,3755,3811,3890
546,0.82088,0.81005,0.05842,0.06305,42.67,231,412,472,540,554,888,1200,1182,1399,1386,1535,1880,1874,2020,2020,2020,2020,2396,2139,2646,2646,2999,2981,2993,3436,3442,3613,3755,3811,3890
547,0.82092,0.81026,0.05841,0.06302,42.76,231,412,472,540,555,889,1201,1182,1399,1387,1535,1880,1874,2020,2020,2020,2020,2396,2138,2646,2646,2999,2981,2993,3436,3442,3613,3755,3811,3890
548,0.82096,0.80983,0.0584,0.06309,42.84,231,412,472,541,555,890,1201,1182,1399,1387,1535,1880,1874,2020,2020,2020,2020,2396,2137,2646,2646,2999,2981,2993,3435,3442,3613,3755,3811,3889
549,0.82104,0.81044,0.05839,0.06299,42.92,231,413,473,541,555,891,1201,1183,1399,1387,1535,1880,1874,2020,2020,2020,2020,2396,2136,2646,2646,2999,2981,2993,3435,3442,3613,3755,3811,3889
550,0.82116,0.8101,0.05837,0.06304,42.99,231,413,473,541,555,892,1202,1183,1399,1388,1536,1880,1874,2020,2020,2020,2020,2396,2136,2646,2646,2999,2981,2993,3435,3442,3613,3755,3811,3889
551,0.82127,0.81044,0.05835,0.06299,43.07,232,413,473,541,555,893,1202,1183,1399,1388,1536,1880,1874,2020,2020,2020,2020,2396,2135,2646,2646,2999,2981,2993,3434,3442,3613,3755,3811,3889
552,0.82135,0.81056,0.05834,0.06297,43.14,232,413,473,542,556,894,1202,1183,1400,1388,1536,1880,1874,2020,2020,2020,2020,2396,2134,2646,2646,2999,2981,2993,3434,3442,3613,3755,3811,3888
553,0.8214,0.81033,0.05833,0.063,43.22,232,413,473,542,556,895,1203,1183,1400,1388,1537,1880,1874,2020,2020,2020,2020,2396,2134,2646,2646,2999,2980,2993,3434,3442,3613,3755,3811,3888
554,0.82144,0.81087,0.05833,0.06291,43.28,232,413,473,542,556,896,1203,1183,1400,1388,1537,1880,1874,2020,2020,2020,2020,2396,2133,2646,2646,2999,2980,2993,3434,3442,3613,3755,3811,3888
555,0.82149,0.81027,0.05832,0.06301,43.35,232,413,474,543,556,897,1203,1183,1400,1389,1537,1880,1874,2020,2020,2020,2020,2396,2133,2646,2646,2999,2980,2993,3434,3441,3613,3755,3811,3887
556,0.82156,0.81102,0.05831,0.06289,43.42,233,413,474,543,556,898,1204,1183,1400,1389,1537,1880,1874,2020,2020,2020,2020,2396,2132,2646,2646,2999,2980,2993,3434,3441,3613,3755,3811,3887
557,0.82164,0.81037,0.05829,0.063,43.49,233,413,474,543,556,899,1204,1183,1400,1389,1538,1880,1874,2020,2020,2020,2020,2396,2132,2646,2646,2999,2980,2993,3434,3441,3613,3755,3811,3887
558,0.82174,0.81115,0.05828,0.06287,43.56,233,413,474,543,557,900,1204,1183,1400,1390,1538,1880,1874,2020,2020,2020,2020,2396,2131,2646,2646,2999,2980,2993,3434,3441,3613,3755,3811,3887
559,0.82185,0.81071,0.05826,0.06294,43.65,233,414,474,544,557,901,1205,1183,1400,1390,1538,1880,1874,2020,2020,2020,2020,2396,2131,2646,2646,2999,2980,2993,3434,3440,3613,3755,3811,3886
560,0.82196,0.81121,0.05824,0.06286,43.74,233,414,474,544,557,902,1205,1183,1400,1390,1539,1880,1874,2020,2020,2020,2020,2396,2130,2646,2646,2999,2980,2993,3434,3440,3613,3755,3811,3886
561,0.82206,0.81109,0.05822,0.06288,43.81,234,414,474,544,557,903,1205,1183,1400,1391,1539,1880,1874,2020,2020,2020,2020,2396,2130,2646,2646,2999,2979,2993,3434,3440,3613,3755,3811,3886
562,0.82214,0.81111,0.05821,0.06287,43.88,234,414,475,545,557,904,1205,1183,1400,1391,1539,1880,1874,2020,2020,2020,2020,2396,2130,2646,2646,2999,2979,2992,3434,3440,3613,3755,3811,3886
563,0.8222,0.81131,0.0582,0.06284,43.95,234,414,475,545,557,905,1206,1183,1401,1392,1539,1880,1874,2020,2020,2020,2020,2396,2129,2646,2646,2999,2979,2992,3434,3439,3613,3755,3811,3885
564,0.82227,0.81109,0.05819,0.06288,44.04,234,414,475,545,558,906,1206,1183,1401,1392,1540,1880,1874,2020,2020,2020,2020,2396,2129,2646,2646,2999,2979,2992,3435,3439,3613,3755,3811,3885
565,0.82234,0.81149,0.05818,0.06281,44.12,234,414,475,545,558,907,1206,1183,1401,1392,1540,1880,1874,2020,2020,2020,2020,2396,2129,2646,2646,2999,2979,2992,3435,3439,3613,3755,3811,3885
566,0.82243,0.81131,0.05816,0.06284,44.19,235,414,475,546,558,908,1207,1183,1401,1393,1540,1880,1874,2020,2020,2020,2020,2396,2128,2646,2646,2999,2979,2992,3435,3438,3613,3755,3811,3885
567,0.82252,0.81162,0.05815,0.06279,44.26,235,414,475,546,558,909,1207,1183,1401,1393,1540,1880,1874,2020,2020,2020,2020,2396,2128,2646,2646,2999,2979,2992,3435,3438,3613,3755,3811,3884
568,0.8226,0.81162,0.05814,0.06279,44.34,235,414,476,546,558,910,1207,1183,1401,1394,1541,1880,1874,2020,2020,2020,2020,2396,2128,2646,2646,2999,2978,2992,3435,3438,3613,3755,3811,3884
569,0.82267,0.81163,0.05812,0.06279,44.41,235,415,476,546,559,911,1208,1183,1401,1394,1541,1880,1874,2020,2020,2020,2020,2396,2127,2646,2645,2999,2978,2992,3435,3438,3613,3754,3811,3884
570,0.82274,0.8118,0.05811,0.06276,44.48,235,415,476,547,559,912,1208,1183,1401,1395,1541,1880,1874,2020,2020,2020,2020,2396,2127,2646,2645,2999,2978,2992,3435,3437,3613,3754,3811,3884
571,0.82281,0.81162,0.0581,0.06279,44.54,235,415,476,547,559,913,1208,1183,1401,1395,1542,1880,1874,2020,2020,2020,2020,2396,2127,2646,2645,2999,2978,2992,3435,3437,3613,3754,3811,3883
572,0.82288,0.81192,0.05809,0.06274,44.63,236,415,476,547,559,914,1209,1183,1401,1396,1542,1880,1874,2020,2020,2020,2020,2396,2127,2646,2645,2999,2978,2992,3435,3437,3613,3754,3811,3883
573,0.82295,0.81176,0.05808,0.06277,44.71,236,415,476,547,559,915,1209,1183,1401,1396,1542,1880,1874,2020,2020,2020,2020,2396,2126,2646,2645,2999,2978,2992,3435,3437,3613,3754,3811,3883
574,0.82303,0.81206,0.05806,0.06272,44.78,236,415,476,548,559,916,1209,1183,1401,1397,1543,1880,1874,2020,2020,2020,2020,2396,2126,2646,2645,2999,2978,2991,3435,3436,3613,3754,3811,3882
575,0.82311,0.81203,0.05805,0.06272,44.85,236,415,477,548,560,917,1210,1183,1401,1397,1543,1880,1874,2020,2020,2020,2020,2396,2126,2646,2645,2999,2977,2991,3435,3436,3613,3754,3811,3882
576,0.82318,0.81216,0.05804,0.0627,44.92,236,415,477,548,560,918,1210,1183,1401,1398,1543,1880,1874,2020,2020,2020,2020,2396,2125,2646,2645,2999,2977,2991,3435,3436,3613,3754,3811,3882
577,0.82325,0.81221,0.05803,0.06269,45.0,237,415,477,548,560,919,1210,1183,1401,1398,1543,1880,1874,2020,2020,2020,2020,2396,2125,2646,2645,2999,2977,2991,3435,3436,3613,3754,3811,3882
578,0.82332,0.8121,0.05802,0.06271,45.08,237,415,477,549,560,920,1211,1183,1401,1399,1544,1880,1874,2020,2020,2020,2020,2396,2125,2646,2645,2999,2977,2991,3435,3436,3613,3754,3811,3881
579,0.82338,0.81238,0.05801,0.06266,45.15,237,416,477,549,560,921,1211,1183,1401,1399,1544,1880,1874,2020,2020,2020,2020,2396,2125,2646,2645,2999,2977,2991,3435,3435,3613,3754,3811,3881
580,0.82342,0.81209,0.058,0.06271,45.23,237,416,477,549,561,922,1211,1183,1401,1399,1544,1880,1874,2020,2020,2020,2020,2396,2125,2646,2645,2999,2977,2991,3435,3435,3613,3754,3811,3881
581,0.82333,0.81296,0.05801,0.06257,45.31,237,416,478,549,561,923,1212,1183,1401,1400,1544,1880,1874,2020,2020,2020,2020,2396,2125,2646,2645,2999,2977,2991,3435,3435,3613,3753,3811,3881
582,0.82304,0.81132,0.05806,0.06284,45.38,238,416,478,550,561,924,1212,1183,1401,1400,1545,1880,1874,2020,2020,2020,2020,2396,2125,2646,2646,2999,2977,2991,3435,3435,3613,3753,3811,3880
583,0.82251,0.81241,0.05815,0.06266,45.45,238,416,478,550,561,925,1212,1183,1401,1402,1545,1880,1874,2020,2020,2020,2020,2396,2124,2646,2645,2999,2976,2991,3435,3435,3613,3753,3811,3880
584,0.82229,0.81004,0.05819,0.06305,45.52,238,416,478,550,561,926,1213,1183,1401,1403,1545,1880,1874,2020,2020,2020,2020,2396,2124,2646,2646,2999,2976,2991,3435,3435,3613,3753,3811,3880
585,0.82284,0.81253,0.0581,0.06264,45.6,238,416,478,551,561,927,1213,1183,1401,1404,1545,1880,1874,2020,2020,2020,2020,2396,2124,2646,2645,2999,2976,2991,3435,3434,3613,3753,3811,3879
586,0.82371,0.81215,0.05795,0.0627,45.68,238,416,478,551,562,928,1213,1183,1401,1405,1546,1880,1874,2020,2020,2020,2020,2396,2124,2646,2646,2999,2976,2991,3435,3434,3613,3753,3811,3879
587,0.82382,0.81241,0.05793,0.06266,45.75,239,416,479,551,562,929,1214,1183,1401,1406,1546,1880,1874,2020,2020,2020,2020,2396,2124,2646,2646,2999,2976,2991,3435,3434,3613,3753,3811,3879
588,0.82335,0.81301,0.05801,0.06256,45.82,239,416,479,551,562,930,1214,1183,1401,1407,1546,1880,1874,2020,2020,2020,2020,2396,2124,2646,2646,2998,2976,2991,3435,3434,3613,3753,3811,3879
589,0.82327,0.81138,0.05802,0.06283,45.91,239,417,479,552,562,931,1214,1182,1401,1408,1547,1880,1874,2020,2020,2020,2020,2396,2124,2646,2646,2999,2976,2991,3435,3434,3613,3753,3811,3878
590,0.82382,0.81312,0.05794,0.06254,45.98,239,417,479,552,562,932,1215,1183,1401,1409,1547,1880,1874,2020,2020,2020,2020,2396,2123,2646,2646,2998,2976,2991,3435,3434,3613,3753,3811,3878
591,0.82417,0.81295,0.05788,0.06257,46.06,239,417,479,552,563,933,1215,1182,1401,1410,1547,1880,1874,2020,2020,2020,2020,2396,2123,2646,2646,2998,2976,2991,3435,3434,3613,3753,3811,3878
592,0.82393,0.8122,0.05792,0.06269,46.15,239,417,479,552,563,934,1215,1182,1401,1410,1547,1880,1874,2020,2020,2020,2020,2396,2124,2646,2646,2999,2976,2991,3435,3434,3613,3753,3811,3877
593,0.82378,0.81326,0.05794,0.06251,46.22,240,417,479,553,563,935,1215,1182,1401,1411,1548,1880,1874,2020,2020,2020,2020,2396,2123,2645,2646,2998,2975,2991,3435,3435,3613,3753,3811,3877
594,0.82413,0.81252,0.05788,0.06264,46.29,240,417,480,553,563,936,1216,1182,1401,1411,1548,1880,1874,2020,2020,2020,2020,2396,2123,2646,2646,2998,2976,2991,3435,3435,3613,3753,3811,3877
595,0.82442,0.81324,0.05784,0.06252,46.37,240,417,480,553,563,937,1216,1182,1401,1412,1548,1880,1874,2020,2020,2020,2020,2396,2123,2646,2646,2998,2975,2991,3435,3435,3613,3753,3811,3877
596,0.8243,0.8135,0.05786,0.06248,46.45,240,417,480,553,563,938,1216,1182,1401,1412,1549,1880,1874,2020,2020,2020,2020,2396,2123,2646,2645,2998,2975,2991,3435,3435,3613,3753,3811,3876
597,0.82421,0.81243,0.05787,0.06265,46.54,240,417,480,554,564,939,1217,1182,1401,1413,1549,1880,1874,2020,2020,2020,2020,2396,2123,2646,2645,2998,2975,2991,3435,3435,3613,3753,3811,3876
598,0.82445,0.8135,0.05783,0.06247,46.61,241,417,480,554,564,940,1217,1182,1401,1413,1549,1880,1874,2020,2020,2020,2020,2396,2123,2646,2645,2998,2975,2991,3435,3435,3613,3753,3811,3876
599,0.82467,0.81333,0.05779,0.0625,46.69,241,417,480,554,564,941,1217,1182,1401,1414,1550,1880,1874,2020,2020,2020,2020,2396,2123,2646,2645,2998,2975,2991,3435,3435,3613,3753,3811,3875
600,0.8246,0.81297,0.05781,0.06256,46.75,241,418,481,554,564,942,1218,1182,1401,1414,1550,1880,1874,2020,2020,2020,2020,2396,2123,2646,2645,2998,2975,2991,3435,3435,3613,3753,3811,3875
601,0.82455,0.81376,0.05781,0.06243,46.83,241,418,481,555,564,943,1218,1182,1401,1414,1550,1880,1874,2020,2020,2020,2020,2396,2123,2646,2645,2998,2975,2991,3435,3435,3613,3752,3811,3875
602,0.82475,0.81323,0.05778,0.06252,46.91,241,418,481,555,565,944,1218,1182,1401,1415,1550,1880,1874,2020,2020,2020,2020,2396,2123,2646,2645,2998,2975,2991,3435,3435,3613,3752,3811,3875
603,0.82491,0.81365,0.05775,0.06245,46.99,242,418,481,555,565,945,1219,1182,1401,1415,1551,1880,1874,2020,2020,2020,2020,2396,2123,2646,2645,2998,2975,2991,3435,3435,3613,3752,3811,3874
604,0.82488,0.81389,0.05776,0.06241,47.06,242,418,481,555,565,946,1219,1182,1401,1415,1551,1880,1874,2020,2020,2020,2020,2396,2123,2646,2645,2998,2975,2991,3435,3435,3613,3752,3811,3874
605,0.82488,0.81321,0.05776,0.06252,47.14,242,418,481,556,565,947,1220,1182,1401,1416,1551,1880,1874,2020,2020,2020,2020,2396,2124,2646,2645,2998,2975,2991,3435,3435,3613,3752,3811,3874
606,0.82502,0.81393,0.05774,0.0624,47.21,242,418,481,556,565,948,1220,1182,1401,1416,1552,1880,1874,2020,2020,2020,2020,2396,2123,2646,2645,2998,2974,2991,3435,3435,3613,3752,3811,3873
607,0.82515,0.81381,0.05772,0.06242,47.29,242,418,481,556,565,949,1220,1182,1401,1416,1552,1880,1874,2020,2020,2020,2020,2396,2124,2646,2645,2998,2974,2991,3435,3435,3613,3752,3811,3873
608,0.82515,0.8136,0.05772,0.06246,47.37,243,418,482,556,566,950,1221,1183,1401,1416,1552,1880,1874,2020,2020,2020,2020,2396,2124,2646,2645,2998,2974,2991,3435,3435,3613,3752,3811,3873
609,0.82516,0.81415,0.05771,0.06237,47.44,243,418,482,557,566,951,1221,1183,1401,1417,1552,1880,1874,2020,2020,2020,2020,2396,2123,2645,2645,2998,2974,2991,3435,3435,3613,3752,3811,3873
610,0.82527,0.81372,0.0577,0.06244,47.52,243,419,482,557,566,952,1221,1183,1401,1417,1553,1880,1874,2020,2020,2020,2020,2396,2124,2645,2645,2998,2974,2991,3435,3435,3613,3752,3811,3872
611,0.82538,0.81404,0.05768,0.06238,47.59,243,419,482,557,566,953,1222,1183,1401,1417,1553,1880,1874,2020,2020,2020,2020,2396,2124,2645,2645,2998,2974,2991,3435,3435,3613,3752,3811,3872
612,0.8254,0.81419,0.05767,0.06236,47.67,243,419,482,557,566,954,1222,1183,1401,1418,1553,1880,1874,2020,2020,2020,2020,2396,2124,2645,2645,2998,2974,2991,3435,3435,3613,3752,3811,3872
613,0.82542,0.81378,0.05767,0.06243,47.75,244,419,482,558,567,955,1222,1183,1401,1418,1554,1880,1874,2020,2020,2020,2020,2396,2124,2645,2645,2998,2974,2991,3435,3435,3613,3752,3811,3871
614,0.8255,0.81434,0.05766,0.06233,47.83,244,419,483,558,567,956,1223,1183,1401,1418,1554,1880,1874,2020,2020,2020,2020,2396,2124,2645,2645,2998,2973,2991,3435,3435,3613,3752,3811,3871
615,0.8256,0.81418,0.05764,0.06236,47.91,244,419,483,558,567,957,1223,1183,1401,1418,1554,1880,1874,2020,2020,2020,2020,2396,2124,2645,2645,2998,2973,2991,3435,3435,3613,3752,3811,3871
616,0.82565,0.81421,0.05763,0.06236,47.99,244,419,483,558,567,958,1223,1183,1401,1418,1554,1880,1874,2020,2020,2020,2020,2396,2124,2645,2645,2998,2973,2991,3435,3435,3613,3752,3811,3871
617,0.82567,0.81449,0.05763,0.06231,48.06,244,419,483,559,567,959,1224,1183,1401,1418,1555,1880,1874,2020,2020,2020,2020,2396,2124,2645,2644,2998,2973,2991,3435,3435,3613,3752,3811,3870
618,0.82573,0.81411,0.05762,0.06237,48.12,245,419,483,559,568,960,1224,1183,1401,1419,1555,1880,1874,2020,2020,2020,2020,2396,2124,2645,2644,2998,2973,2991,3435,3435,3613,3752,3811,3870
619,0.82581,0.81449,0.05761,0.06231,48.19,245,419,483,559,568,961,1224,1183,1401,1419,1555,1880,1874,2020,2020,2020,2020,2396,2124,2645,2644,2998,2973,2991,3435,3435,3613,3752,3811,3870
620,0.82588,0.81445,0.05759,0.06231,48.27,245,419,484,560,568,962,1225,1183,1401,1419,1556,1880,1874,2020,2020,2020,2020,2396,2124,2645,2644,2998,2973,2991,3435,3435,3613,3752,3811,3869
621,0.82592,0.81435,0.05759,0.06233,48.35,245,419,484,560,568,963,1225,1183,1401,1419,1556,1880,1874,2020,2020,2020,2020,2396,2124,2645,2643,2998,2972,2991,3435,3435,3613,3752,3811,3869
622,0.82596,0.8147,0.05758,0.06227,48.44,245,420,484,560,568,964,1225,1183,1401,1419,1556,1880,1874,2020,2020,2020,2020,2396,2124,2645,2643,2998,2972,2990,3435,3435,3613,3752,3811,3869
623,0.82603,0.81442,0.05757,0.06232,48.51,246,420,484,560,569,965,1226,1183,1401,1420,1557,1880,1874,2020,2020,2020,2020,2395,2124,2645,2643,2998,2972,2990,3435,3435,3613,3752,3811,3869
624,0.8261,0.81469,0.05756,0.06228,48.59,246,420,484,561,569,966,1226,1183,1401,1420,1557,1880,1874,2020,2020,2020,2020,2395,2124,2645,2642,2998,2972,2990,3435,3435,3613,3752,3811,3868
625,0.82616,0.81473,0.05755,0.06227,48.66,246,420,484,561,569,967,1226,1183,1401,1420,1557,1880,1874,2020,2020,2020,2020,2395,2124,2645,2642,2998,2972,2990,3435,3435,3613,3752,3811,3868
626,0.8262,0.81461,0.05754,0.06229,48.73,246,420,485,561,569,968,1227,1183,1401,1420,1558,1880,1874,2020,2020,2020,2020,2394,2124,2645,2642,2998,2972,2990,3435,3435,3613,3752,3811,3868
627,0.82625,0.81492,0.05753,0.06224,48.8,246,420,485,561,569,969,1227,1183,1401,1420,1558,1880,1874,2020,2020,2020,2020,2394,2124,2645,2642,2998,2972,2990,3435,3435,3613,3752,3811,3867
628,0.82631,0.81474,0.05752,0.06227,48.87,246,420,485,562,570,969,1227,1183,1401,1421,1558,1880,1874,2020,2020,2020,2020,2394,2124,2645,2641,2998,2971,2990,3435,3435,3613,3752,3811,3867
629,0.82637,0.81493,0.05751,0.06223,48.94,247,420,485,562,570,970,1228,1183,1401,1421,1558,1880,1874,2020,2020,2020,2020,2393,2124,2645,2641,2998,2971,2990,3435,3435,3613,3752,3811,3867
630,0.82643,0.81497,0.0575,0.06223,49.02,247,420,485,562,570,971,1228,1183,1401,1421,1559,1880,1874,2020,2020,2020,2020,2393,2124,2645,2641,2998,2971,2990,3435,3435,3613,3752,3811,3867
631,0.82647,0.81485,0.0575,0.06225,49.09,247,420,485,562,570,972,1229,1183,1401,1421,1559,1880,1874,2020,2020,2020,2020,2393,2124,2645,2640,2998,2971,2990,3435,3435,3613,3752,3811,3866
632,0.82652,0.81509,0.05749,0.06221,49.16,247,420,485,563,570,973,1229,1183,1401,1421,1559,1880,1874,2020,2020,2020,2020,2392,2124,2645,2640,2998,2971,2990,3435,3435,3613,3752,3811,3866
633,0.82657,0.81495,0.05748,0.06223,49.22,247,421,486,563,571,974,1229,1183,1401,1421,1560,1880,1874,2020,2020,2020,2020,2392,2124,2644,2640,2998,2971,2990,3435,3435,3613,3752,3811,3866
634,0.82663,0.81517,0.05747,0.06219,49.29,248,421,486,563,571,975,1230,1183,1401,1421,1560,1880,1874,2020,2020,2020,2020,2391,2124,2644,2640,2998,2971,2990,3435,3435,3613,3752,3811,3865
635,0.82669,0.8152,0.05746,0.06219,49.38,248,421,486,564,571,976,1230,1183,1401,1421,1560,1880,1874,2020,2020,2020,2020,2391,2124,2644,2639,2998,2970,2990,3435,3435,3613,3752,3811,3865
636,0.82674,0.81518,0.05745,0.06219,49.45,248,421,486,564,571,977,1230,1183,1401,1422,1561,1880,1874,2020,2020,2020,2020,2391,2124,2643,2639,2998,2970,2990,3435,3435,3613,3752,3811,3865
637,0.82678,0.81535,0.05745,0.06216,49.53,248,421,486,564,571,978,1231,1183,1401,1422,1561,1880,1874,2020,2020,2020,2020,2390,2123,2643,2639,2998,2970,2990,3435,3435,3613,3752,3811,3864
638,0.82683,0.81524,0.05744,0.06218,49.61,248,421,487,564,572,979,1231,1183,1401,1422,1561,1880,1874,2020,2020,2020,2020,2390,2123,2642,2638,2998,2970,2990,3435,3435,3613,3752,3811,3864
639,0.82689,0.8154,0.05743,0.06216,49.69,249,421,487,565,572,980,1231,1184,1401,1422,1562,1880,1874,2020,2020,2020,2020,2389,2123,2642,2638,2998,2970,2989,3435,3435,3613,3752,3811,3864
640,0.82694,0.81539,0.05742,0.06216,49.77,249,421,487,565,572,981,1232,1184,1401,1422,1562,1880,1874,2020,2020,2020,2020,2389,2123,2641,2638,2998,2970,2989,3435,3435,3613,3752,3811,3864
641,0.82699,0.81544,0.05741,0.06215,49.84,249,421,487,565,572,982,1232,1184,1401,1422,1562,1880,1874,2020,2020,2020,2020,2388,2123,2641,2638,2998,2970,2989,3435,3435,3613,3752,3811,3863
642,0.82704,0.81556,0.0574,0.06213,49.91,249,421,487,565,572,983,1233,1184,1401,1422,1563,1880,1874,2020,2020,2020,2020,2388,2123,2640,2638,2998,2970,2989,3435,3435,3613,3752,3811,3863
643,0.82709,0.81551,0.0574,0.06214,49.98,249,421,487,566,573,984,1233,1184,1400,1423,1563,1880,1874,2020,2020,2020,2020,2387,2123,2640,2638,2998,2970,2989,3435,3435,3613,3752,3811,3863
644,0.82714,0.81567,0.05739,0.06211,50.07,250,422,487,566,573,985,1233,1184,1400,1423,1563,1880,1874,2020,2020,2020,2020,2387,2123,2640,2638,2998,2969,2989,3435,3435,3613,3752,3811,3862
645,0.82719,0.81562,0.05738,0.06212,50.14,250,422,488,566,573,986,1234,1184,1400,1423,1564,1880,1874,2020,2020,2020,2020,2387,2123,2639,2638,2998,2969,2989,3435,3435,3613,3752,3811,3862
646,0.82724,0.81569,0.05737,0.06211,50.21,250,422,488,566,573,987,1234,1184,1400,1423,1564,1880,1874,2020,2020,2020,2020,2386,2123,2639,2638,2998,2969,2989,3435,3435,3613,3752,3811,3862
647,0.82729,0.81574,0.05736,0.0621,50.28,250,422,488,567,574,988,1235,1184,1400,1423,1564,1880,1874,2020,2020,2020,2020,2386,2123,2638,2638,2998,2969,2989,3435,3435,3613,3752,3811,3862
648,0.82734,0.81573,0.05735,0.0621,50.37,250,422,488,567,574,989,1235,1185,1400,1423,1565,1880,1874,2020,2020,2020,2020,2385,2123,2638,2638,2998,2969,2989,3435,3435,3613,3752,3811,3861
649,0.82738,0.81585,0.05735,0.06208,50.45,251,422,488,567,574,990,1235,1185,1400,1423,1565,1880,1874,2020,2020,2020,2020,2385,2123,2638,2638,2998,2969,2989,3435,3435,3613,3752,3811,3861
650,0.82744,0.81582,0.05734,0.06209,50.52,251,422,488,568,574,990,1236,1185,1400,1424,1565,1880,1874,2020,2020,2020,2020,2384,2123,2638,2638,2998,2969,2989,3435,3435,3613,3752,3811,3861
651,0.82749,0.81595,0.05733,0.06206,50.59,251,422,489,568,574,991,1236,1185,1400,1424,1566,1881,1874,2020,2020,2020,2020,2384,2123,2638,2638,2998,2969,2989,3435,3435,3613,3752,3811,3860
652,0.82754,0.81595,0.05732,0.06206,50.68,251,422,489,568,575,992,1236,1185,1400,1424,1566,1881,1874,2020,2020,2020,2020,2383,2123,2638,2639,2998,2969,2989,3435,3435,3613,3752,3811,3860
653,0.82759,0.81601,0.05731,0.06205,50.76,251,422,489,568,575,993,1237,1185,1400,1424,1566,1881,1874,2020,2020,2020,2020,2383,2123,2639,2639,2998,2969,2989,3435,3435,3613,3752,3811,3860
654,0.82764,0.81607,0.0573,0.06204,50.83,252,422,489,569,575,994,1237,1185,1400,1424,1567,1881,1874,2020,2020,2020,2020,2382,2123,2639,2639,2998,2969,2989,3435,3435,3613,3752,3811,3859
655,0.82769,0.81607,0.05729,0.06204,50.91,252,423,489,569,575,995,1238,1185,1400,1424,1567,1881,1874,2020,2020,2020,2020,2382,2123,2639,2639,2998,2968,2989,3435,3435,3613,3752,3811,3859
656,0.82774,0.81619,0.05729,0.06202,50.99,252,423,490,569,575,996,1238,1185,1400,1424,1567,1881,1874,2020,2020,2020,2020,2381,2123,2639,2639,2998,2968,2989,3435,3435,3613,3752,3811,3859
657,0.82779,0.81615,0.05728,0.06203,51.07,252,423,490,569,576,997,1239,1185,1400,1424,1568,1881,1874,2020,2020,2020,2020,2381,2123,2639,2639,2998,2968,2989,3435,3435,3613,3752,3811,3859
658,0.82784,0.81626,0.05727,0.06201,51.14,252,423,490,570,576,998,1239,1185,1400,1424,1568,1881,1874,2020,2020,2020,2020,2380,2123,2639,2639,2998,2968,2989,3435,3435,3613,3752,3811,3858
659,0.82789,0.81622,0.05726,0.06202,51.22,253,423,490,570,576,999,1239,1185,1400,1425,1568,1880,1874,2020,2020,2020,2020,2380,2123,2638,2639,2998,2968,2989,3435,3435,3613,3752,3811,3858
660,0.82794,0.81631,0.05725,0.062,51.31,253,423,490,570,576,1000,1240,1185,1400,1425,1569,1880,1874,2020,2020,2020,2020,2379,2123,2638,2638,2998,2968,2989,3435,3435,3613,3752,3811,3858
661,0.82798,0.81629,0.05725,0.06201,51.4,253,423,490,571,577,1001,1240,1185,1400,1425,1569,1880,1874,2020,2020,2020,2020,2379,2123,2638,2638,2998,2968,2989,3435,3435,3613,3752,3811,3857
662,0.82803,0.81636,0.05724,0.06199,51.47,253,423,491,571,577,1002,1241,1185,1400,1425,1569,1880,1874,2020,2020,2020,2020,2378,2123,2638,2638,2998,2968,2989,3435,3435,3613,3752,3811,3857
663,0.82808,0.8164,0.05723,0.06199,51.54,253,423,491,571,577,1003,1241,1185,1400,1425,1570,1880,1874,2020,2020,2020,2020,2378,2123,2638,2638,2998,2968,2989,3435,3435,3613,3752,3811,3857
664,0.82813,0.81645,0.05722,0.06198,51.61,254,423,491,571,577,1004,1242,1184,1400,1425,1570,1880,1874,2020,2020,2020,2020,2378,2123,2639,2638,2998,2968,2989,3435,3435,3613,3752,3811,3856
665,0.82818,0.81651,0.05721,0.06197,51.68,254,423,491,572,577,1005,1242,1184,1400,1425,1570,1880,1874,2020,2020,2020,2020,2377,2123,2639,2638,2998,2968,2989,3435,3435,3613,3752,3811,3856
666,0.82823,0.81652,0.0572,0.06197,51.75,254,423,491,572,578,1006,1242,1184,1400,1425,1571,1880,1874,2020,2020,2020,2020,2377,2123,2639,2639,2998,2967,2989,3435,3435,3613,3752,3811,3856
667,0.82828,0.81659,0.0572,0.06196,51.83,254,424,492,572,578,1006,1243,1184,1400,1426,1571,1880,1874,2020,2020,2020,2020,2376,2123,2639,2639,2998,2967,2989,3435,3435,3613,3752,3811,3856
668,0.82832,0.81658,0.05719,0.06196,51.91,255,424,492,573,578,1007,1243,1184,1400,1426,1571,1880,1874,2020,2020,2020,2020,2375,2123,2639,2639,2998,2967,2989,3435,3435,3613,3752,3811,3855
669,0.82837,0.81668,0.05718,0.06194,51.97,255,424,492,573,578,1008,1244,1184,1400,1426,1572,1880,1874,2020,2020,2020,2020,2375,2123,2638,2639,2998,2967,2989,3435,3435,3613,3752,3811,3855
670,0.82842,0.81668,0.05717,0.06194,52.06,255,424,492,573,579,1009,1244,1184,1400,1426,1572,1880,1874,2020,2020,2020,2020,2374,2123,2638,2639,2998,2967,2989,3435,3435,3613,3752,3811,3855
671,0.82847,0.81681,0.05717,0.06192,52.14,255,424,492,573,579,1010,1245,1184,1400,1426,1572,1880,1874,2020,2020,2020,2020,2374,2123,2638,2639,2998,2967,2989,3435,3435,3613,3752,3811,3854
672,0.82851,0.81678,0.05716,0.06192,52.23,255,424,493,574,579,1011,1245,1184,1400,1426,1573,1880,1874,2020,2020,2020,2020,2373,2123,2639,2639,2998,2967,2989,3435,3435,3613,3752,3811,3854
673,0.82856,0.81689,0.05715,0.0619,52.32,256,424,493,574,579,1012,1245,1184,1401,1426,1573,1880,1874,2020,2020,2020,2020,2373,2123,2639,2639,2998,2967,2989,3435,3435,3613,3752,3811,3854
674,0.82861,0.81683,0.05714,0.06192,52.39,256,424,493,574,579,1013,1246,1184,1401,1426,1573,1880,1874,2020,2020,2020,2020,2372,2123,2639,2639,2998,2967,2989,3435,3435,3613,3752,3811,3853
675,0.82866,0.81697,0.05713,0.06189,52.46,256,424,493,574,580,1014,1246,1184,1401,1426,1574,1880,1874,2020,2020,2020,2020,2372,2123,2639,2638,2998,2967,2989,3435,3435,3613,3752,3811,3853
676,0.8287,0.81688,0.05713,0.06191,52.53,256,424,494,575,580,1015,1247,1184,1401,1426,1574,1880,1874,2020,2020,2020,2020,2371,2123,2639,2638,2998,2967,2989,3435,3435,3613,3752,3811,3853
677,0.82875,0.81707,0.05712,0.06187,52.6,256,424,494,575,580,1016,1247,1184,1401,1426,1574,1880,1874,2020,2020,2020,2020,2371,2123,2639,2638,2998,2967,2989,3435,3435,3613,3752,3811,3852
678,0.82879,0.8169,0.05711,0.0619,52.67,257,424,494,575,580,1017,1247,1184,1401,1426,1575,1880,1874,2020,2020,2020,2020,2370,2123,2639,2638,2998,2967,2989,3435,3435,3613,3752,3811,3852
679,0.82883,0.81717,0.05711,0.06186,52.75,257,424,494,576,581,1018,1248,1184,1401,1426,1575,1880,1874,2020,2020,2020,2020,2370,2123,2638,2638,2998,2966,2989,3435,3435,3613,3752,3811,3852
680,0.82887,0.81692,0.0571,0.0619,52.83,257,425,494,576,581,1019,1248,1184,1401,1426,1576,1880,1874,2020,2020,2020,2020,2369,2123,2638,2639,2998,2966,2989,3435,3435,3613,3752,3811,3851
681,0.82891,0.8173,0.05709,0.06184,52.91,257,425,495,576,581,1019,1249,1184,1401,1426,1576,1880,1874,2020,2020,2020,2020,2369,2123,2639,2639,2997,2966,2989,3435,3435,3613,3752,3811,3851
682,0.82895,0.81698,0.05709,0.06189,52.99,257,425,495,577,581,1020,1249,1184,1401,1426,1576,1880,1874,2020,2020,2020,2020,2368,2123,2639,2639,2997,2966,2989,3435,3435,3613,3752,3811,3851
683,0.82899,0.81744,0.05708,0.06181,53.07,258,425,495,577,582,1021,1249,1185,1401,1426,1577,1880,1874,2020,2020,2020,2020,2367,2123,2639,2639,2997,2966,2989,3435,3435,3613,3752,3811,3850
684,0.82903,0.81701,0.05707,0.06188,53.16,258,425,495,577,582,1022,1250,1184,1401,1426,1577,1880,1874,2020,2020,2020,2020,2367,2123,2639,2639,2997,2966,2989,3435,3435,3613,3752,3811,3850
685,0.82907,0.81752,0.05707,0.0618,53.23,258,425,495,577,582,1023,1250,1185,1401,1426,1577,1880,1874,2020,2020,2020,2020,2366,2123,2639,2639,2997,2966,2989,3435,3435,3613,3752,3811,3850
686,0.8291,0.817,0.05706,0.06189,53.32,258,425,496,578,582,1024,1251,1184,1401,1425,1578,1880,1874,2020,2020,2020,2020,2366,2123,2639,2639,2997,2966,2989,3435,3435,3613,3752,3811,3849
687,0.82914,0.81759,0.05705,0.06179,53.41,258,425,496,578,583,1025,1251,1185,1401,1425,1578,1880,1874,2020,2020,2020,2020,2365,2123,2638,2639,2997,2966,2989,3435,3435,3613,3752,3811,3849
688,0.82918,0.81704,0.05705,0.06188,53.48,259,425,496,578,583,1026,1252,1184,1401,1425,1579,1880,1874,2020,2020,2020,2020,2365,2123,2639,2639,2997,2966,2989,3435,3435,3613,3752,3811,3849
689,0.82922,0.81771,0.05704,0.06177,53.56,259,425,496,578,583,1027,1252,1185,1401,1425,1579,1880,1874,2020,2020,2020,2020,2364,2123,2639,2638,2997,2965,2989,3435,3435,3613,3752,3811,3848
690,0.82926,0.81713,0.05703,0.06186,53.64,259,425,496,579,583,1028,1252,1184,1401,1425,1579,1880,1874,2020,2020,2020,2020,2364,2123,2639,2639,2997,2965,2989,3435,3435,3613,3752,3811,3848
691,0.82931,0.81782,0.05702,0.06175,53.71,259,426,497,579,584,1029,1253,1185,1401,1425,1580,1880,1874,2020,2020,2020,2020,2363,2123,2639,2638,2997,2965,2989,3435,3435,3613,3752,3811,3848
692,0.82937,0.81722,0.05702,0.06185,53.78,259,426,497,579,584,1030,1253,1184,1401,1425,1580,1880,1874,2020,2020,2020,2020,2362,2123,2639,2639,2997,2965,2989,3435,3435,3613,3752,3811,3847
693,0.82942,0.81788,0.05701,0.06174,53.86,260,426,497,580,584,1030,1254,1184,1401,1425,1581,1880,1874,2020,2020,2020,2020,2362,2123,2639,2639,2997,2965,2989,3435,3435,3613,3751,3811,3847
694,0.82948,0.81732,0.057,0.06183,53.94,260,426,497,580,584,1031,1254,1184,1401,1425,1581,1880,1874,2020,2020,2020,2020,2361,2123,2639,2639,2997,2965,2989,3435,3435,3613,3752,3811,3847
695,0.82954,0.81793,0.05699,0.06173,54.01,260,426,498,580,584,1032,1255,1184,1401,1425,1581,1880,1874,2020,2020,2020,2020,2361,2123,2639,2639,2997,2965,2989,3435,3435,3613,3751,3811,3846
696,0.8296,0.8175,0.05698,0.0618,54.09,260,426,498,581,585,1033,1255,1184,1401,1425,1582,1880,1874,2020,2020,2020,2020,2360,2123,2639,2639,2997,2965,2989,3435,3435,3613,3751,3811,3846
697,0.82966,0.81803,0.05697,0.06171,54.17,260,426,498,581,585,1034,1256,1184,1401,1425,1582,1880,1874,2020,2020,2020,2020,2360,2123,2639,2639,2997,2965,2989,3435,3435,3613,3751,3811,3845
698,0.82973,0.81771,0.05696,0.06177,54.24,261,426,498,581,585,1035,1256,1184,1401,1425,1583,1880,1874,2020,2020,2020,2020,2359,2123,2639,2639,2997,2965,2989,3435,3435,3613,3751,3811,3845
699,0.82979,0.81808,0.05695,0.0617,54.31,261,426,498,581,585,1036,1256,1184,1401,1425,1583,1880,1874,2020,2020,2020,2020,2358,2122,2639,2639,2997,2965,2989,3435,3435,3613,3751,3811,3845
700,0.82985,0.81786,0.05694,0.06174,54.38,261,426,499,582,586,1037,1257,1184,1401,1425,1583,1880,1874,2020,2020,2020,2020,2358,2122,2639,2639,2997,2965,2989,3435,3435,3613,3751,3811,3844
701,0.8299,0.81807,0.05693,0.06171,54.46,261,426,499,582,586,1038,1257,1184,1401,1425,1584,1880,1874,2020,2020,2020,2020,2357,2122,2639,2639,2997,2965,2989,3435,3435,3613,3751,3811,3844
702,0.82996,0.81798,0.05692,0.06172,54.54,262,426,499,582,586,1039,1258,1184,1401,1425,1584,1880,1874,2020,2020,2020,2020,2357,2122,2639,2639,2997,2965,2989,3435,3435,3613,3751,3811,3843
703,0.83001,0.81807,0.05691,0.0617,54.63,262,426,499,583,586,1040,1258,1184,1401,1425,1585,1880,1874,2020,2020,2020,2020,2356,2122,2639,2639,2997,2965,2989,3435,3435,3613,3751,3811,3843
704,0.83006,0.81813,0.0569,0.06169,54.71,262,427,500,583,587,1040,1259,1184,1401,1425,1585,1880,1874,2020,2020,2020,2020,2355,2122,2639,2639,2997,2965,2989,3435,3435,3613,3751,3811,3843
705,0.83011,0.8181,0.05689,0.0617,54.78,262,427,500,583,587,1041,1259,1184,1401,1425,1585,1880,1874,2020,2020,2020,2020,2355,2122,2639,2639,2996,2965,2989,3435,3435,3613,3751,3811,3842
706,0.83015,0.81827,0.05688,0.06167,54.87,262,427,500,584,587,1042,1259,1184,1401,1426,1586,1880,1874,2020,2020,2020,2020,2354,2122,2639,2639,2996,2965,2989,3435,3435,3613,3751,3811,3842
707,0.8302,0.81816,0.05688,0.06169,54.95,263,427,500,584,587,1043,1260,1184,1401,1426,1586,1880,1874,2020,2020,2020,2020,2354,2122,2639,2639,2996,2965,2989,3435,3435,3613,3751,3811,3841
708,0.83025,0.81846,0.05687,0.06164,55.03,263,427,501,584,588,1044,1260,1184,1401,1426,1586,1880,1874,2020,2020,2020,2020,2353,2121,2639,2639,2996,2965,2989,3435,3435,3613,3751,3811,3841
709,0.83029,0.81823,0.05686,0.06168,55.11,263,427,501,585,588,1045,1261,1184,1401,1426,1587,1880,1874,2020,2020,2020,2020,2352,2121,2639,2639,2996,2965,2989,3435,3435,3613,3751,3811,3841
710,0.83033,0.81862,0.05685,0.06161,55.21,263,427,501,585,588,1046,1261,1184,1401,1426,1587,1880,1874,2020,2020,2020,2020,2352,2121,2639,2639,2996,2964,2989,3435,3435,3613,3751,3811,3840
711,0.83036,0.81822,0.05685,0.06168,55.28,263,427,501,585,588,1047,1262,1184,1401,1425,1588,1880,1874,2020,2020,2020,2020,2351,2121,2639,2639,2996,2965,2989,3435,3435,3613,3751,3811,3840
712,0.83039,0.81875,0.05684,0.06159,55.36,264,427,501,586,589,1048,1262,1184,1401,1425,1588,1880,1874,2020,2020,2020,2020,2351,2121,2639,2639,2996,2964,2989,3435,3435,3613,3751,3811,3839
713,0.83041,0.81813,0.05684,0.0617,55.43,264,427,502,586,589,1048,1263,1184,1401,1425,1589,1880,1874,2020,2020,2020,2020,2350,2121,2639,2639,2996,2964,2989,3435,3435,3613,3751,3811,3839
714,0.83041,0.81889,0.05684,0.06157,55.51,264,427,502,586,589,1049,1263,1185,1401,1425,1589,1880,1874,2020,2020,2020,2020,2349,2121,2639,2639,2996,2964,2989,3435,3435,3613,3751,3811,3838
715,0.8304,0.81801,0.05684,0.06171,55.58,264,427,502,586,590,1050,1263,1184,1401,1425,1589,1880,1874,2020,2020,2020,2020,2349,2121,2639,2639,2996,2964,2989,3435,3435,3613,3751,3811,3838
716,0.8304,0.81905,0.05684,0.06154,55.66,264,427,502,587,590,1051,1264,1185,1401,1425,1590,1880,1874,2020,2020,2020,2020,2348,2120,2639,2639,2996,2964,2989,3435,3435,3613,3751,3811,3838
717,0.83041,0.81795,0.05684,0.06172,55.74,265,428,503,587,590,1052,1264,1184,1401,1425,1590,1880,1874,2020,2020,2020,2020,2347,2120,2639,2639,2996,2964,2989,3435,3435,3613,3751,3811,3837
718,0.83043,0.81915,0.05684,0.06152,55.82,265,428,503,587,590,1053,1265,1185,1401,1425,1591,1880,1874,2020,2020,2020,2020,2347,2120,2639,2639,2996,2964,2989,3435,3435,3613,3751,3811,3837
719,0.83051,0.81802,0.05682,0.06171,55.91,265,428,503,588,591,1054,1265,1184,1401,1425,1591,1880,1874,2020,2020,2020,2020,2346,2120,2639,2639,2996,2964,2989,3435,3435,3613,3751,3811,3836
720,0.83064,0.81919,0.0568,0.06151,55.98,265,428,503,588,591,1055,1266,1185,1401,1425,1592,1880,1874,2020,2020,2020,2020,2346,2120,2639,2639,2996,2964,2989,3435,3435,3613,3751,3811,3836
721,0.83079,0.81842,0.05678,0.06165,56.05,266,428,504,588,591,1055,1266,1184,1401,1425,1592,1880,1874,2020,2020,2020,2020,2345,2120,2639,2639,2996,2964,2989,3435,3435,3613,3751,3811,3835
722,0.83093,0.81918,0.05675,0.06152,56.13,266,428,504,589,591,1056,1266,1184,1401,1425,1592,1880,1874,2020,2020,2020,2020,2344,2120,2639,2639,2996,2964,2989,3435,3435,3613,3751,3810,3835
723,0.83104,0.81896,0.05674,0.06155,56.26,266,428,504,589,592,1057,1267,1184,1401,1425,1593,1880,1874,2020,2020,2020,2020,2344,2121,2639,2639,2996,2964,2989,3435,3435,3613,3751,3810,3834
724,0.83109,0.81904,0.05673,0.06154,56.37,266,428,505,589,592,1058,1267,1184,1401,1425,1593,1880,1874,2020,2020,2020,2020,2343,2121,2639,2639,2996,2964,2989,3435,3435,3613,3751,3810,3834
725,0.8311,0.81935,0.05673,0.06149,56.46,266,428,505,590,592,1059,1268,1185,1401,1425,1594,1880,1874,2020,2020,2020,2020,2343,2121,2639,2639,2996,2964,2989,3435,3435,3613,3751,3810,3834
726,0.83109,0.81882,0.05673,0.06158,56.56,267,428,505,590,592,1060,1268,1184,1401,1425,1594,1880,1874,2020,2020,2020,2020,2342,2121,2639,2639,2996,2964,2989,3435,3435,3613,3751,3810,3833
727,0.8311,0.81948,0.05672,0.06147,56.64,267,428,505,590,593,1061,1269,1185,1401,1425,1595,1880,1874,2020,2020,2020,2020,2341,2121,2639,2639,2996,2964,2989,3435,3435,3613,3751,3810,3833
728,0.83114,0.81874,0.05672,0.06159,56.71,267,428,506,591,593,1062,1269,1184,1401,1425,1595,1880,1874,2020,2020,2020,2020,2341,2121,2639,2639,2996,2964,2989,3435,3435,3613,3751,3810,3832
729,0.83121,0.81952,0.05671,0.06146,56.78,267,429,506,591,593,1062,1270,1185,1401,1425,1595,1880,1874,2020,2020,2020,2020,2340,2121,2639,2639,2996,2964,2989,3435,3435,3613,3751,3810,3832
730,0.8313,0.81899,0.05669,0.06155,56.86,267,429,506,591,593,1063,1270,1184,1401,1425,1596,1880,1874,2020,2020,2020,2020,2339,2121,2639,2639,2996,2964,2989,3435,3435,3613,3751,3810,3831
731,0.83138,0.81956,0.05668,0.06145,56.95,268,429,506,592,594,1064,1271,1185,1401,1425,1596,1880,1874,2020,2020,2020,2020,2339,2121,2639,2639,2996,2964,2989,3435,3435,3613,3751,3810,3831
732,0.83145,0.81937,0.05667,0.06148,57.03,268,429,507,592,594,1065,1271,1184,1401,1425,1597,1880,1874,2020,2020,2020,2020,2338,2121,2639,2639,2996,2964,2989,3435,3435,3613,3751,3810,3830
733,0.83149,0.81943,0.05666,0.06147,57.1,268,429,507,592,594,1066,1272,1185,1401,1425,1597,1880,1874,2020,2020,2020,2020,2337,2121,2639,2639,2996,2964,2989,3435,3435,3613,3751,3810,3830
734,0.83152,0.81959,0.05665,0.06145,57.18,268,429,507,593,594,1067,1272,1185,1401,1425,1598,1880,1874,2020,2020,2020,2020,2337,2121,2639,2639,2996,2964,2989,3434,3435,3613,3751,3810,3830
735,0.83154,0.81926,0.05665,0.0615,57.25,269,429,507,593,595,1068,1272,1185,1401,1425,1598,1880,1874,2020,2020,2020,2020,2336,2121,2639,2639,2996,2964,2989,3434,3435,3613,3751,3810,3829
736,0.83156,0.81973,0.05665,0.06142,57.33,269,429,508,593,595,1068,1273,1185,1401,1425,1599,1880,1874,2020,2020,2020,2020,2335,2121,2639,2639,2996,2964,2989,3434,3435,3613,3751,3810,3829
737,0.83159,0.81929,0.05664,0.0615,57.4,269,429,508,593,595,1069,1273,1185,1401,1425,1599,1880,1874,2020,2020,2020,2020,2335,2121,2639,2639,2996,2964,2989,3434,3435,3613,3751,3810,3828
738,0.83163,0.81985,0.05664,0.0614,57.47,269,429,508,594,596,1070,1274,1185,1401,1425,1600,1880,1874,2020,2020,2020,2020,2334,2121,2639,2639,2996,2964,2988,3434,3435,3613,3751,3810,3828
739,0.83168,0.81943,0.05663,0.06147,57.55,269,429,509,594,596,1071,1274,1185,1401,1425,1600,1880,1874,2020,2020,2020,2020,2334,2121,2639,2639,2996,2964,2988,3434,3435,3613,3751,3810,3828
740,0.83174,0.81983,0.05662,0.06141,57.62,270,429,509,594,596,1072,1275,1185,1401,1425,1600,1880,1874,2020,2020,2020,2020,2333,2121,2639,2639,2996,2964,2988,3434,3435,3613,3751,3810,3827
741,0.83179,0.81956,0.05661,0.06145,57.71,270,429,509,595,596,1073,1275,1185,1401,1425,1601,1880,1874,2020,2020,2020,2020,2332,2121,2639,2639,2996,2964,2988,3434,3435,3613,3750,3810,3827
742,0.83183,0.81971,0.0566,0.06143,57.78,270,429,509,595,597,1074,1276,1185,1401,1425,1601,1880,1874,2020,2020,2020,2020,2332,2121,2639,2639,2996,2964,2988,3434,3435,3613,3750,3810,3826
743,0.83187,0.81976,0.0566,0.06142,57.85,270,430,510,596,597,1074,1276,1185,1401,1425,1602,1880,1874,2020,2020,2020,2020,2331,2121,2639,2639,2996,2964,2988,3434,3435,3613,3750,3810,3826
744,0.83189,0.8197,0.05659,0.06143,57.92,271,430,510,596,597,1075,1277,1185,1401,1425,1602,1880,1874,2020,2020,2020,2020,2330,2121,2639,2639,2996,2964,2988,3434,3435,3613,3750,3810,3826
745,0.83192,0.81998,0.05659,0.06138,57.99,271,430,510,596,597,1076,1277,1185,1401,1425,1603,1880,1874,2020,2020,2020,2020,2330,2121,2639,2639,2996,2964,2988,3434,3435,3613,3750,3810,3825
746,0.83194,0.81972,0.05658,0.06142,58.06,271,430,511,596,598,1077,1278,1185,1401,1425,1603,1880,1874,2020,2020,2020,2020,2329,2121,2639,2639,2996,2964,2988,3434,3435,3613,3750,3810,3825
747,0.83197,0.82008,0.05658,0.06136,58.14,271,430,511,597,598,1078,1278,1185,1401,1425,1604,1880,1874,2020,2020,2020,2020,2328,2121,2639,2639,2996,2964,2988,3434,3435,3613,3750,3809,3825
748,0.832,0.81972,0.05657,0.06142,58.22,271,430,511,597,598,1079,1279,1185,1401,1425,1604,1880,1874,2020,2020,2020,2020,2328,2121,2639,2639,2996,2964,2988,3434,3435,3613,3750,3809,3824
749,0.83203,0.82011,0.05657,0.06136,58.3,272,430,511,597,599,1080,1279,1185,1401,1425,1605,1880,1874,2020,2020,2020,2020,2327,2121,2639,2639,2996,2964,2988,3434,3435,3613,3750,3809,3824
750,0.83206,0.8198,0.05656,0.06141,58.38,272,430,512,598,599,1080,1280,1185,1401,1425,1605,1880,1874,2020,2020,2020,2020,2327,2121,2639,2639,2996,2964,2988,3434,3435,3613,3750,3809,3824
751,0.83209,0.82016,0.05656,0.06135,58.46,272,430,512,598,599,1081,1280,1185,1401,1425,1606,1880,1874,2020,2020,2020,2020,2326,2121,2639,2639,2996,2964,2988,3434,3435,3613,3750,3809,3823
752,0.83213,0.81991,0.05655,0.06139,58.55,272,430,512,599,599,1082,1281,1185,1401,1425,1606,1880,1874,2020,2020,2020,2020,2325,2121,2639,2639,2996,2964,2988,3434,3435,3613,3750,3809,3823
753,0.83217,0.82016,0.05655,0.06135,58.62,272,430,513,599,600,1083,1281,1185,1401,1425,1606,1880,1874,2020,2020,2020,2020,2325,2121,2639,2639,2995,2964,2988,3434,3435,3613,3750,3809,3823
754,0.8322,0.81999,0.05654,0.06138,58.69,273,430,513,599,600,1084,1282,1185,1401,1425,1607,1880,1874,2020,2020,2020,2020,2324,2121,2639,2639,2995,2964,2988,3434,3435,3613,3750,3809,3823
755,0.83223,0.82014,0.05654,0.06135,58.76,273,430,513,600,600,1085,1282,1185,1401,1425,1607,1880,1874,2020,2020,2020,2020,2323,2121,2639,2639,2995,2964,2988,3434,3435,3613,3750,3809,3822
756,0.83226,0.8201,0.05653,0.06136,58.83,273,431,514,600,601,1085,1282,1185,1401,1425,1608,1880,1874,2020,2020,2020,2020,2323,2121,2639,2639,2995,2964,2988,3434,3435,3613,3750,3809,3822
757,0.83229,0.82017,0.05652,0.06135,58.9,273,431,514,600,601,1086,1283,1185,1401,1425,1608,1880,1874,2020,2020,2020,2020,2322,2121,2639,2639,2995,2964,2988,3434,3435,3613,3750,3809,3822
758,0.83232,0.82022,0.05652,0.06134,58.98,274,431,514,601,601,1087,1284,1185,1401,1425,1609,1880,1874,2020,2020,2020,2020,2321,2121,2639,2638,2995,2964,2988,3434,3435,3613,3750,3809,3821
759,0.83234,0.82021,0.05652,0.06134,59.05,274,431,515,601,601,1088,1284,1185,1401,1425,1609,1880,1874,2020,2020,2020,2020,2321,2121,2639,2638,2995,2964,2988,3434,3435,3613,3750,3809,3821
760,0.83237,0.8203,0.05651,0.06133,59.13,274,431,515,601,602,1089,1284,1185,1401,1425,1610,1881,1874,2020,2020,2020,2020,2320,2121,2639,2638,2995,2964,2987,3434,3435,3613,3750,3809,3821
761,0.8324,0.82021,0.05651,0.06134,59.2,274,431,515,602,602,1090,1285,1185,1401,1425,1610,1881,1874,2020,2020,2020,2020,2319,2121,2639,2639,2995,2964,2987,3434,3435,3613,3750,3809,3821
762,0.83243,0.82035,0.0565,0.06132,59.27,274,431,515,602,602,1090,1285,1185,1401,1425,1611,1881,1874,2020,2020,2020,2020,2319,2121,2639,2638,2995,2964,2987,3434,3435,3613,3750,3809,3820
763,0.83245,0.82024,0.0565,0.06134,59.34,275,431,516,602,603,1091,1286,1185,1401,1425,1611,1881,1874,2020,2020,2020,2020,2318,2121,2639,2639,2995,2964,2987,3434,3435,3613,3750,3809,3820
764,0.83248,0.82044,0.05649,0.0613,59.41,275,431,516,603,603,1092,1286,1185,1401,1425,1612,1881,1874,2020,2020,2020,2020,2318,2121,2639,2639,2995,2964,2987,3434,3435,3613,3750,3809,3820
765,0.83251,0.8203,0.05649,0.06133,59.49,275,431,516,603,603,1093,1287,1185,1401,1425,1612,1881,1874,2020,2020,2020,2020,2317,2121,2639,2639,2995,2964,2987,3434,3435,3613,3750,3809,3820
766,0.83253,0.82055,0.05648,0.06128,59.57,275,431,517,603,603,1094,1287,1185,1401,1425,1613,1881,1874,2020,2020,2020,2020,2316,2121,2639,2638,2995,2964,2987,3434,3435,3613,3750,3809,3819
767,0.83256,0.82036,0.05648,0.06131,59.65,276,431,517,604,604,1095,1288,1185,1401,1425,1613,1881,1874,2020,2020,2020,2020,2316,2121,2639,2639,2995,2964,2987,3434,3435,3613,3750,3809,3819
768,0.83258,0.82068,0.05648,0.06126,59.73,276,432,517,604,604,1095,1288,1185,1401,1425,1614,1881,1874,2020,2020,2020,2020,2315,2121,2639,2638,2995,2964,2987,3434,3435,3613,3750,3809,3819
769,0.8326,0.82042,0.05647,0.06131,59.8,276,432,518,604,604,1096,1289,1185,1401,1425,1614,1881,1874,2020,2020,2020,2020,2314,2121,2639,2639,2995,2964,2987,3434,3435,3613,3750,3809,3819
770,0.83262,0.82078,0.05647,0.06124,59.87,276,432,518,605,605,1097,1289,1185,1401,1425,1615,1881,1874,2020,2020,2020,2020,2314,2121,2639,2638,2995,2964,2987,3434,3435,3613,3750,3809,3818
771,0.83264,0.82041,0.05647,0.06131,59.95,276,432,518,605,605,1098,1290,1185,1401,1425,1616,1881,1874,2020,2020,2020,2020,2313,2121,2639,2639,2995,2964,2987,3434,3435,3613,3750,3809,3818
772,0.83266,0.82089,0.05646,0.06123,60.02,277,432,519,606,605,1099,1290,1185,1401,1425,1616,1881,1874,2020,2020,2020,2020,2312,2121,2639,2638,2995,2964,2987,3433,3435,3613,3750,3809,3818
773,0.83267,0.82039,0.05646,0.06131,60.09,277,432,519,606,606,1100,1291,1185,1401,1425,1617,1881,1874,2020,2020,2020,2020,2312,2121,2639,2639,2995,2964,2987,3433,3435,3613,3750,3809,3818
774,0.83267,0.82099,0.05646,0.06121,60.18,277,432,519,606,606,1100,1291,1185,1401,1425,1617,1881,1874,2020,2020,2020,2020,2311,2121,2639,2638,2995,2964,2987,3433,3435,3613,3750,3809,3818
775,0.83267,0.82031,0.05646,0.06132,60.26,277,432,520,607,606,1101,1292,1185,1401,1425,1618,1881,1874,2020,2020,2020,2020,2310,2121,2639,2639,2996,2964,2987,3433,3435,3613,3750,3809,3817
776,0.83266,0.82107,0.05646,0.06119,60.33,278,432,520,607,606,1102,1293,1185,1401,1425,1618,1881,1874,2020,2020,2020,2020,2310,2121,2639,2638,2995,2964,2987,3432,3435,3613,3750,3809,3817
777,0.83265,0.82021,0.05646,0.06134,60.41,278,432,520,607,607,1103,1293,1185,1401,1425,1619,1881,1874,2020,2020,2020,2020,2309,2121,2639,2639,2996,2964,2987,3432,3435,3613,3750,3809,3817
778,0.83264,0.82116,0.05647,0.06118,60.49,278,432,521,608,607,1104,1294,1185,1401,1425,1619,1881,1874,2020,2020,2020,2020,2309,2121,2639,2638,2995,2964,2987,3432,3435,3613,3750,3809,3817
779,0.83264,0.82014,0.05647,0.06135,60.55,278,432,521,608,607,1104,1294,1185,1401,1425,1620,1881,1874,2020,2020,2020,2020,2308,2121,2639,2639,2996,2964,2987,3431,3435,3613,3750,3809,3817
780,0.83265,0.82123,0.05646,0.06117,60.62,279,432,521,608,608,1105,1295,1185,1401,1425,1620,1881,1874,2020,2020,2020,2020,2307,2121,2639,2638,2995,2964,2987,3431,3435,3613,3750,3809,3816
781,0.83271,0.82023,0.05645,0.06134,60.7,279,433,522,609,608,1106,1295,1185,1401,1425,1621,1881,1874,2020,2020,2020,2020,2307,2121,2639,2639,2996,2964,2987,3431,3435,3613,3750,3809,3816
782,0.83279,0.82122,0.05644,0.06117,60.77,279,433,522,609,608,1107,1296,1185,1401,1425,1622,1881,1874,2020,2020,2020,2020,2306,2121,2639,2638,2995,2964,2987,3430,3435,3613,3750,3809,3816
783,0.83289,0.82056,0.05642,0.06128,60.85,279,433,522,610,609,1108,1296,1185,1401,1425,1622,1881,1874,2020,2020,2020,2020,2305,2121,2639,2639,2996,2964,2987,3430,3435,3613,3750,3809,3816
784,0.83297,0.82116,0.05641,0.06118,60.92,279,433,523,610,609,1108,1296,1185,1401,1425,1623,1881,1874,2020,2020,2020,2020,2305,2121,2639,2639,2995,2964,2987,3429,3435,3613,3750,3809,3816
785,0.83303,0.82097,0.0564,0.06121,61.0,280,433,523,610,609,1109,1297,1185,1401,1425,1623,1881,1874,2020,2020,2020,2020,2304,2121,2639,2639,2995,2964,2987,3429,3435,3613,3750,3809,3815
786,0.83305,0.82097,0.0564,0.06121,61.08,280,433,523,611,610,1110,1297,1185,1401,1425,1624,1881,1874,2020,2020,2020,2020,2304,2121,2639,2639,2995,2964,2987,3429,3435,3613,3750,3809,3815
787,0.83305,0.82124,0.0564,0.06116,61.16,280,433,524,611,610,1111,1298,1185,1401,1425,1624,1881,1874,2020,2020,2020,2020,2303,2121,2638,2638,2995,2964,2987,3429,3435,3613,3750,3809,3815
788,0.83303,0.82076,0.0564,0.06125,61.23,280,433,524,611,610,1112,1298,1185,1401,1425,1625,1881,1874,2020,2020,2020,2020,2302,2121,2639,2639,2995,2964,2987,3428,3435,3613,3750,3809,3815
789,0.83302,0.82137,0.0564,0.06114,61.31,281,433,524,612,610,1112,1299,1185,1401,1425,1626,1881,1874,2020,2020,2020,2020,2302,2121,2639,2638,2995,2964,2987,3428,3435,3613,3750,3809,3815
790,0.83303,0.82065,0.0564,0.06127,61.39,281,433,525,612,611,1113,1300,1185,1401,1425,1626,1881,1874,2020,2020,2020,2020,2301,2121,2639,2639,2995,2964,2987,3428,3435,3613,3750,3809,3815
791,0.83305,0.82143,0.0564,0.06113,61.47,281,433,525,613,611,1114,1300,1185,1401,1425,1627,1881,1874,2020,2020,2020,2020,2301,2121,2639,2638,2995,2964,2987,3427,3435,3613,3750,3809,3814
792,0.83311,0.82077,0.05639,0.06124,61.55,281,433,525,613,611,1115,1301,1185,1401,1425,1627,1881,1874,2020,2020,2020,2020,2300,2121,2639,2639,2995,2964,2987,3427,3435,3613,3750,3809,3814
793,0.83316,0.82143,0.05638,0.06113,61.63,281,433,526,613,612,1116,1301,1185,1401,1425,1628,1881,1874,2020,2020,2020,2020,2299,2121,2639,2639,2995,2964,2987,3426,3435,3613,3750,3809,3814
794,0.83322,0.82105,0.05637,0.0612,61.7,282,434,526,614,612,1116,1302,1185,1401,1425,1629,1881,1874,2020,2020,2020,2020,2299,2121,2639,2639,2995,2964,2987,3426,3435,3613,3750,3809,3814
795,0.83327,0.82135,0.05636,0.06115,61.77,282,434,526,614,612,1117,1302,1185,1401,1425,1629,1881,1874,2020,2020,2020,2020,2298,2121,2639,2639,2995,2964,2987,3426,3435,3613,3750,3809,3814
796,0.8333,0.82131,0.05635,0.06115,61.84,282,434,527,614,613,1118,1303,1185,1401,1425,1630,1881,1874,2020,2020,2020,2020,2298,2121,2639,2639,2995,2964,2987,3425,3435,3613,3750,3809,3814
797,0.83331,0.82119,0.05635,0.06117,61.93,282,434,527,615,613,1119,1303,1185,1401,1425,1630,1881,1874,2020,2020,2020,2020,2297,2121,2639,2639,2995,2964,2987,3425,3435,3613,3750,3809,3813
798,0.83332,0.82146,0.05635,0.06113,62.0,283,434,528,615,613,1120,1304,1185,1401,1425,1631,1881,1874,2020,2020,2020,2020,2296,2121,2639,2638,2995,2964,2987,3424,3435,3613,3750,3809,3813
799,0.83332,0.82102,0.05635,0.0612,62.07,283,434,528,616,614,1120,1304,1185,1401,1425,1632,1881,1874,2020,2020,2020,2020,2296,2121,2639,2638,2995,2964,2987,3424,3435,3613,3750,3809,3813
800,0.83331,0.82155,0.05635,0.06111,62.15,283,434,528,616,614,1121,1305,1185,1401,1425,1632,1881,1874,2020,2020,2020,2020,2295,2121,2639,2638,2995,2964,2987,3424,3435,3613,3750,3809,3813
801,0.83332,0.82096,0.05635,0.06121,62.23,283,434,529,616,614,1122,1305,1185,1401,1425,1633,1881,1874,2020,2020,2020,2020,2295,2121,2639,2638,2995,2964,2987,3423,3435,3613,3750,3809,3813
802,0.83335,0.82164,0.05635,0.0611,62.3,284,434,529,617,615,1123,1306,1185,1401,1425,1633,1881,1874,2020,2020,2020,2020,2294,2121,2639,2638,2995,2964,2987,3423,3435,3613,3750,3809,3813
803,0.83339,0.8211,0.05634,0.06119,62.38,284,434,529,617,615,1124,1306,1185,1401,1425,1634,1881,1874,2020,2020,2020,2020,2294,2121,2639,2638,2995,2964,2987,3423,3435,3613,3750,3809,3812
804,0.83344,0.82168,0.05633,0.06109,62.47,284,434,530,618,615,1124,1307,1185,1401,1425,1635,1881,1874,2020,2020,2020,2020,2293,2121,2639,2638,2995,2964,2987,3423,3435,3613,3750,3809,3812
805,0.83349,0.82134,0.05632,0.06115,62.56,284,434,530,618,616,1125,1307,1185,1401,1425,1635,1881,1874,2020,2020,2020,2020,2293,2121,2639,2639,2995,2964,2987,3422,3435,3613,3750,3809,3812
806,0.83353,0.82161,0.05632,0.0611,62.63,284,434,530,618,616,1126,1308,1185,1401,1425,1636,1881,1874,2020,2020,2020,2020,2292,2121,2639,2639,2995,2964,2987,3422,3435,3613,3750,3809,3812
807,0.83356,0.82154,0.05631,0.06111,62.7,285,435,531,619,616,1127,1308,1185,1401,1425,1637,1881,1874,2020,2020,2020,2020,2291,2121,2639,2639,2995,2964,2987,3422,3435,3613,3750,3809,3812
808,0.83358,0.82146,0.05631,0.06113,62.78,285,435,531,619,617,1127,1309,1185,1401,1425,1637,1881,1874,2020,2020,2020,2020,2291,2121,2639,2639,2995,2964,2987,3421,3435,3613,3750,3809,3812
809,0.83359,0.82168,0.05631,0.06109,62.86,285,435,531,619,617,1128,1309,1185,1401,1425,1638,1881,1874,2020,2020,2020,2020,2290,2121,2639,2639,2995,2964,2987,3421,3435,3613,3750,3809,3812
810,0.8336,0.82134,0.0563,0.06115,62.94,285,435,532,620,617,1129,1310,1185,1401,1425,1639,1881,1874,2020,2020,2020,2020,2290,2121,2639,2639,2995,2964,2987,3421,3435,3613,3750,3809,3811
811,0.8336,0.8218,0.0563,0.06107,63.03,286,435,532,620,618,1130,1310,1185,1401,1425,1639,1881,1874,2020,2020,2020,2020,2289,2121,2639,2639,2995,2964,2987,3420,3435,3613,3750,3809,3811
812,0.83362,0.8213,0.0563,0.06115,63.12,286,435,532,621,618,1131,1311,1185,1401,1425,1640,1881,1874,2020,2020,2020,2020,2289,2121,2639,2639,2995,2964,2987,3420,3435,3613,3750,3809,3811
813,0.83363,0.82186,0.0563,0.06106,63.2,286,435,533,621,618,1131,1311,1185,1401,1425,1641,1881,1874,2020,2020,2020,2020,2288,2121,2639,2638,2995,2964,2987,3420,3435,3613,3750,3809,3811
814,0.83366,0.82132,0.05629,0.06115,63.28,286,435,533,622,619,1132,1312,1185,1401,1425,1641,1881,1874,2020,2020,2020,2020,2288,2121,2639,2639,2995,2964,2987,3420,3435,3613,3750,3809,3811
815,0.83369,0.82187,0.05629,0.06106,63.35,287,435,533,622,619,1133,1312,1185,1401,1425,1642,1881,1874,2020,2020,2020,2020,2287,2121,2639,2638,2995,2964,2987,3419,3435,3613,3750,3809,3811
816,0.83373,0.82142,0.05628,0.06113,63.44,287,435,534,622,619,1134,1313,1185,1401,1425,1643,1881,1874,2020,2020,2020,2020,2287,2121,2639,2638,2995,2964,2987,3419,3435,3613,3750,3809,3811
817,0.83378,0.82187,0.05627,0.06106,63.53,287,435,534,623,620,1134,1313,1185,1401,1425,1643,1881,1874,2020,2020,2020,2020,2286,2121,2639,2638,2995,2964,2987,3419,3435,3613,3750,3809,3810
818,0.83382,0.82164,0.05627,0.0611,63.61,287,435,534,623,620,1135,1314,1185,1401,1425,1644,1881,1874,2020,2020,2020,2020,2286,2121,2639,2638,2995,2964,2987,3419,3435,3613,3750,3809,3810
819,0.83386,0.82182,0.05626,0.06107,63.68,288,435,535,624,620,1136,1315,1185,1401,1425,1645,1881,1874,2020,2020,2020,2020,2285,2121,2639,2638,2995,2964,2987,3419,3435,3613,3750,3809,3810
820,0.83388,0.82185,0.05626,0.06106,63.76,288,435,535,624,621,1137,1315,1185,1401,1425,1646,1881,1874,2020,2020,2020,2020,2285,2121,2639,2638,2995,2964,2987,3419,3435,3613,3750,3809,3810
821,0.8339,0.82174,0.05625,0.06108,63.84,288,435,535,624,621,1137,1316,1185,1401,1425,1646,1882,1874,2020,2020,2020,2020,2284,2121,2639,2639,2995,2964,2987,3419,3435,3613,3750,3809,3810
822,0.83391,0.82202,0.05625,0.06103,63.91,288,435,536,625,621,1138,1316,1185,1401,1425,1647,1882,1874,2020,2020,2020,2020,2284,2121,2639,2638,2995,2964,2987,3419,3435,3613,3750,3809,3810
823,0.83392,0.82165,0.05625,0.06109,63.98,288,436,536,625,622,1139,1317,1185,1401,1425,1648,1882,1874,2020,2020,2020,2020,2283,2121,2639,2639,2995,2964,2987,3419,3435,3613,3750,3809,3810
824,0.83392,0.82215,0.05625,0.06101,64.05,289,436,536,626,622,1140,1317,1185,1401,1425,1648,1882,1874,2020,2020,2020,2020,2283,2121,2639,2638,2995,2964,2987,3418,3435,3613,3750,3809,3810
825,0.83392,0.82158,0.05625,0.06111,64.12,289,436,537,626,622,1141,1318,1185,1401,1425,1649,1882,1874,2020,2020,2020,2020,2282,2121,2639,2639,2995,2964,2987,3418,3435,3613,3750,3809,3809
826,0.83392,0.82226,0.05625,0.06099,64.21,289,436,537,626,623,1141,1318,1185,1401,1425,1650,1883,1874,2020,2020,2020,2020,2282,2121,2639,2638,2995,2964,2987,3418,3435,3613,3750,3809,3809
827,0.83393,0.82152,0.05625,0.06112,64.28,289,436,537,627,623,1142,1319,1185,1401,1425,1651,1883,1874,2020,2020,2020,2020,2281,2121,2639,2639,2995,2964,2987,3418,3435,3613,3750,3809,3809
828,0.83395,0.8223,0.05624,0.06098,64.36,290,436,538,627,623,1143,1319,1185,1401,1425,1651,1883,1874,2020,2020,2020,2020,2281,2121,2639,2638,2995,2964,2987,3418,3435,3613,3750,3809,3809
829,0.83398,0.82152,0.05624,0.06112,64.43,290,436,538,628,624,1144,1320,1185,1401,1425,1652,1883,1874,2020,2020,2020,2020,2280,2121,2639,2639,2995,2964,2987,3418,3435,3613,3750,3809,3809
830,0.83401,0.82231,0.05623,0.06098,64.52,290,436,539,628,624,1144,1320,1185,1401,1425,1653,1884,1874,2020,2020,2020,2020,2280,2121,2639,2638,2995,2964,2987,3417,3435,3613,3750,3809,3809
831,0.83406,0.82163,0.05623,0.0611,64.6,290,436,539,629,624,1145,1321,1185,1401,1425,1653,1884,1874,2020,2020,2020,2020,2279,2121,2639,2639,2995,2964,2987,3417,3435,3613,3750,3809,3809
832,0.8341,0.82231,0.05622,0.06098,64.68,291,436,539,629,625,1146,1321,1185,1401,1425,1654,1884,1874,2020,2020,2020,2020,2279,2121,2639,2638,2995,2964,2987,3417,3435,3613,3750,3809,3809
833,0.83415,0.82181,0.05621,0.06107,64.77,291,436,540,629,625,1146,1322,1185,1401,1425,1655,1885,1874,2020,2020,2020,2020,2278,2121,2639,2639,2995,2964,2987,3417,3435,3613,3750,3809,3809
834,0.83419,0.82229,0.0562,0.06098,64.85,291,436,540,630,625,1147,1322,1185,1401,1425,1656,1885,1874,2020,2020,2020,2020,2278,2121,2639,2638,2995,2964,2987,3417,3435,3613,3750,3809,3808
835,0.83424,0.822,0.0562,0.06103,64.94,291,436,540,630,626,1148,1323,1185,1401,1425,1656,1886,1874,2020,2020,2020,2020,2278,2121,2639,2639,2995,2964,2987,3417,3435,3613,3750,3809,3808
836,0.83427,0.82226,0.05619,0.06099,65.02,292,436,541,631,626,1149,1324,1185,1401,1425,1657,1886,1874,2020,2020,2020,2020,2277,2121,2639,2638,2995,2964,2987,3417,3435,3613,3750,3809,3808
837,0.8343,0.82219,0.05618,0.061,65.1,292,437,541,631,627,1149,1324,1185,1401,1425,1658,1886,1874,2020,2020,2020,2020,2277,2121,2639,2638,2995,2964,2987,3417,3435,3613,3750,3809,3808
838,0.83433,0.82219,0.05618,0.061,65.18,292,437,541,632,627,1150,1325,1185,1401,1425,1658,1886,1874,2020,2020,2020,2020,2276,2121,2639,2638,2995,2964,2987,3417,3435,3613,3750,3809,3808
839,0.83435,0.82232,0.05618,0.06098,65.25,292,437,542,632,627,1151,1325,1185,1401,1425,1659,1886,1874,2020,2020,2020,2020,2276,2121,2639,2638,2995,2964,2987,3417,3435,3613,3750,3809,3808
840,0.83438,0.82217,0.05617,0.061,65.32,293,437,542,633,628,1152,1326,1185,1401,1425,1660,1886,1874,2020,2020,2020,2020,2275,2121,2639,2638,2995,2964,2987,3417,3435,3613,3750,3809,3808
841,0.8344,0.82244,0.05617,0.06096,65.39,293,437,542,633,628,1152,1326,1185,1401,1425,1661,1886,1874,2020,2020,2020,2020,2275,2121,2639,2638,2995,2964,2987,3417,3435,3613,3750,3809,3808
842,0.83443,0.82223,0.05616,0.061,65.46,293,437,543,633,628,1153,1327,1185,1401,1425,1661,1887,1874,2020,2020,2020,2020,2275,2121,2639,2638,2995,2964,2987,3417,3435,3613,3750,3809,3808
843,0.83445,0.82253,0.05616,0.06094,65.54,293,437,543,634,629,1154,1327,1185,1401,1425,1662,1887,1874,2020,2020,2020,2020,2274,2121,2639,2638,2995,2964,2987,3417,3435,3613,3750,3809,3807
844,0.83448,0.82224,0.05615,0.06099,65.61,294,437,543,634,629,1155,1328,1185,1401,1425,1663,1887,1874,2020,2020,2020,2020,2274,2121,2639,2639,2995,2964,2987,3417,3435,3613,3750,3809,3807
845,0.83451,0.82255,0.05615,0.06094,65.7,294,437,544,635,629,1155,1328,1185,1401,1425,1664,1887,1874,2020,2020,2020,2020,2273,2121,2639,2639,2995,2964,2987,3417,3435,3613,3750,3809,3807
846,0.83454,0.82227,0.05614,0.06099,65.79,294,437,544,635,630,1156,1329,1185,1401,1425,1664,1887,1874,2020,2020,2020,2020,2273,2121,2639,2639,2995,2964,2987,3417,3435,3613,3750,3809,3807
847,0.83457,0.82259,0.05614,0.06093,65.87,294,437,544,636,630,1157,1330,1185,1401,1425,1665,1887,1874,2020,2020,2020,2020,2273,2121,2639,2639,2995,2964,2987,3417,3435,3613,3750,3809,3807
848,0.83459,0.82233,0.05614,0.06098,65.95,294,437,545,636,631,1158,1330,1185,1401,1425,1666,1887,1874,2020,2020,2020,2020,2272,2121,2639,2639,2995,2964,2987,3417,3435,3613,3750,3809,3807
849,0.83462,0.82265,0.05613,0.06092,66.01,295,437,545,637,631,1158,1331,1185,1401,1425,1666,1888,1874,2020,2020,2020,2020,2272,2121,2639,2639,2994,2964,2987,3417,3435,3613,3750,3809,3807
850,0.83465,0.8224,0.05613,0.06097,66.09,295,437,545,637,631,1159,1331,1185,1401,1425,1667,1888,1874,2020,2020,2020,2020,2271,2121,2639,2639,2994,2964,2987,3417,3435,3613,3750,3809,3807
851,0.83468,0.82271,0.05612,0.06091,66.18,295,437,546,638,632,1160,1332,1185,1401,1425,1668,1888,1874,2020,2020,2020,2020,2271,2121,2639,2638,2994,2964,2987,3417,3435,3613,3750,3809,3807
852,0.8347,0.82246,0.05612,0.06096,66.26,295,437,546,638,632,1160,1332,1185,1401,1425,1669,1889,1874,2020,2020,2020,2020,2271,2121,2639,2639,2994,2964,2987,3417,3435,3613,3750,3809,3807
853,0.83473,0.82276,0.05611,0.0609,66.35,296,438,546,638,632,1161,1333,1185,1401,1425,1669,1889,1874,2020,2020,2020,2020,2270,2121,2639,2638,2994,2964,2987,3417,3435,3613,3750,3809,3806
854,0.83476,0.82251,0.05611,0.06095,66.43,296,438,547,639,633,1162,1334,1185,1401,1425,1670,1889,1874,2020,2020,2020,2020,2270,2121,2639,2638,2994,2964,2987,3417,3435,3613,3750,3809,3806
855,0.83479,0.8228,0.0561,0.0609,66.52,296,438,547,639,633,1163,1334,1185,1401,1425,1671,1889,1874,2020,2020,2020,2020,2270,2121,2639,2638,2994,2964,2987,3417,3435,3613,3750,3809,3806
856,0.83481,0.82253,0.0561,0.06094,66.59,296,438,547,640,634,1163,1335,1185,1401,1425,1672,1890,1874,2020,2020,2020,2020,2269,2121,2639,2639,2994,2964,2987,3417,3435,3613,3750,3809,3806
857,0.83484,0.82286,0.05609,0.06089,66.66,297,438,547,640,634,1164,1335,1185,1401,1425,1672,1890,1874,2020,2020,2020,2020,2269,2121,2639,2638,2994,2964,2987,3417,3435,3613,3750,3809,3806
858,0.83487,0.8226,0.05609,0.06093,66.75,297,438,548,641,634,1165,1336,1185,1401,1425,1673,1890,1874,2020,2020,2020,2020,2269,2121,2639,2639,2994,2964,2987,3417,3435,3613,3750,3809,3806
859,0.83489,0.82297,0.05608,0.06087,66.82,297,438,548,641,635,1166,1336,1185,1401,1425,1674,1890,1874,2020,2020,2020,2020,2268,2121,2639,2638,2994,2964,2987,3417,3435,3613,3750,3809,3806
860,0.83492,0.82268,0.05608,0.06092,66.91,297,438,548,642,635,1166,1337,1185,1401,1425,1674,1890,1874,2020,2020,2020,2020,2268,2121,2639,2639,2994,2964,2987,3417,3435,3613,3750,3809,3806
861,0.83494,0.82309,0.05608,0.06085,66.99,298,438,549,642,636,1167,1338,1185,1401,1425,1675,1891,1874,2020,2020,2020,2020,2268,2121,2639,2638,2994,2964,2987,3417,3435,3613,3750,3809,3806
862,0.83497,0.82276,0.05607,0.0609,67.07,298,438,549,643,636,1168,1338,1185,1401,1425,1676,1891,1874,2020,2020,2020,2020,2267,2121,2639,2639,2994,2964,2987,3417,3435,3613,3750,3809,3806
863,0.83499,0.82323,0.05607,0.06082,67.15,298,438,549,643,636,1168,1339,1185,1401,1425,1677,1891,1874,2020,2020,2020,2020,2267,2121,2639,2638,2994,2964,2987,3417,3435,3613,3750,3809,3805
864,0.83502,0.82283,0.05606,0.06089,67.23,298,438,550,644,637,1169,1339,1185,1401,1425,1677,1891,1874,2020,2020,2020,2020,2267,2121,2639,2639,2994,2964,2987,3417,3435,3613,3750,3809,3805
865,0.83505,0.82333,0.05606,0.06081,67.3,299,438,550,644,637,1170,1340,1185,1401,1425,1678,1891,1874,2020,2020,2020,2020,2266,2121,2639,2638,2994,2964,2987,3417,3435,3613,3750,3809,3805
866,0.83508,0.82288,0.05605,0.06088,67.38,299,438,550,645,637,1171,1340,1185,1401,1425,1679,1892,1874,2020,2020,2020,2020,2266,2121,2639,2639,2994,2964,2987,3417,3435,3613,3750,3809,3805
867,0.83511,0.8234,0.05605,0.06079,67.46,299,438,551,645,638,1171,1341,1185,1401,1425,1679,1892,1874,2020,2020,2020,2020,2266,2121,2639,2638,2994,2964,2987,3417,3435,3613,3750,3809,3805
868,0.83514,0.82296,0.05604,0.06087,67.55,299,439,551,646,638,1172,1342,1185,1401,1425,1680,1892,1874,2020,2020,2020,2020,2265,2121,2639,2639,2994,2964,2987,3417,3435,3613,3750,3809,3805
869,0.83517,0.82344,0.05604,0.06079,67.62,300,439,551,646,639,1173,1342,1185,1401,1425,1681,1893,1874,2020,2020,2020,2020,2265,2121,2639,2638,2994,2964,2987,3417,3435,3613,3750,3809,3805
870,0.83521,0.82305,0.05603,0.06085,67.7,300,439,552,647,639,1173,1343,1185,1401,1425,1681,1893,1874,2020,2020,2020,2020,2265,2121,2639,2639,2994,2964,2987,3417,3435,3613,3750,3809,3805
871,0.83525,0.82347,0.05602,0.06078,67.77,300,439,552,647,639,1174,1343,1185,1401,1425,1682,1893,1874,2020,2020,2020,2020,2264,2121,2639,2638,2994,2964,2987,3417,3435,3613,3750,3809,3805
872,0.83528,0.82315,0.05602,0.06084,67.85,300,439,552,648,640,1175,1344,1185,1401,1425,1683,1893,1874,2020,2020,2020,2020,2264,2121,2639,2639,2994,2964,2987,3417,3435,3613,3750,3809,3805
873,0.83532,0.82349,0.05601,0.06078,67.92,301,439,553,648,640,1176,1344,1185,1401,1425,1683,1893,1874,2020,2020,2020,2020,2264,2121,2639,2638,2994,2964,2987,3417,3435,3613,3750,3809,3805
874,0.83535,0.82332,0.05601,0.06081,68.0,301,439,553,649,641,1176,1345,1185,1401,1425,1684,1894,1874,2020,2020,2020,2020,2263,2121,2639,2639,2994,2964,2987,3417,3435,3613,3750,3809,3804
875,0.83539,0.82353,0.056,0.06077,68.08,301,439,553,649,641,1177,1346,1185,1401,1425,1685,1894,1874,2020,2020,2020,2020,2263,2121,2639,2638,2994,2964,2987,3417,3435,3613,3750,3809,3804
876,0.83542,0.82347,0.05599,0.06078,68.16,301,439,554,650,641,1178,1346,1185,1401,1425,1685,1894,1874,2020,2020,2020,2020,2263,2121,2639,2639,2994,2964,2987,3417,3435,3613,3750,3809,3804
877,0.83545,0.82352,0.05599,0.06077,68.23,302,439,554,650,642,1179,1347,1185,1401,1425,1686,1894,1874,2020,2020,2020,2020,2263,2121,2639,2639,2994,2964,2987,3417,3435,3613,3750,3809,3804
878,0.83548,0.82358,0.05598,0.06076,68.3,302,439,554,651,642,1179,1347,1185,1401,1425,1687,1894,1874,2020,2020,2020,2020,2262,2121,2639,2639,2994,2964,2987,3417,3435,3613,3750,3809,3804
879,0.83551,0.82351,0.05598,0.06077,68.38,302,439,554,651,643,1180,1348,1185,1401,1425,1687,1895,1874,2020,2020,2020,2020,2262,2121,2639,2639,2994,2964,2987,3417,3435,3613,3750,3809,3804
880,0.83554,0.82366,0.05597,0.06075,68.46,302,439,555,652,643,1181,1349,1185,1401,1425,1688,1895,1874,2020,2020,2020,2020,2262,2121,2639,2639,2994,2964,2987,3417,3435,3613,3750,3809,3804
881,0.83557,0.82352,0.05597,0.06077,68.53,303,439,555,652,644,1181,1349,1185,1401,1425,1689,1895,1874,2020,2020,2020,2020,2261,2121,2639,2639,2994,2964,2987,3417,3435,3613,3750,3809,3804
882,0.8356,0.82372,0.05596,0.06074,68.6,303,439,555,653,644,1182,1350,1185,1401,1425,1690,1895,1874,2020,2020,2020,2020,2261,2121,2639,2639,2994,2964,2987,3417,3435,3613,3750,3809,3804
883,0.83563,0.82352,0.05596,0.06077,68.69,303,440,556,653,644,1183,1350,1185,1401,1425,1690,1896,1874,2020,2020,2020,2020,2261,2121,2639,2639,2994,2964,2987,3417,3435,3613,3750,3809,3804
884,0.83566,0.82381,0.05595,0.06072,68.77,303,440,556,654,645,1184,1351,1185,1401,1425,1691,1896,1874,2020,2020,2020,2020,2261,2121,2639,2638,2994,2964,2987,3417,3435,3613,3750,3809,3804
885,0.83569,0.82355,0.05595,0.06077,68.84,304,440,556,654,645,1184,1351,1185,1401,1425,1691,1896,1874,2020,2020,2020,2020,2260,2121,2639,2639,2994,2964,2987,3417,3435,3613,3750,3809,3804
886,0.83572,0.82396,0.05594,0.0607,68.92,304,440,557,655,646,1185,1352,1185,1401,1425,1692,1896,1874,2020,2020,2020,2020,2260,2121,2639,2638,2994,2964,2987,3417,3435,3613,3750,3809,3803
887,0.83575,0.82356,0.05594,0.06077,68.99,304,440,557,655,646,1186,1352,1185,1401,1425,1693,1897,1874,2020,2020,2020,2020,2260,2121,2639,2639,2994,2964,2987,3417,3435,3613,3750,3809,3803
888,0.83577,0.82411,0.05594,0.06067,69.06,304,440,557,656,647,1186,1353,1185,1401,1425,1694,1897,1874,2020,2020,2020,2020,2260,2121,2639,2638,2994,2964,2987,3417,3435,3613,3750,3809,3803
889,0.83579,0.82351,0.05593,0.06078,69.14,305,440,558,656,647,1187,1354,1185,1401,1425,1694,1897,1874,2020,2020,2020,2020,2259,2121,2639,2639,2994,2964,2987,3417,3435,3613,3750,3809,3803
890,0.83579,0.82423,0.05593,0.06065,69.21,305,440,558,657,647,1188,1354,1185,1401,1425,1695,1898,1874,2020,2020,2020,2020,2259,2121,2639,2638,2994,2964,2987,3417,3435,3613,3750,3809,3803
891,0.83581,0.82338,0.05593,0.0608,69.29,305,440,558,657,648,1188,1355,1185,1401,1425,1696,1898,1874,2020,2020,2020,2020,2259,2121,2639,2639,2994,2964,2987,3417,3435,3613,3750,3809,3803
892,0.8358,0.82431,0.05593,0.06064,69.37,305,440,559,658,648,1189,1355,1185,1401,1425,1696,1898,1874,2020,2020,2020,2020,2259,2121,2639,2639,2994,2964,2987,3417,3435,3613,3750,3809,3803
893,0.83581,0.82323,0.05593,0.06082,69.45,306,440,559,658,649,1190,1356,1185,1401,1425,1697,1898,1874,2020,2020,2020,2020,2258,2121,2639,2639,2994,2964,2987,3417,3435,3613,3750,3809,3803
894,0.83581,0.82439,0.05593,0.06062,69.52,306,440,559,659,649,1191,1356,1185,1401,1425,1698,1898,1874,2020,2020,2020,2020,2258,2121,2639,2639,2994,2964,2987,3417,3435,3613,3750,3809,3803
895,0.83585,0.82317,0.05592,0.06083,69.6,306,440,560,659,650,1191,1357,1185,1401,1425,1698,1898,1874,2020,2020,2020,2020,2258,2121,2639,2639,2994,2964,2987,3417,3435,3613,3750,3809,3803
896,0.83589,0.82446,0.05591,0.06061,69.68,306,440,560,660,650,1192,1358,1185,1401,1425,1699,1898,1874,2020,2020,2020,2019,2258,2121,2639,2639,2994,2964,2987,3417,3435,3613,3750,3809,3803
897,0.836,0.82338,0.0559,0.0608,69.76,307,440,560,660,650,1193,1358,1185,1401,1425,1699,1898,1874,2020,2020,2020,2019,2257,2121,2639,2639,2994,2964,2987,3417,3435,3613,3750,3809,3803
898,0.83612,0.8245,0.05588,0.0606,69.83,307,440,560,661,651,1193,1359,1185,1401,1425,1700,1898,1874,2020,2020,2020,2019,2257,2121,2639,2639,2994,2964,2986,3417,3435,3613,3750,3809,3803
899,0.83625,0.82384,0.05585,0.06072,69.91,307,440,561,661,651,1194,1359,1185,1401,1425,1701,1898,1874,2020,2020,2020,2019,2257,2121,2639,2639,2994,2964,2987,3417,3435,3613,3750,3809,3803
900,0.83634,0.82431,0.05584,0.06064,69.99,307,441,561,662,652,1195,1360,1185,1401,1425,1701,1898,1874,2020,2020,2020,2019,2257,2121,2639,2639,2994,2964,2987,3417,3435,3613,3750,3809,3803
901,0.83638,0.82423,0.05583,0.06065,70.07,308,441,561,662,652,1196,1360,1185,1401,1425,1702,1898,1874,2020,2020,2020,2019,2256,2121,2639,2639,2994,2964,2987,3417,3435,3613,3750,3809,3802
902,0.83639,0.82397,0.05583,0.0607,70.15,308,441,562,663,653,1196,1361,1185,1401,1425,1703,1898,1874,2020,2020,2020,2019,2256,2121,2639,2639,2994,2964,2987,3417,3435,3613,3750,3809,3802
903,0.83638,0.82446,0.05583,0.06061,70.23,308,441,562,663,653,1197,1361,1185,1401,1425,1703,1898,1874,2020,2020,2020,2019,2256,2121,2639,2638,2994,2964,2986,3417,3435,3613,3750,3809,3802
904,0.83638,0.82377,0.05583,0.06073,70.32,308,441,562,664,653,1198,1362,1185,1401,1425,1704,1898,1874,2020,2020,2020,2019,2256,2121,2639,2639,2994,2964,2987,3417,3435,3613,3750,3809,3802
905,0.8364,0.82456,0.05583,0.06059,70.41,309,441,563,664,654,1198,1363,1185,1401,1425,1705,1898,1874,2020,2020,2020,2019,2256,2121,2639,2638,2994,2964,2986,3417,3435,3613,3750,3809,3802
906,0.83645,0.82384,0.05582,0.06072,70.48,309,441,563,665,654,1199,1363,1185,1401,1425,1705,1898,1874,2020,2020,2020,2019,2255,2121,2639,2639,2994,2964,2987,3417,3435,3613,3750,3809,3802
907,0.83651,0.82458,0.05581,0.06059,70.56,309,441,563,665,655,1200,1364,1185,1401,1425,1706,1898,1874,2020,2020,2020,2019,2255,2121,2639,2639,2994,2964,2987,3417,3435,3613,3750,3809,3802
908,0.83657,0.82412,0.0558,0.06067,70.64,309,441,564,666,655,1201,1364,1185,1401,1425,1707,1898,1874,2020,2020,2020,2019,2255,2121,2639,2639,2994,2964,2987,3417,3435,3613,3750,3809,3802
909,0.83662,0.82453,0.05579,0.0606,70.72,310,441,564,667,656,1201,1365,1186,1401,1425,1707,1898,1874,2020,2020,2020,2019,2255,2121,2639,2639,2994,2964,2987,3417,3435,3613,3750,3809,3802
910,0.83666,0.82443,0.05578,0.06062,70.81,310,441,564,667,656,1202,1366,1186,1401,1425,1708,1898,1874,2020,2020,2020,2019,2254,2121,2639,2639,2994,2964,2987,3417,3435,3613,3750,3809,3802
911,0.83669,0.82447,0.05578,0.06061,70.88,310,441,565,668,657,1203,1366,1186,1401,1426,1708,1898,1874,2020,2020,2020,2019,2254,2121,2639,2639,2994,2964,2987,3417,3435,3613,3750,3809,3802
912,0.83671,0.82467,0.05577,0.06057,70.95,310,441,565,668,657,1203,1367,1186,1401,1426,1709,1898,1874,2020,2020,2020,2019,2254,2121,2639,2639,2994,2964,2987,3417,3435,3613,3750,3809,3802
913,0.83673,0.82438,0.05577,0.06062,71.03,311,441,565,669,657,1204,1367,1186,1401,1426,1710,1898,1874,2020,2020,2020,2018,2254,2121,2639,2639,2994,2964,2987,3417,3435,3613,3750,3809,3802
914,0.83675,0.82477,0.05577,0.06056,71.1,311,441,566,669,658,1205,1368,1186,1401,1426,1710,1898,1874,2020,2020,2020,2018,2254,2121,2639,2638,2994,2964,2987,3417,3435,3613,3750,3809,3802
915,0.83677,0.82431,0.05576,0.06064,71.17,311,441,566,670,658,1206,1369,1186,1401,1426,1711,1898,1874,2020,2020,2020,2018,2253,2121,2639,2639,2994,2964,2987,3417,3435,3613,3750,3809,3802
916,0.8368,0.8248,0.05576,0.06055,71.25,311,442,566,670,659,1206,1369,1186,1401,1426,1712,1898,1874,2020,2020,2020,2018,2253,2121,2639,2638,2994,2964,2987,3417,3434,3613,3750,3809,3802
917,0.83683,0.82432,0.05575,0.06064,71.32,312,442,566,671,659,1207,1370,1186,1401,1426,1712,1898,1874,2020,2020,2020,2018,2253,2121,2639,2639,2994,2964,2987,3417,3435,3613,3750,3809,3802
918,0.83687,0.82482,0.05575,0.06055,71.39,312,442,567,671,660,1208,1370,1186,1401,1426,1713,1898,1874,2020,2020,2020,2018,2253,2121,2639,2638,2994,2964,2987,3417,3434,3613,3750,3809,3802
919,0.83691,0.82442,0.05574,0.06062,71.48,312,442,567,672,660,1208,1371,1187,1401,1425,1713,1898,1874,2020,2020,2020,2018,2253,2121,2639,2639,2994,2964,2987,3417,3434,3613,3750,3809,3801
920,0.83695,0.82483,0.05573,0.06055,71.56,312,442,567,673,661,1209,1372,1187,1401,1425,1714,1898,1874,2020,2020,2020,2018,2252,2121,2639,2638,2994,2964,2987,3417,3434,3613,3750,3809,3801
921,0.83699,0.82457,0.05573,0.06059,71.64,313,442,568,673,661,1210,1372,1187,1401,1425,1715,1898,1874,2020,2020,2020,2018,2252,2121,2639,2639,2994,2964,2987,3417,3434,3613,3750,3809,3801
922,0.83703,0.82485,0.05572,0.06054,71.71,313,442,568,674,661,1210,1373,1187,1401,1425,1715,1897,1874,2020,2020,2020,2018,2252,2121,2639,2638,2994,2964,2987,3417,3434,3613,3750,3809,3801
923,0.83706,0.82474,0.05572,0.06056,71.81,313,442,568,674,662,1211,1373,1188,1401,1425,1716,1897,1874,2020,2020,2020,2018,2252,2121,2639,2639,2994,2964,2987,3417,3434,3613,3750,3809,3801
924,0.83709,0.82486,0.05571,0.06054,71.89,313,442,569,675,662,1212,1374,1188,1401,1425,1717,1897,1874,2020,2020,2020,2018,2252,2121,2639,2638,2994,2964,2987,3417,3434,3613,3750,3809,3801
925,0.83712,0.82487,0.0557,0.06054,71.96,314,442,569,675,663,1213,1374,1188,1401,1425,1717,1897,1874,2020,2020,2020,2018,2251,2121,2639,2638,2994,2964,2987,3417,3434,3613,3750,3809,3801
926,0.83715,0.82485,0.0557,0.06054,72.04,314,442,569,676,663,1213,1375,1188,1401,1425,1718,1897,1874,2020,2020,2020,2018,2251,2121,2639,2638,2994,2964,2987,3417,3434,3613,3750,3809,3801
927,0.83718,0.82499,0.05569,0.06052,72.11,314,442,570,676,664,1214,1376,1188,1401,1425,1718,1897,1874,2020,2020,2020,2018,2251,2121,2639,2638,2994,2964,2987,3417,3434,3613,3750,3809,3801
928,0.83721,0.82486,0.05569,0.06054,72.19,315,442,570,677,664,1215,1376,1188,1401,1425,1719,1897,1874,2020,2020,2020,2018,2251,2121,2639,2638,2994,2964,2987,3417,3434,3613,3750,3809,3801
929,0.83724,0.82511,0.05569,0.0605,72.26,315,442,570,678,665,1215,1377,1188,1401,1425,1720,1897,1874,2020,2020,2020,2018,2251,2121,2639,2638,2994,2964,2987,3417,3434,3613,3750,3809,3801
930,0.83726,0.82491,0.05568,0.06053,72.34,315,442,571,678,665,1216,1377,1189,1401,1425,1720,1897,1874,2020,2020,2020,2018,2251,2121,2639,2638,2994,2964,2987,3417,3434,3613,3750,3809,3801
931,0.83729,0.82523,0.05568,0.06048,72.42,315,442,571,679,666,1217,1378,1189,1401,1425,1721,1897,1874,2020,2020,2020,2018,2250,2121,2639,2638,2994,2964,2987,3417,3434,3613,3750,3809,3801
932,0.83732,0.82495,0.05567,0.06053,72.48,316,442,571,679,666,1217,1378,1189,1401,1425,1721,1897,1874,2020,2020,2020,2018,2250,2121,2639,2638,2994,2964,2987,3417,3434,3613,3750,3809,3801
933,0.83734,0.82531,0.05567,0.06046,72.56,316,442,572,680,667,1218,1379,1189,1401,1425,1722,1897,1874,2020,2020,2020,2018,2250,2121,2639,2638,2994,2964,2987,3417,3434,3613,3750,3809,3801
934,0.83737,0.825,0.05566,0.06052,72.64,316,443,572,681,667,1219,1380,1189,1401,1425,1723,1897,1874,2020,2020,2020,2018,2250,2121,2639,2638,2994,2964,2987,3417,3434,3613,3750,3809,3801
935,0.8374,0.82539,0.05566,0.06045,72.72,316,443,572,681,667,1220,1380,1190,1401,1425,1723,1897,1874,2020,2020,2020,2018,2250,2121,2639,2638,2994,2964,2987,3417,3434,3613,3750,3809,3801
936,0.83743,0.82507,0.05565,0.06051,72.79,317,443,573,682,668,1220,1381,1190,1401,1425,1724,1897,1874,2020,2020,2020,2018,2250,2121,2639,2638,2994,2964,2987,3417,3434,3613,3750,3809,3800
937,0.83746,0.82545,0.05565,0.06044,72.86,317,443,573,682,668,1221,1381,1190,1401,1425,1724,1897,1874,2020,2020,2020,2018,2249,2121,2639,2638,2994,2964,2987,3417,3434,3613,3750,3809,3800
938,0.8375,0.82515,0.05564,0.06049,72.96,317,443,573,683,669,1222,1382,1190,1401,1425,1725,1897,1874,2020,2020,2020,2018,2249,2121,2639,2638,2994,2964,2987,3417,3434,3613,3750,3809,3800
939,0.83753,0.82551,0.05564,0.06043,73.04,317,443,574,684,669,1222,1382,1191,1401,1425,1726,1897,1874,2020,2020,2020,2018,2249,2121,2639,2638,2994,2964,2987,3417,3434,3613,3750,3809,3800
940,0.83755,0.82521,0.05563,0.06048,73.11,318,443,574,684,670,1223,1383,1191,1401,1425,1726,1897,1874,2020,2020,2020,2018,2249,2121,2639,2638,2994,2964,2987,3417,3434,3613,3750,3809,3800
941,0.83758,0.82558,0.05563,0.06042,73.18,318,443,574,685,670,1224,1384,1191,1401,1425,1727,1897,1874,2020,2020,2020,2018,2248,2121,2639,2638,2994,2964,2987,3417,3434,3613,3750,3809,3800
942,0.83761,0.82528,0.05562,0.06047,73.27,318,443,575,685,671,1224,1384,1191,1401,1425,1727,1897,1874,2020,2020,2020,2018,2248,2121,2639,2638,2994,2964,2987,3417,3434,3613,3750,3809,3800
943,0.83764,0.82567,0.05562,0.0604,73.36,318,443,575,686,671,1225,1385,1191,1401,1425,1728,1897,1874,2020,2020,2020,2018,2248,2121,2639,2638,2994,2964,2987,3417,3434,3613,3750,3809,3800
944,0.83766,0.82533,0.05561,0.06046,73.44,319,443,575,687,672,1226,1385,1192,1401,1425,1729,1897,1874,2020,2020,2020,2018,2248,2121,2639,2638,2994,2964,2987,3417,3434,3613,3750,3809,3800
945,0.83769,0.82578,0.05561,0.06038,73.51,319,443,576,687,672,1226,1386,1192,1401,1425,1729,1897,1874,2020,2020,2020,2018,2248,2121,2639,2638,2994,2964,2987,3417,3434,3613,3750,3809,3800
946,0.83772,0.82539,0.0556,0.06045,73.58,319,443,576,688,673,1227,1387,1192,1401,1425,1730,1897,1874,2020,2020,2020,2018,2247,2121,2639,2638,2994,2964,2987,3417,3434,3613,3750,3809,3800
947,0.83774,0.82592,0.0556,0.06036,73.66,319,443,576,689,673,1228,1387,1193,1401,1425,1731,1897,1874,2020,2020,2020,2018,2247,2121,2639,2638,2993,2964,2987,3417,3434,3613,3750,3809,3800
948,0.83776,0.82546,0.0556,0.06044,73.74,320,443,577,689,674,1228,1388,1193,1401,1425,1731,1897,1874,2020,2020,2020,2018,2247,2121,2639,2638,2994,2964,2987,3417,3434,3613,3750,3809,3800
949,0.83778,0.82604,0.05559,0.06034,73.82,320,443,577,690,674,1229,1388,1193,1401,1425,1732,1897,1874,2020,2020,2020,2018,2247,2121,2639,2638,2993,2964,2987,3417,3434,3613,3750,3809,3800
950,0.83781,0.82551,0.05559,0.06043,73.89,320,443,577,690,675,1230,1389,1194,1401,1425,1732,1897,1874,2020,2020,2020,2018,2247,2121,2639,2638,2994,2964,2987,3417,3434,3613,3750,3809,3800
951,0.83783,0.82614,0.05558,0.06032,73.98,320,443,578,691,675,1231,1389,1194,1401,1425,1733,1897,1874,2020,2020,2020,2018,2246,2121,2639,2638,2993,2964,2987,3417,3434,3613,3750,3809,3800
952,0.83786,0.82558,0.05558,0.06042,74.07,321,443,578,692,676,1231,1390,1194,1401,1425,1734,1897,1874,2020,2020,2020,2018,2246,2121,2639,2638,2994,2964,2987,3417,3434,3613,3750,3809,3800
953,0.83788,0.82628,0.05557,0.0603,74.14,321,443,578,692,676,1232,1391,1195,1401,1425,1734,1897,1874,2020,2020,2020,2018,2246,2121,2639,2638,2993,2964,2987,3417,3434,3613,3750,3809,3800
954,0.83791,0.82566,0.05557,0.0604,74.22,321,444,579,693,677,1233,1391,1195,1401,1425,1735,1897,1874,2020,2020,2020,2018,2246,2121,2639,2638,2994,2964,2987,3417,3434,3613,3750,3809,3799
955,0.83793,0.82644,0.05557,0.06027,74.3,322,444,579,694,677,1233,1392,1195,1401,1425,1735,1897,1874,2020,2020,2020,2018,2246,2121,2639,2638,2993,2964,2987,3417,3434,3613,3750,3809,3799
956,0.83795,0.82573,0.05556,0.06039,74.38,322,444,579,694,678,1234,1393,1195,1401,1425,1736,1897,1874,2020,2020,2020,2018,2245,2121,2639,2638,2994,2964,2987,3417,3434,3613,3750,3809,3799
957,0.83796,0.82658,0.05556,0.06024,74.47,322,444,580,695,678,1235,1393,1196,1401,1425,1737,1897,1874,2020,2020,2020,2018,2245,2121,2639,2638,2994,2964,2987,3417,3434,3613,3750,3809,3799
958,0.83798,0.82575,0.05556,0.06039,74.55,322,444,580,696,679,1235,1394,1196,1401,1425,1737,1897,1874,2020,2020,2020,2018,2245,2121,2639,2638,2994,2964,2987,3417,3434,3613,3750,3809,3799
959,0.83799,0.82669,0.05556,0.06022,74.62,323,444,580,696,679,1236,1395,1196,1401,1425,1738,1897,1874,2020,2020,2020,2018,2245,2121,2639,2638,2994,2964,2987,3417,3434,3613,3750,3809,3799
960,0.83801,0.82575,0.05555,0.06039,74.71,323,444,581,697,680,1237,1396,1196,1401,1425,1738,1897,1874,2020,2020,2020,2018,2245,2121,2639,2639,2994,2964,2987,3417,3435,3613,3750,3809,3799
961,0.83803,0.82677,0.05555,0.06021,74.79,323,444,581,698,680,1237,1396,1197,1401,1425,1739,1897,1874,2020,2020,2020,2018,2244,2121,2639,2638,2994,2964,2987,3417,3435,3613,3750,3809,3799
962,0.83805,0.82575,0.05555,0.06039,74.86,323,444,581,698,681,1238,1397,1197,1401,1425,1740,1897,1874,2020,2020,2020,2018,2244,2121,2639,2639,2994,2964,2987,3417,3435,3613,3750,3809,3799
963,0.83808,0.82684,0.05554,0.0602,74.94,324,444,582,699,681,1239,1398,1197,1401,1425,1740,1897,1874,2020,2020,2020,2018,2244,2121,2639,2638,2994,2964,2987,3417,3435,3613,3750,3809,3799
964,0.83817,0.82621,0.05553,0.06031,75.03,324,444,582,700,682,1239,1400,1197,1401,1425,1741,1897,1874,2020,2020,2020,2018,2244,2121,2639,2639,2994,2964,2987,3417,3435,3613,3750,3809,3799
965,0.83827,0.82689,0.05551,0.06019,75.12,324,444,583,700,682,1240,1403,1198,1401,1425,1741,1897,1874,2020,2020,2020,2019,2244,2121,2639,2638,2994,2964,2987,3417,3435,3613,3750,3809,3799
966,0.83832,0.82646,0.0555,0.06026,75.2,324,444,583,701,683,1241,1405,1198,1401,1425,1742,1897,1874,2020,2020,2020,2019,2244,2121,2639,2638,2994,2964,2987,3417,3435,3613,3750,3809,3799
967,0.83834,0.82647,0.0555,0.06026,75.27,325,444,583,702,684,1241,1407,1198,1401,1425,1743,1897,1874,2020,2020,2020,2019,2243,2121,2639,2638,2994,2964,2987,3417,3435,3613,3750,3809,3799
968,0.83836,0.82679,0.05549,0.06021,75.35,325,444,584,702,684,1242,1408,1198,1401,1425,1743,1897,1874,2020,2020,2020,2019,2243,2121,2638,2638,2994,2964,2987,3417,3435,3613,3750,3809,3799
969,0.83836,0.8265,0.05549,0.06026,75.42,325,445,584,703,685,1243,1410,1198,1401,1425,1744,1897,1874,2020,2020,2020,2019,2243,2121,2638,2638,2994,2964,2987,3417,3435,3613,3750,3809,3799
970,0.83835,0.82717,0.05549,0.06014,75.49,326,445,584,704,685,1244,1412,1199,1401,1425,1744,1897,1874,2020,2020,2020,2019,2243,2121,2638,2638,2994,2964,2986,3417,3435,3613,3750,3809,3799
971,0.83836,0.82639,0.05549,0.06028,75.58,326,445,585,704,686,1244,1413,1199,1401,1425,1745,1897,1874,2020,2020,2020,2019,2243,2121,2639,2638,2994,2964,2987,3417,3435,3613,3750,3809,3798
972,0.83837,0.82713,0.05549,0.06015,75.66,326,445,585,705,686,1245,1414,1199,1401,1425,1746,1897,1874,2020,2020,2020,2019,2243,2121,2639,2638,2994,2964,2986,3417,3435,3613,3750,3809,3798
973,0.83839,0.82625,0.05549,0.0603,75.74,326,445,585,706,687,1246,1416,1199,1401,1425,1746,1897,1874,2020,2020,2020,2019,2243,2121,2639,2638,2994,2964,2987,3417,3435,3613,3750,3809,3798
974,0.83843,0.82721,0.05548,0.06013,75.82,327,445,586,706,687,1246,1417,1199,1401,1425,1747,1897,1874,2020,2020,2020,2019,2243,2121,2639,2638,2994,2964,2987,3417,3435,3613,3750,3809,3798
975,0.83848,0.82654,0.05547,0.06025,75.92,327,445,586,707,688,1247,1418,1199,1401,1425,1747,1897,1874,2020,2020,2020,2019,2243,2121,2639,2638,2994,2964,2987,3417,3435,3613,3750,3809,3798
976,0.83852,0.8274,0.05546,0.0601,76.0,327,445,586,708,688,1248,1419,1199,1401,1425,1748,1897,1874,2020,2020,2020,2019,2242,2121,2638,2638,2994,2964,2987,3417,3435,3613,3750,3809,3798
977,0.83858,0.82677,0.05545,0.06021,76.08,327,445,587,708,689,1248,1420,1200,1401,1425,1749,1897,1874,2020,2020,2020,2019,2242,2121,2639,2639,2994,2964,2987,3417,3435,3613,3750,3809,3798
978,0.83863,0.8273,0.05545,0.06012,76.15,328,445,587,709,690,1249,1421,1200,1401,1425,1749,1897,1874,2020,2020,2020,2019,2242,2121,2638,2638,2994,2964,2987,3417,3435,3613,3750,3809,3798
979,0.83868,0.82691,0.05544,0.06019,76.24,328,445,588,710,690,1250,1422,1200,1401,1425,1750,1897,1874,2020,2020,2020,2019,2242,2121,2639,2639,2994,2964,2987,3417,3435,3613,3750,3809,3798
980,0.83873,0.82722,0.05543,0.06013,76.31,328,445,588,710,691,1250,1423,1201,1401,1425,1750,1897,1874,2020,2020,2020,2019,2242,2121,2639,2638,2994,2964,2987,3417,3434,3613,3750,3809,3798
981,0.83876,0.82725,0.05542,0.06013,76.39,328,445,588,711,691,1251,1423,1201,1401,1425,1751,1897,1874,2020,2020,2020,2019,2242,2121,2639,2638,2994,2964,2987,3417,3434,3613,3750,3809,3798
982,0.83878,0.82724,0.05542,0.06013,76.47,329,445,589,712,692,1252,1424,1201,1401,1425,1752,1897,1874,2020,2020,2020,2019,2242,2121,2639,2638,2994,2964,2987,3417,3434,3613,3750,3809,3798
983,0.83881,0.82745,0.05542,0.06009,76.55,329,445,589,712,692,1252,1425,1201,1401,1425,1752,1897,1874,2020,2020,2020,2019,2242,2121,2639,2638,2994,2964,2987,3417,3434,3613,3750,3809,3798
984,0.83882,0.82708,0.05541,0.06016,76.62,329,445,589,713,693,1253,1426,1202,1401,1425,1753,1897,1874,2020,2020,2020,2019,2241,2121,2639,2638,2994,2964,2987,3417,3435,3613,3750,3809,3798
985,0.83884,0.82748,0.05541,0.06009,76.69,330,445,590,714,693,1254,1426,1202,1401,1425,1754,1897,1874,2020,2020,2020,2019,2241,2121,2639,2638,2994,2964,2987,3417,3435,3613,3750,3809,3798
986,0.83886,0.82703,0.05541,0.06017,76.77,330,445,590,715,694,1254,1427,1202,1401,1425,1754,1897,1874,2020,2020,2020,2019,2241,2121,2639,2638,2994,2964,2987,3417,3435,3613,3750,3809,3798
987,0.83888,0.82769,0.0554,0.06005,76.87,330,445,590,715,695,1255,1427,1203,1401,1425,1755,1897,1874,2020,2020,2020,2019,2241,2121,2639,2638,2993,2964,2987,3417,3435,3613,3750,3809,3798
988,0.8389,0.82715,0.0554,0.06014,76.96,330,445,591,716,695,1256,1428,1203,1401,1425,1755,1897,1874,2020,2020,2020,2019,2241,2121,2639,2638,2994,2964,2987,3417,3435,3613,3750,3809,3798
989,0.83892,0.82785,0.0554,0.06002,77.04,331,446,591,717,696,1256,1428,1203,1401,1425,1756,1897,1874,2020,2020,2020,2019,2241,2121,2639,2638,2993,2964,2987,3417,3435,3613,3750,3809,3798
990,0.83895,0.82716,0.05539,0.06014,77.12,331,446,592,717,696,1257,1429,1204,1401,1425,1757,1897,1874,2020,2020,2020,2019,2241,2121,2639,2638,2994,2964,2987,3417,3435,3613,3750,3809,3798
991,0.83899,0.82781,0.05539,0.06003,77.2,331,446,592,718,697,1258,1429,1204,1401,1425,1757,1897,1874,2020,2020,2020,2018,2241,2121,2639,2638,2993,2964,2987,3417,3435,3613,3750,3809,3797
992,0.83903,0.82724,0.05538,0.06013,77.29,331,446,592,719,697,1258,1430,1204,1401,1425,1758,1897,1874,2020,2020,2020,2018,2240,2121,2639,2639,2994,2964,2987,3417,3435,3613,3750,3809,3797
993,0.83907,0.8279,0.05537,0.06001,77.37,332,446,593,719,698,1259,1430,1204,1401,1425,1759,1897,1874,2020,2020,2020,2018,2240,2121,2639,2638,2993,2964,2987,3417,3435,3613,3750,3809,3797
994,0.83912,0.82752,0.05536,0.06008,77.45,332,446,593,720,699,1260,1431,1205,1401,1425,1759,1897,1874,2020,2020,2020,2018,2240,2121,2639,2638,2993,2964,2987,3417,3435,3613,3750,3809,3797
995,0.83916,0.82797,0.05536,0.06,77.53,332,446,593,721,699,1260,1431,1205,1401,1425,1760,1897,1874,2020,2020,2020,2018,2240,2121,2639,2638,2993,2964,2987,3417,3435,3613,3750,3809,3797
996,0.8392,0.82765,0.05535,0.06006,77.61,333,446,594,722,700,1261,1432,1205,1401,1425,1761,1897,1874,2020,2020,2020,2018,2240,2121,2639,2638,2993,2964,2987,3417,3435,3613,3750,3809,3797
997,0.83924,0.82789,0.05534,0.06002,77.69,333,446,594,722,700,1262,1432,1205,1401,1425,1761,1897,1874,2020,2020,2020,2018,2240,2121,2639,2638,2993,2964,2987,3417,3435,3613,3750,3809,3797
998,0.83927,0.82778,0.05534,0.06004,77.79,333,446,594,723,701,1262,1432,1205,1401,1425,1762,1897,1874,2020,2020,2020,2018,2240,2121,2639,2638,2993,2964,2987,3417,3435,3613,3750,3809,3797
999,0.83931,0.82795,0.05533,0.06001,77.87,333,446,595,724,701,1263,1433,1206,1401,1425,1762,1897,1874,2020,2020,2020,2018,2239,2121,2639,2638,2993,2964,2987,3417,3435,3613,3750,3809,3797
1000,0.83934,0.82802,0.05532,0.05999,77.97,334,446,595,724,702,1264,1433,1206,1401,1425,1763,1897,1874,2020,2020,2020,2018,2239,2121,2639,2638,2993,2964,2987,3417,3435,3614,3750,3809,3797
1001,0.83937,0.82802,0.05532,0.05999,78.05,334,446,595,725,703,1264,1433,1206,1401,1425,1764,1897,1874,2020,2020,2020,2018,2239,2121,2639,2638,2993,2964,2987,3417,3435,3614,3750,3809,3797
1002,0.8394,0.82812,0.05531,0.05998,78.14,334,446,596,726,703,1265,1434,1207,1401,1425,1764,1897,1874,2020,2020,2020,2018,2239,2121,2639,2638,2993,2964,2987,3417,3435,3614,3750,3809,3797
1003,0.83943,0.82796,0.05531,0.06,78.23,334,446,596,726,704,1266,1434,1207,1401,1425,1765,1897,1874,2020,2020,2020,2018,2239,2121,2639,2638,2993,2964,2987,3417,3435,3614,3750,3809,3797
1004,0.83946,0.82819,0.0553,0.05996,78.31,335,446,597,727,704,1266,1434,1207,1401,1425,1766,1897,1874,2020,2020,2020,2018,2239,2121,2639,2638,2993,2964,2987,3417,3435,3614,3750,3809,3797
1005,0.83948,0.82799,0.0553,0.06,78.4,335,446,597,728,705,1267,1435,1208,1401,1425,1766,1897,1874,2020,2020,2020,2018,2238,2121,2639,2638,2993,2964,2987,3417,3435,3614,3750,3809,3797
1006,0.83951,0.82835,0.05529,0.05994,78.48,335,446,597,729,705,1268,1435,1208,1401,1425,1767,1897,1874,2020,2020,2020,2018,2238,2121,2639,2638,2993,2964,2987,3417,3435,3614,3750,3809,3797
1007,0.83954,0.82804,0.05529,0.05999,78.56,336,447,598,729,706,1269,1435,1208,1401,1425,1768,1897,1874,2020,2020,2020,2018,2238,2121,2639,2638,2993,2964,2987,3417,3435,3614,3750,3809,3797
1008,0.83956,0.82845,0.05529,0.05992,78.65,336,447,598,730,707,1269,1436,1209,1401,1425,1768,1897,1874,2020,2020,2020,2018,2238,2121,2639,2638,2993,2964,2987,3417,3435,3614,3750,3809,3797
1009,0.83959,0.828,0.05528,0.06,78.72,336,447,598,731,707,1270,1436,1209,1401,1425,1769,1897,1874,2020,2020,2020,2018,2238,2121,2639,2638,2993,2964,2987,3417,3435,3614,3750,3809,3797
1010,0.83961,0.82854,0.05528,0.0599,78.8,336,447,599,731,708,1271,1437,1209,1401,1425,1770,1897,1874,2020,2020,2020,2018,2237,2121,2639,2638,2993,2964,2987,3417,3435,3614,3750,3809,3797
1011,0.83962,0.82799,0.05528,0.06,78.87,337,447,599,732,708,1271,1437,1210,1401,1425,1770,1897,1874,2020,2020,2020,2018,2237,2121,2639,2638,2993,2964,2987,3417,3435,3614,3750,3809,3797
1012,0.83963,0.82871,0.05527,0.05987,78.95,337,447,599,733,709,1272,1437,1210,1401,1425,1771,1897,1874,2020,2020,2020,2018,2237,2121,2639,2638,2993,2964,2986,3417,3435,3614,3750,3809,3797
1013,0.83964,0.82795,0.05527,0.06001,79.04,337,447,600,733,709,1273,1437,1210,1401,1425,1772,1897,1874,2020,2020,2020,2018,2237,2121,2639,2638,2993,2964,2987,3417,3435,3614,3750,3809,3797
1014,0.83964,0.82884,0.05527,0.05985,79.11,337,447,600,734,710,1273,1438,1210,1401,1425,1772,1898,1874,2020,2020,2020,2018,2237,2121,2639,2638,2993,2964,2986,3417,3434,3614,3750,3809,3797
1015,0.83963,0.8278,0.05527,0.06003,79.19,338,447,601,735,711,1274,1438,1211,1401,1425,1773,1898,1874,2020,2020,2020,2018,2237,2121,2639,2638,2993,2964,2987,3417,3435,3614,3750,3809,3797
1016,0.8396,0.82892,0.05528,0.05984,79.27,338,447,601,736,711,1275,1438,1211,1401,1425,1774,1898,1874,2020,2020,2020,2018,2237,2121,2639,2638,2993,2964,2986,3417,3434,3614,3750,3809,3796
1017,0.83959,0.82763,0.05528,0.06006,79.34,338,447,601,736,712,1275,1438,1211,1401,1425,1774,1898,1874,2020,2020,2020,2018,2236,2121,2639,2639,2993,2964,2987,3417,3435,3614,3750,3809,3796
1018,0.83959,0.82904,0.05528,0.05982,79.42,339,447,602,737,712,1276,1439,1212,1401,1425,1775,1898,1874,2020,2020,2020,2018,2236,2121,2639,2638,2993,2964,2986,3417,3434,3614,3750,3809,3796
1019,0.83962,0.82763,0.05528,0.06006,79.5,339,447,602,738,713,1277,1439,1212,1401,1425,1776,1898,1874,2020,2020,2020,2018,2236,2121,2639,2639,2993,2964,2987,3417,3435,3614,3750,3809,3796
1020,0.83966,0.82911,0.05527,0.0598,79.58,339,447,602,738,714,1277,1439,1212,1401,1425,1776,1898,1874,2020,2020,2020,2018,2236,2121,2639,2638,2993,2964,2986,3417,3434,3614,3750,3809,3796
1021,0.83976,0.82787,0.05525,0.06002,79.65,339,447,603,739,714,1278,1440,1212,1401,1425,1777,1898,1874,2020,2020,2020,2018,2236,2121,2639,2639,2993,2964,2986,3417,3435,3614,3750,3809,3796
1022,0.83986,0.82913,0.05523,0.0598,79.73,340,447,603,740,715,1279,1440,1213,1401,1425,1778,1898,1874,2020,2020,2020,2018,2236,2121,2639,2638,2993,2964,2986,3417,3435,3614,3750,3809,3796
1023,0.83998,0.82836,0.05521,0.05993,79.8,340,447,603,740,715,1279,1440,1213,1402,1425,1778,1898,1874,2020,2020,2020,2018,2236,2121,2639,2638,2993,2964,2986,3417,3435,3614,3750,3809,3796
1024,0.84006,0.82903,0.0552,0.05982,79.88,340,447,604,741,716,1280,1440,1213,1402,1425,1779,1898,1874,2020,2020,2020,2018,2235,2121,2639,2638,2993,2964,2986,3417,3435,3614,3750,3809,3796
1025,0.84012,0.82889,0.05519,0.05984,79.96,340,447,604,742,717,1281,1441,1214,1402,1425,1780,1898,1874,2020,2020,2020,2018,2235,2121,2639,2638,2993,2964,2986,3417,3435,3614,3750,3809,3796
1026,0.84014,0.82879,0.05519,0.05986,80.03,341,448,605,742,717,1281,1441,1214,1402,1425,1780,1898,1874,2020,2020,2020,2018,2235,2121,2639,2638,2993,2964,2986,3417,3435,3614,3750,3809,3796
1027,0.84013,0.82919,0.05519,0.05979,80.11,341,448,605,743,718,1282,1441,1214,1402,1425,1781,1898,1874,2020,2020,2020,2018,2235,2121,2638,2638,2993,2964,2986,3417,3435,3614,3750,3809,3796
1028,0.84013,0.82855,0.05519,0.0599,80.2,341,448,605,744,718,1283,1441,1214,1402,1425,1782,1898,1874,2020,2020,2020,2018,2235,2121,2639,2638,2993,2964,2986,3417,3435,3614,3750,3809,3796
1029,0.84013,0.82934,0.05519,0.05976,80.28,342,448,606,744,719,1283,1442,1214,1402,1425,1782,1898,1874,2020,2020,2020,2018,2235,2121,2639,2638,2993,2964,2986,3417,3435,3614,3750,3809,3796
1030,0.84016,0.82852,0.05518,0.05991,80.35,342,448,606,745,720,1284,1442,1214,1402,1425,1783,1898,1874,2020,2020,2020,2018,2235,2121,2639,2638,2993,2964,2987,3417,3435,3614,3750,3809,3796
1031,0.84019,0.82943,0.05518,0.05975,80.42,342,448,606,746,720,1285,1442,1215,1402,1425,1784,1898,1874,2020,2020,2020,2018,2234,2121,2639,2638,2993,2964,2986,3417,3435,3614,3750,3809,3796
1032,0.84025,0.82869,0.05517,0.05988,80.5,342,448,607,747,721,1285,1442,1215,1402,1425,1784,1898,1874,2020,2020,2020,2018,2234,2121,2639,2638,2993,2964,2987,3417,3435,3614,3750,3809,3796
1033,0.84031,0.82944,0.05516,0.05975,80.57,343,448,607,747,721,1286,1442,1215,1402,1425,1785,1899,1874,2020,2020,2020,2018,2234,2121,2639,2638,2993,2964,2986,3417,3435,3614,3750,3809,3796
1034,0.84037,0.82895,0.05515,0.05983,80.66,343,448,607,748,722,1287,1443,1215,1402,1425,1786,1899,1874,2020,2020,2020,2018,2234,2121,2639,2639,2993,2964,2987,3417,3435,3614,3750,3809,3796
1035,0.84042,0.82938,0.05514,0.05976,80.74,343,448,608,749,723,1287,1443,1215,1402,1425,1786,1899,1874,2020,2020,2020,2018,2234,2121,2638,2638,2993,2964,2986,3417,3435,3614,3750,3809,3795
1036,0.84046,0.82925,0.05513,0.05978,80.81,343,448,608,749,723,1288,1443,1215,1402,1425,1787,1899,1874,2020,2020,2020,2018,2234,2121,2638,2638,2993,2964,2986,3417,3435,3614,3750,3809,3795
1037,0.84049,0.82931,0.05513,0.05977,80.9,344,448,609,750,724,1289,1443,1216,1402,1425,1788,1899,1874,2020,2020,2020,2018,2233,2121,2638,2638,2993,2964,2986,3417,3435,3614,3750,3809,3795
1038,0.84052,0.82948,0.05512,0.05974,80.97,344,448,609,751,724,1289,1444,1216,1402,1425,1788,1899,1874,2020,2020,2020,2018,2233,2121,2638,2638,2993,2964,2986,3417,3435,3614,3750,3809,3795
1039,0.84054,0.82918,0.05512,0.05979,81.04,344,448,609,751,725,1290,1444,1216,1402,1425,1789,1899,1874,2020,2020,2020,2018,2233,2121,2639,2638,2993,2964,2987,3417,3435,3614,3750,3809,3795
1040,0.84056,0.8296,0.05511,0.05972,81.12,345,448,610,752,726,1291,1444,1217,1402,1425,1790,1899,1874,2020,2020,2020,2018,2233,2121,2639,2638,2993,2964,2986,3417,3435,3614,3750,3809,3795
1041,0.84058,0.82917,0.05511,0.05979,81.2,345,448,610,753,726,1291,1445,1217,1402,1425,1790,1899,1874,2020,2020,2020,2018,2233,2121,2639,2638,2993,2964,2987,3417,3435,3614,3750,3809,3795
1042,0.8406,0.82974,0.05511,0.05969,81.27,345,448,610,753,727,1292,1445,1217,1402,1425,1791,1899,1874,2020,2020,2020,2018,2232,2121,2639,2638,2993,2964,2986,3417,3435,3614,3750,3809,3795
1043,0.84064,0.82928,0.0551,0.05977,81.35,345,448,611,754,727,1293,1445,1218,1402,1425,1792,1899,1874,2020,2020,2020,2018,2232,2121,2639,2638,2993,2964,2987,3417,3435,3614,3750,3809,3795
1044,0.84067,0.82981,0.05509,0.05968,81.43,346,448,611,755,728,1293,1445,1218,1402,1425,1792,1899,1874,2020,2020,2020,2018,2232,2121,2638,2638,2993,2964,2986,3417,3435,3614,3750,3809,3795
1045,0.84071,0.82945,0.05509,0.05974,81.5,346,449,611,755,729,1294,1445,1218,1402,1425,1793,1899,1874,2020,2020,2020,2018,2232,2121,2639,2638,2993,2964,2987,3417,3435,3614,3750,3809,3795
1046,0.84076,0.82983,0.05508,0.05968,81.58,346,449,612,756,729,1295,1446,1219,1402,1425,1794,1899,1874,2020,2020,2020,2018,2232,2121,2638,2638,2993,2964,2987,3417,3435,3614,3750,3809,3795
1047,0.8408,0.82967,0.05507,0.0597,81.66,347,449,612,757,730,1295,1446,1219,1402,1425,1794,1899,1874,2020,2020,2020,2018,2232,2121,2639,2638,2993,2964,2987,3417,3435,3614,3750,3809,3795
1048,0.84083,0.82982,0.05507,0.05968,81.73,347,449,613,757,730,1296,1446,1219,1402,1425,1795,1899,1874,2020,2020,2020,2018,2231,2121,2639,2638,2993,2964,2987,3417,3435,3614,3750,3809,3795
1049,0.84086,0.82987,0.05506,0.05967,81.81,347,449,613,758,731,1296,1446,1219,1402,1425,1795,1899,1874,2020,2020,2020,2018,2231,2121,2639,2638,2993,2964,2987,3417,3435,3614,3750,3809,3795
1050,0.84089,0.82978,0.05506,0.05969,81.89,347,449,613,759,732,1297,1446,1220,1402,1425,1796,1900,1874,2020,2020,2020,2018,2231,2121,2639,2638,2993,2964,2987,3417,3435,3614,3750,3809,3795
1051,0.84091,0.83002,0.05505,0.05964,81.96,348,449,614,759,732,1298,1447,1220,1402,1425,1797,1900,1874,2020,2020,2020,2018,2231,2121,2639,2638,2993,2964,2987,3417,3435,3614,3750,3809,3795
1052,0.84094,0.82978,0.05505,0.05969,82.05,348,449,614,760,733,1298,1447,1220,1402,1425,1797,1900,1874,2020,2020,2020,2018,2231,2121,2639,2638,2993,2964,2987,3417,3435,3614,3750,3809,3795
1053,0.84097,0.83015,0.05504,0.05962,82.13,348,449,615,761,733,1299,1447,1221,1403,1425,1798,1900,1874,2020,2020,2020,2018,2230,2121,2639,2638,2993,2964,2987,3417,3435,3614,3750,3809,3794
1054,0.841,0.82983,0.05504,0.05968,82.21,348,449,615,761,734,1300,1447,1221,1403,1425,1799,1900,1874,2020,2020,2020,2018,2230,2121,2639,2638,2993,2964,2987,3417,3435,3614,3750,3809,3794
1055,0.84103,0.83025,0.05503,0.0596,82.32,349,449,615,762,735,1300,1447,1221,1403,1425,1799,1900,1874,2020,2020,2020,2018,2230,2121,2638,2638,2993,2964,2987,3417,3435,3614,3750,3809,3794
1056,0.84106,0.8299,0.05503,0.05966,82.4,349,449,616,763,735,1301,1447,1221,1403,1425,1800,1901,1874,2020,2020,2020,2018,2230,2121,2639,2638,2993,2964,2987,3417,3435,3614,3750,3809,3794
1057,0.84109,0.83031,0.05502,0.05959,82.49,349,449,616,763,736,1302,1448,1222,1403,1425,1800,1901,1874,2020,2020,2020,2018,2230,2121,2638,2638,2993,2964,2987,3417,3435,3614,3750,3809,3794
1058,0.84112,0.83,0.05502,0.05965,82.57,350,449,617,764,736,1302,1448,1222,1403,1425,1801,1901,1874,2020,2020,2020,2018,2230,2121,2639,2638,2993,2964,2987,3417,3435,3614,3750,3809,3794
1059,0.84116,0.83037,0.05501,0.05958,82.65,350,449,617,765,737,1303,1448,1222,1403,1425,1802,1901,1874,2020,2020,2020,2018,2229,2121,2638,2638,2993,2964,2987,3417,3435,3614,3750,3809,3794
1060,0.84119,0.83013,0.055,0.05963,82.73,350,450,617,765,738,1304,1448,1223,1403,1425,1802,1901,1874,2020,2020,2020,2018,2229,2121,2639,2638,2993,2964,2987,3417,3435,3614,3750,3809,3794
1061,0.84122,0.83041,0.055,0.05957,82.82,350,450,618,766,738,1304,1449,1223,1403,1425,1803,1902,1874,2020,2020,2020,2018,2229,2121,2638,2638,2993,2964,2987,3417,3435,3614,3750,3809,3794
1062,0.84126,0.83023,0.05499,0.05961,82.9,351,450,618,767,739,1305,1449,1223,1403,1425,1804,1902,1874,2020,2020,2020,2018,2229,2121,2639,2638,2993,2964,2987,3417,3435,3614,3750,3809,3794
1063,0.84129,0.83044,0.05499,0.05957,82.99,351,450,619,767,739,1306,1449,1223,1403,1425,1804,1902,1874,2020,2020,2020,2018,2229,2121,2638,2638,2993,2964,2987,3417,3435,3614,3750,3809,3794
1064,0.84132,0.83033,0.05498,0.05959,83.1,351,450,619,768,740,1306,1449,1224,1403,1425,1805,1902,1874,2020,2020,2020,2018,2229,2121,2639,2638,2992,2964,2987,3417,3435,3614,3750,3809,3794
1065,0.84136,0.83048,0.05498,0.05956,83.2,351,450,619,769,741,1307,1449,1224,1403,1425,1805,1902,1874,2020,2020,2020,2018,2229,2121,2639,2638,2992,2964,2987,3417,3435,3614,3750,3809,3794
1066,0.84139,0.83041,0.05497,0.05957,83.28,352,450,620,769,741,1308,1449,1224,1403,1425,1806,1902,1874,2020,2020,2020,2018,2228,2121,2639,2638,2992,2964,2987,3417,3435,3614,3750,3809,3794
1067,0.84142,0.83054,0.05497,0.05955,83.37,352,450,620,770,742,1308,1450,1225,1403,1425,1807,1902,1874,2020,2020,2020,2018,2228,2121,2638,2638,2992,2964,2987,3417,3435,3614,3750,3809,3794
1068,0.84145,0.83049,0.05496,0.05956,83.45,352,450,621,771,743,1309,1450,1225,1403,1425,1807,1902,1874,2020,2020,2020,2018,2228,2121,2639,2638,2992,2964,2987,3417,3435,3614,3750,3809,3794
1069,0.84148,0.83064,0.05495,0.05953,83.53,353,450,621,771,743,1310,1450,1225,1403,1425,1808,1903,1874,2020,2020,2020,2018,2228,2121,2638,2638,2992,2964,2987,3417,3435,3614,3750,3809,3794
1070,0.84151,0.83056,0.05495,0.05955,83.61,353,450,621,772,744,1310,1450,1226,1403,1425,1808,1903,1874,2020,2020,2020,2018,2228,2121,2639,2638,2992,2964,2987,3417,3435,3614,3750,3809,3794
1071,0.84154,0.83075,0.05494,0.05952,83.69,353,450,622,773,744,1311,1451,1226,1403,1425,1809,1903,1874,2020,2020,2020,2018,2228,2121,2638,2638,2992,2964,2987,3417,3435,3614,3750,3809,3794
1072,0.84157,0.83058,0.05494,0.05955,83.77,353,450,622,774,745,1312,1451,1226,1403,1425,1810,1903,1874,2020,2020,2020,2018,2228,2121,2639,2638,2992,2964,2987,3417,3435,3614,3750,3809,3794
1073,0.84159,0.83084,0.05493,0.0595,83.86,354,450,623,774,746,1312,1451,1226,1403,1425,1810,1903,1874,2020,2020,2020,2018,2227,2121,2638,2638,2992,2964,2987,3417,3435,3614,3750,3809,3794
1074,0.84162,0.83058,0.05493,0.05954,83.94,354,450,623,775,746,1313,1451,1226,1403,1425,1811,1904,1874,2020,2020,2020,2018,2227,2121,2639,2638,2992,2964,2987,3417,3435,3614,3750,3809,3794
1075,0.84164,0.83099,0.05493,0.05947,84.02,354,450,624,776,747,1314,1451,1227,1403,1425,1812,1904,1874,2020,2020,2020,2018,2227,2121,2638,2638,2992,2964,2987,3417,3435,3614,3750,3809,3794
1076,0.84166,0.83056,0.05492,0.05955,84.1,355,450,624,776,747,1314,1451,1227,1403,1425,1812,1904,1874,2020,2020,2020,2018,2227,2121,2639,2638,2992,2964,2987,3417,3435,3614,3750,3809,3794
1077,0.84167,0.83113,0.05492,0.05945,84.18,355,450,625,777,748,1315,1451,1227,1403,1425,1813,1904,1874,2020,2020,2020,2018,2227,2121,2638,2638,2992,2964,2987,3417,3435,3614,3750,3809,3793
1078,0.84168,0.83045,0.05492,0.05957,84.27,355,450,625,778,749,1315,1451,1228,1403,1425,1813,1904,1874,2020,2020,2020,2018,2227,2121,2639,2638,2992,2964,2987,3417,3435,3614,3750,3809,3793
1079,0.84167,0.83128,0.05492,0.05942,84.37,355,450,625,778,749,1316,1452,1228,1403,1425,1814,1905,1874,2020,2020,2020,2018,2227,2121,2638,2638,2992,2964,2987,3417,3435,3614,3750,3809,3793
1080,0.84166,0.83031,0.05492,0.05959,84.45,356,450,626,779,750,1317,1452,1228,1403,1425,1815,1905,1874,2020,2020,2020,2018,2226,2121,2639,2638,2992,2964,2987,3417,3435,3614,3750,3809,3793
1081,0.84163,0.83145,0.05493,0.05939,84.53,356,450,626,780,750,1317,1452,1228,1403,1425,1815,1905,1874,2020,2020,2020,2018,2226,2121,2638,2638,2992,2964,2987,3417,3435,3614,3750,3809,3793
1082,0.84158,0.83008,0.05494,0.05963,84.61,356,451,627,780,751,1318,1452,1229,1403,1425,1816,1905,1874,2020,2020,2020,2018,2226,2121,2639,2638,2992,2964,2987,3417,3435,3614,3750,3809,3793
1083,0.84152,0.83158,0.05495,0.05937,84.69,356,451,627,781,752,1319,1453,1229,1403,1425,1816,1906,1874,2020,2020,2020,2018,2226,2121,2639,2638,2992,2964,2987,3417,3435,3614,3750,3809,3793
1084,0.84149,0.82987,0.05495,0.05967,84.77,357,451,628,782,752,1319,1453,1229,1403,1425,1817,1906,1874,2020,2020,2020,2018,2226,2121,2639,2638,2992,2964,2987,3417,3435,3614,3750,3809,3793
1085,0.84148,0.83167,0.05495,0.05935,84.86,357,451,628,782,753,1320,1453,1230,1403,1425,1817,1906,1874,2020,2020,2020,2018,2225,2121,2639,2638,2992,2964,2987,3417,3435,3614,3750,3809,3793
1086,0.84155,0.82996,0.05494,0.05965,84.94,357,451,629,783,753,1321,1453,1230,1403,1425,1818,1906,1874,2020,2020,2020,2018,2225,2121,2639,2638,2992,2964,2987,3417,3435,3614,3750,3809,3793
1087,0.84168,0.83173,0.05492,0.05934,85.02,358,451,629,784,754,1321,1454,1230,1403,1425,1819,1907,1874,2020,2020,2020,2018,2225,2122,2639,2638,2992,2964,2987,3417,3435,3614,3750,3809,3793
1088,0.84186,0.83057,0.05489,0.05955,85.1,358,451,629,784,755,1322,1454,1230,1403,1425,1819,1907,1874,2020,2020,2020,2018,2225,2122,2639,2639,2992,2964,2987,3417,3435,3614,3750,3809,3793
1089,0.84201,0.83167,0.05486,0.05935,85.19,358,451,630,785,755,1323,1454,1231,1403,1425,1820,1907,1874,2020,2020,2020,2018,2225,2122,2639,2638,2992,2964,2987,3417,3435,3614,3750,3809,3793
1090,0.8421,0.83133,0.05485,0.05941,85.29,358,451,630,786,756,1323,1454,1231,1403,1425,1820,1907,1874,2020,2020,2020,2018,2224,2122,2638,2638,2992,2964,2987,3417,3435,3614,3750,3809,3793
1091,0.84213,0.83131,0.05484,0.05942,85.38,359,451,631,786,756,1324,1455,1231,1403,1425,1821,1907,1874,2020,2020,2020,2018,2224,2122,2638,2638,2992,2964,2987,3417,3435,3614,3750,3809,3793
1092,0.8421,0.83176,0.05485,0.05934,85.47,359,451,631,787,757,1325,1455,1232,1403,1425,1821,1907,1874,2020,2020,2020,2018,2224,2121,2638,2638,2992,2964,2986,3417,3435,3614,3750,3809,3793
1093,0.84206,0.83089,0.05485,0.05949,85.54,359,451,632,788,757,1325,1455,1232,1403,1425,1822,1907,1874,2020,2020,2020,2018,2224,2121,2638,2638,2992,2964,2986,3417,3435,3614,3750,3809,3792
1094,0.84205,0.83192,0.05486,0.05931,85.63,359,451,632,788,758,1326,1455,1232,1403,1425,1823,1907,1874,2020,2020,2020,2018,2224,2121,2638,2638,2992,2964,2986,3417,3435,3614,3750,3809,3792
1095,0.84209,0.8309,0.05485,0.05949,85.71,360,451,633,789,759,1327,1455,1232,1403,1425,1823,1907,1874,2020,2020,2020,2018,2224,2121,2639,2638,2992,2964,2986,3417,3435,3614,3750,3809,3792
1096,0.84216,0.83198,0.05484,0.0593,85.79,360,451,633,790,759,1327,1455,1233,1403,1425,1824,1907,1874,2020,2020,2020,2018,2224,2121,2639,2638,2992,2964,2986,3417,3435,3614,3750,3809,3792
1097,0.84225,0.83124,0.05482,0.05943,85.89,360,451,634,790,760,1328,1456,1233,1403,1425,1824,1908,1874,2020,2020,2020,2018,2224,2121,2639,2638,2992,2964,2986,3417,3435,3614,3750,3809,3792
1098,0.84232,0.83186,0.05481,0.05932,85.97,361,451,634,791,760,1328,1456,1233,1403,1425,1825,1908,1874,2020,2020,2020,2018,2224,2121,2639,2638,2992,2964,2986,3417,3435,3614,3750,3809,3792
1099,0.84237,0.8317,0.0548,0.05935,86.06,361,451,635,792,761,1329,1456,1234,1403,1425,1825,1908,1874,2020,2020,2020,2018,2224,2121,2639,2638,2992,2964,2986,3417,3435,3614,3750,3809,3792
1100,0.8424,0.8317,0.0548,0.05935,86.16,361,451,635,792,762,1330,1456,1234,1403,1425,1826,1908,1874,2020,2020,2020,2018,2223,2121,2638,2638,2992,2964,2986,3417,3435,3614,3750,3809,3792
1101,0.8424,0.83205,0.05479,0.05929,86.24,361,451,635,793,762,1330,1456,1234,1403,1425,1827,1908,1874,2020,2020,2020,2018,2223,2121,2638,2638,2992,2964,2986,3417,3435,3614,3750,3809,3792
1102,0.8424,0.83149,0.05479,0.05939,86.33,362,451,636,794,763,1331,1456,1235,1403,1425,1827,1908,1874,2020,2020,2020,2018,2223,2121,2638,2638,2992,2964,2987,3417,3435,3614,3750,3809,3792
1103,0.84241,0.83218,0.05479,0.05926,86.42,362,452,636,794,763,1332,1456,1235,1404,1425,1828,1909,1874,2020,2020,2020,2018,2223,2121,2638,2638,2992,2964,2987,3417,3435,3614,3749,3809,3792
1104,0.84243,0.83145,0.05479,0.05939,86.5,362,452,637,795,764,1332,1456,1235,1404,1425,1828,1909,1874,2020,2020,2020,2018,2223,2121,2639,2638,2992,2964,2987,3417,3435,3614,3750,3809,3792
1105,0.84247,0.83229,0.05478,0.05924,86.59,362,452,637,796,765,1333,1456,1236,1404,1425,1829,1909,1874,2020,2020,2020,2018,2223,2121,2639,2638,2992,2964,2987,3417,3435,3614,3749,3809,3792
1106,0.84252,0.83164,0.05477,0.05936,86.67,363,452,638,796,765,1334,1456,1236,1404,1425,1829,1909,1874,2020,2020,2020,2018,2222,2121,2639,2638,2992,2964,2987,3417,3435,3614,3750,3809,3791
1107,0.84257,0.83228,0.05477,0.05925,86.76,363,452,638,797,766,1334,1456,1236,1404,1425,1830,1909,1874,2020,2020,2020,2018,2222,2121,2639,2638,2992,2964,2987,3417,3435,3614,3749,3809,3791
1108,0.84262,0.83189,0.05476,0.05931,86.85,363,452,639,798,766,1335,1457,1236,1404,1425,1830,1909,1874,2020,2020,2020,2018,2222,2121,2639,2638,2992,2964,2987,3417,3435,3614,3750,3809,3791
1109,0.84266,0.83219,0.05475,0.05926,86.93,364,452,639,798,767,1336,1457,1237,1404,1425,1831,1910,1874,2020,2020,2020,2018,2222,2121,2638,2638,2992,2964,2987,3417,3435,3614,3749,3809,3791
1110,0.84269,0.83217,0.05474,0.05927,87.02,364,452,640,799,768,1336,1457,1237,1404,1425,1832,1910,1874,2020,2020,2020,2018,2222,2121,2638,2638,2992,2964,2987,3417,3435,3614,3749,3809,3791
1111,0.84272,0.83211,0.05474,0.05928,87.11,364,452,640,800,768,1337,1457,1237,1404,1425,1832,1910,1874,2020,2020,2020,2018,2221,2121,2638,2638,2992,2964,2987,3417,3435,3614,3750,3809,3791
1112,0.84274,0.83237,0.05474,0.05923,87.19,364,452,641,800,769,1337,1457,1238,1404,1425,1833,1910,1874,2020,2020,2020,2018,2221,2121,2638,2638,2992,2964,2987,3417,3435,3614,3749,3809,3791
1113,0.84276,0.83203,0.05473,0.05929,87.27,365,452,641,801,769,1338,1458,1238,1404,1425,1833,1910,1874,2020,2020,2020,2018,2221,2121,2638,2638,2992,2964,2987,3417,3435,3614,3750,3809,3791
1114,0.84278,0.83247,0.05473,0.05921,87.35,365,452,642,801,770,1339,1458,1238,1404,1425,1834,1911,1874,2020,2020,2020,2018,2221,2121,2638,2638,2992,2964,2987,3417,3435,3614,3749,3809,3791
1115,0.84281,0.83205,0.05472,0.05929,87.43,365,452,642,802,771,1339,1458,1239,1404,1425,1834,1911,1874,2020,2020,2020,2018,2220,2121,2639,2638,2992,2964,2987,3417,3435,3614,3750,3809,3791
1116,0.84283,0.83257,0.05472,0.0592,87.52,365,452,643,803,771,1340,1459,1239,1404,1425,1835,1911,1875,2020,2020,2020,2018,2220,2121,2639,2638,2992,2964,2987,3417,3435,3614,3749,3809,3791
1117,0.84287,0.83216,0.05471,0.05927,87.62,366,452,643,803,772,1341,1459,1240,1404,1425,1835,1911,1875,2020,2020,2020,2018,2220,2121,2639,2638,2992,2964,2987,3417,3435,3614,3750,3809,3791
1118,0.8429,0.83258,0.05471,0.05919,87.7,366,452,644,804,772,1341,1459,1240,1404,1425,1836,1911,1875,2020,2020,2020,2018,2220,2121,2639,2638,2992,2964,2987,3417,3435,3614,3749,3809,3791
1119,0.84294,0.83228,0.0547,0.05925,87.79,366,452,644,805,773,1342,1459,1240,1404,1425,1836,1912,1875,2020,2020,2020,2018,2220,2121,2638,2638,2992,2964,2987,3417,3435,3614,3750,3809,3791
1120,0.84297,0.83257,0.0547,0.0592,87.88,366,452,645,805,774,1343,1460,1241,1404,1425,1837,1912,1875,2020,2020,2020,2018,2219,2121,2638,2638,2992,2964,2987,3417,3435,3614,3749,3809,3791
1121,0.84301,0.83245,0.05469,0.05922,87.96,367,453,645,806,774,1343,1460,1241,1404,1425,1837,1912,1875,2020,2020,2020,2018,2219,2121,2638,2638,2992,2964,2987,3417,3435,3614,3749,3809,3791
1122,0.84304,0.83259,0.05468,0.05919,88.03,367,453,646,807,775,1344,1460,1241,1405,1425,1838,1912,1875,2020,2020,2020,2018,2219,2121,2638,2638,2992,2964,2987,3417,3435,3614,3749,3809,3790
1123,0.84307,0.8326,0.05468,0.05919,88.12,367,453,646,807,775,1344,1460,1242,1405,1425,1838,1913,1875,2020,2020,2020,2018,2219,2121,2638,2638,2991,2964,2987,3417,3435,3614,3749,3809,3790
1124,0.84309,0.83256,0.05467,0.0592,88.22,368,453,647,808,776,1345,1460,1242,1405,1425,1839,1913,1875,2020,2020,2020,2018,2218,2121,2639,2638,2992,2964,2987,3417,3435,3614,3749,3809,3790
1125,0.84312,0.83271,0.05467,0.05917,88.3,368,453,647,808,777,1346,1461,1242,1405,1425,1839,1913,1875,2020,2020,2020,2018,2218,2121,2639,2638,2991,2964,2987,3417,3435,3614,3749,3809,3790
1126,0.84315,0.8326,0.05466,0.05919,88.38,368,453,648,809,777,1346,1461,1243,1405,1425,1840,1913,1875,2020,2020,2020,2018,2218,2121,2639,2638,2991,2964,2987,3417,3435,3614,3749,3809,3790
1127,0.84317,0.83284,0.05466,0.05915,88.46,368,453,649,810,778,1347,1461,1243,1405,1425,1841,1914,1875,2020,2020,2020,2018,2218,2121,2639,2638,2991,2964,2987,3417,3435,3614,3749,3809,3790
1128,0.8432,0.83266,0.05466,0.05918,88.55,369,453,649,810,778,1348,1461,1244,1405,1425,1841,1914,1875,2020,2020,2020,2018,2217,2121,2639,2638,2991,2964,2987,3417,3435,3614,3749,3809,3790
1129,0.84323,0.83291,0.05465,0.05913,88.64,369,453,650,811,779,1348,1462,1244,1405,1425,1842,1914,1875,2020,2020,2020,2018,2217,2121,2638,2638,2991,2964,2987,3417,3435,3614,3749,3809,3790
1130,0.84326,0.83271,0.05465,0.05917,88.74,369,453,650,812,780,1349,1462,1244,1405,1425,1842,1914,1875,2020,2020,2020,2018,2217,2121,2638,2638,2991,2964,2987,3417,3435,3614,3749,3809,3790
1131,0.84328,0.833,0.05464,0.05912,88.83,369,453,651,812,780,1350,1462,1245,1405,1425,1843,1915,1875,2020,2020,2020,2018,2217,2121,2638,2638,2991,2964,2986,3417,3435,3614,3749,3809,3790
1132,0.84331,0.83281,0.05464,0.05915,88.91,370,453,651,813,781,1350,1463,1245,1405,1425,1843,1915,1875,2020,2020,2020,2018,2217,2121,2638,2638,2991,2964,2987,3417,3435,3614,3749,3809,3790
1133,0.84334,0.83308,0.05463,0.0591,89.0,370,453,652,813,781,1351,1463,1245,1405,1425,1844,1915,1875,2020,2020,2020,2018,2216,2121,2638,2638,2991,2964,2986,3417,3435,3614,3749,3809,3790
1134,0.84337,0.83287,0.05463,0.05914,89.08,370,453,652,814,782,1351,1463,1246,1405,1425,1844,1916,1875,2020,2020,2020,2018,2216,2121,2639,2638,2991,2964,2987,3417,3435,3614,3749,3809,3790
1135,0.8434,0.83311,0.05462,0.0591,89.15,370,453,653,815,783,1352,1464,1246,1405,1425,1845,1916,1875,2020,2020,2020,2018,2216,2121,2639,2638,2991,2964,2986,3417,3435,3614,3749,3809,3789
1136,0.84343,0.83296,0.05462,0.05913,89.24,371,453,653,815,783,1353,1464,1246,1405,1425,1845,1916,1875,2020,2020,2020,2018,2215,2121,2639,2638,2991,2964,2987,3417,3435,3614,3749,3809,3789
1137,0.84346,0.83317,0.05461,0.05909,89.32,371,453,654,816,784,1353,1464,1246,1405,1425,1846,1917,1875,2020,2020,2020,2018,2215,2121,2638,2638,2991,2964,2986,3417,3435,3614,3749,3809,3789
1138,0.84349,0.83308,0.05461,0.0591,89.39,371,453,654,817,784,1354,1464,1247,1405,1425,1846,1917,1875,2020,2020,2020,2018,2215,2121,2638,2638,2991,2964,2986,3417,3435,3614,3749,3809,3789
1139,0.84352,0.83324,0.0546,0.05908,89.48,371,453,655,817,785,1355,1465,1247,1405,1425,1847,1917,1875,2020,2020,2020,2018,2215,2121,2638,2638,2991,2964,2986,3417,3435,3614,3749,3809,3789
1140,0.84354,0.83316,0.0546,0.05909,89.56,372,454,655,818,786,1355,1465,1247,1405,1425,1847,1918,1875,2020,2020,2020,2018,2215,2121,2638,2638,2991,2964,2986,3417,3435,3614,3749,3809,3789
1141,0.84357,0.83329,0.05459,0.05907,89.65,372,454,656,818,786,1356,1465,1247,1405,1425,1848,1918,1875,2020,2020,2020,2018,2214,2121,2638,2638,2991,2964,2986,3417,3435,3614,3749,3809,3789
1142,0.8436,0.83325,0.05459,0.05908,89.73,372,454,656,819,787,1357,1465,1248,1405,1425,1848,1918,1875,2020,2020,2020,2018,2214,2121,2638,2638,2991,2964,2986,3417,3435,3614,3749,3809,3789
1143,0.84363,0.83335,0.05458,0.05906,89.82,373,454,657,820,787,1357,1465,1248,1405,1425,1849,1919,1875,2020,2020,2020,2018,2214,2121,2639,2638,2991,2964,2986,3417,3435,3614,3749,3809,3789
1144,0.84366,0.83333,0.05458,0.05906,89.9,373,454,658,820,788,1358,1466,1248,1406,1425,1849,1919,1875,2020,2020,2020,2018,2214,2121,2639,2638,2991,2964,2986,3417,3435,3614,3749,3809,3789
1145,0.84369,0.83341,0.05457,0.05905,89.98,373,454,658,821,789,1358,1466,1249,1406,1425,1850,1920,1875,2020,2020,2020,2018,2214,2121,2639,2638,2991,2964,2986,3417,3435,3614,3749,3809,3789
1146,0.84371,0.83337,0.05457,0.05905,90.06,373,454,659,822,789,1359,1466,1249,1406,1425,1850,1920,1875,2020,2020,2020,2018,2213,2121,2639,2638,2991,2964,2986,3417,3435,3614,3749,3809,3789
1147,0.84374,0.83349,0.05456,0.05903,90.15,374,454,659,822,790,1360,1466,1249,1406,1425,1851,1921,1875,2020,2020,2020,2018,2213,2121,2638,2638,2991,2964,2986,3417,3435,3614,3749,3809,3788
1148,0.84377,0.83343,0.05456,0.05904,90.23,374,454,660,823,790,1360,1467,1250,1406,1425,1851,1921,1875,2020,2020,2020,2018,2213,2121,2638,2638,2991,2964,2986,3417,3435,3614,3749,3809,3788
1149,0.8438,0.83361,0.05455,0.05901,90.31,374,454,660,823,791,1361,1467,1250,1406,1425,1852,1922,1875,2020,2020,2020,2018,2213,2121,2638,2638,2991,2964,2986,3417,3435,3614,3749,3809,3788
1150,0.84382,0.83348,0.05455,0.05903,90.39,374,454,661,824,792,1362,1467,1250,1406,1425,1852,1922,1875,2020,2020,2020,2018,2212,2121,2638,2638,2991,2964,2986,3417,3435,3614,3749,3809,3788
1151,0.84385,0.83375,0.05454,0.05899,90.46,375,454,661,825,792,1362,1468,1251,1406,1425,1853,1923,1875,2020,2020,2020,2018,2212,2121,2638,2638,2991,2964,2986,3417,3434,3614,3749,3809,3788
1152,0.84387,0.83347,0.05454,0.05903,90.54,375,454,662,825,793,1363,1468,1251,1406,1425,1853,1924,1875,2020,2020,2020,2018,2212,2121,2639,2638,2991,2964,2986,3417,3434,3614,3749,3809,3788
1153,0.84388,0.8339,0.05454,0.05896,90.63,375,454,663,826,793,1363,1468,1251,1406,1425,1854,1924,1875,2020,2020,2020,2018,2212,2121,2638,2638,2991,2964,2986,3417,3434,3614,3749,3809,3788
1154,0.84389,0.83341,0.05453,0.05905,90.71,375,454,663,827,794,1364,1469,1252,1406,1425,1854,1925,1875,2020,2020,2020,2018,2212,2121,2639,2638,2991,2964,2986,3417,3434,3614,3749,3809,3788
1155,0.84389,0.83407,0.05453,0.05893,90.77,376,454,664,827,795,1365,1469,1252,1406,1425,1855,1926,1875,2020,2020,2020,2018,2211,2121,2638,2638,2991,2964,2986,3417,3434,3614,3749,3809,3788
1156,0.84388,0.83326,0.05454,0.05907,90.86,376,454,664,828,795,1365,1469,1252,1406,1425,1855,1927,1875,2020,2020,2020,2018,2211,2121,2639,2638,2991,2964,2986,3417,3434,3614,3749,3809,3788
1157,0.84384,0.83424,0.05454,0.0589,90.93,376,454,665,828,796,1366,1470,1253,1406,1425,1856,1927,1875,2020,2020,2020,2018,2211,2121,2638,2638,2991,2964,2986,3417,3434,3614,3749,3809,3787
1158,0.84378,0.83289,0.05455,0.05914,91.0,376,454,665,829,796,1367,1470,1253,1406,1425,1856,1928,1875,2020,2020,2020,2018,2211,2121,2639,2638,2991,2964,2986,3417,3434,3614,3749,3809,3787
1159,0.84367,0.83435,0.05457,0.05888,91.07,377,454,666,830,797,1367,1470,1254,1406,1425,1857,1929,1875,2020,2020,2020,2018,2210,2121,2638,2638,2991,2964,2986,3417,3434,3614,3749,3809,3787
1160,0.84357,0.83242,0.05459,0.05922,91.14,377,454,667,830,798,1368,1470,1254,1407,1425,1857,1930,1875,2020,2020,2020,2018,2210,2121,2639,2639,2991,2964,2986,3417,3434,3614,3749,3809,3787
1161,0.84345,0.83442,0.05461,0.05887,91.21,377,454,667,831,798,1368,1471,1254,1407,1425,1858,1931,1875,2020,2020,2020,2018,2210,2121,2639,2638,2991,2964,2986,3417,3434,3614,3749,3809,3787
1162,0.84342,0.83216,0.05462,0.05927,91.28,377,454,668,832,799,1369,1471,1255,1407,1425,1858,1932,1875,2020,2020,2020,2018,2210,2122,2639,2639,2991,2964,2986,3417,3435,3614,3749,3809,3787
1163,0.84351,0.83448,0.0546,0.05886,91.35,378,454,668,832,799,1370,1472,1255,1407,1425,1859,1933,1875,2020,2020,2020,2018,2210,2122,2639,2638,2991,2964,2986,3417,3434,3614,3749,3809,3787
1164,0.84376,0.83272,0.05456,0.05917,91.43,378,455,669,833,800,1370,1472,1255,1407,1425,1859,1935,1875,2020,2020,2020,2018,2209,2122,2639,2639,2991,2964,2986,3417,3435,3614,3749,3809,3787
1165,0.84404,0.83452,0.05451,0.05885,91.52,378,455,669,834,800,1371,1472,1256,1407,1425,1859,1936,1875,2020,2020,2020,2018,2209,2122,2639,2638,2991,2964,2986,3417,3435,3614,3749,3809,3787
1166,0.84425,0.83392,0.05447,0.05896,91.6,378,455,670,834,801,1372,1473,1256,1407,1425,1860,1937,1875,2020,2020,2020,2018,2209,2122,2639,2638,2991,2964,2986,3417,3435,3614,3749,3809,3786
1167,0.8443,0.83412,0.05446,0.05892,91.69,379,455,671,835,802,1372,1473,1256,1407,1425,1860,1939,1875,2020,2020,2020,2018,2209,2122,2638,2638,2991,2964,2986,3417,3435,3614,3749,3809,3786
1168,0.84422,0.83464,0.05448,0.05883,91.76,379,455,671,835,802,1373,1473,1257,1407,1425,1861,1940,1875,2020,2020,2020,2018,2208,2121,2638,2638,2991,2964,2986,3417,3435,3614,3749,3809,3786
1169,0.84412,0.83344,0.05449,0.05904,91.83,379,455,672,836,803,1373,1474,1257,1407,1425,1861,1942,1875,2020,2020,2020,2018,2208,2121,2638,2638,2991,2964,2986,3417,3435,3614,3749,3809,3786
1170,0.84407,0.83479,0.0545,0.0588,91.92,379,455,672,837,803,1374,1474,1257,1407,1425,1862,1943,1875,2020,2020,2020,2018,2208,2121,2638,2638,2991,2964,2986,3417,3435,3614,3749,3809,3786
1171,0.84414,0.8334,0.05449,0.05905,91.99,379,455,673,837,804,1375,1474,1258,1407,1425,1862,1945,1875,2020,2020,2020,2018,2208,2121,2639,2638,2991,2964,2986,3417,3435,3614,3749,3809,3786
1172,0.84427,0.83483,0.05447,0.05879,92.07,380,455,674,838,805,1375,1475,1258,1407,1425,1863,1947,1876,2020,2020,2020,2018,2207,2121,2639,2638,2991,2964,2986,3417,3435,3614,3749,3809,3786
1173,0.84443,0.83407,0.05444,0.05893,92.15,380,455,674,839,805,1376,1475,1259,1407,1425,1863,1949,1875,2020,2020,2020,2018,2207,2121,2639,2638,2991,2964,2986,3417,3435,3614,3749,3809,3786
1174,0.84452,0.83456,0.05443,0.05884,92.22,380,455,675,839,806,1377,1475,1259,1407,1425,1864,1951,1876,2020,2020,2020,2018,2207,2121,2639,2638,2991,2964,2986,3417,3434,3614,3749,3809,3786
1175,0.84453,0.83467,0.05442,0.05882,92.31,380,455,675,840,806,1377,1476,1259,1407,1425,1864,1953,1876,2020,2020,2020,2018,2206,2121,2639,2638,2991,2964,2986,3417,3434,3614,3749,3809,3785
1176,0.84451,0.8341,0.05443,0.05892,92.37,381,455,676,841,807,1378,1476,1259,1407,1425,1865,1955,1876,2020,2020,2020,2018,2206,2121,2638,2638,2991,2964,2986,3417,3434,3614,3749,3809,3785
1177,0.84448,0.83497,0.05443,0.05877,92.44,381,455,676,841,807,1378,1477,1260,1407,1425,1865,1957,1876,2020,2020,2020,2018,2206,2121,2638,2638,2991,2964,2986,3417,3434,3614,3749,3809,3785
1178,0.84451,0.83402,0.05443,0.05894,92.51,381,455,677,842,808,1379,1477,1260,1407,1425,1865,1959,1876,2020,2020,2020,2018,2206,2121,2638,2638,2991,2964,2986,3417,3434,3614,3749,3809,3785
1179,0.84458,0.83507,0.05442,0.05875,92.58,381,455,678,843,809,1380,1477,1261,1407,1425,1866,1961,1876,2020,2020,2020,2018,2205,2121,2638,2638,2991,2964,2986,3417,3434,3614,3749,3809,3785
1180,0.84467,0.83441,0.0544,0.05887,92.66,382,455,678,843,809,1380,1478,1261,1407,1425,1866,1964,1876,2020,2020,2020,2018,2205,2121,2639,2638,2991,2964,2986,3417,3434,3614,3749,3809,3785
1181,0.84475,0.83494,0.05438,0.05877,92.73,382,455,679,844,810,1381,1478,1261,1408,1425,1867,1967,1876,2020,2020,2020,2018,2205,2121,2639,2638,2991,2964,2986,3417,3434,3614,3749,3809,3785
1182,0.84481,0.83489,0.05438,0.05878,92.8,382,455,680,844,810,1382,1478,1262,1408,1425,1867,1969,1876,2020,2020,2020,2018,2205,2121,2639,2638,2991,2964,2986,3417,3434,3614,3749,3809,3785
1183,0.84483,0.83469,0.05437,0.05882,92.87,382,455,680,845,811,1382,1479,1262,1408,1425,1867,1972,1876,2020,2020,2020,2018,2205,2121,2639,2638,2991,2964,2986,3417,3434,3614,3749,3809,3784
1184,0.84484,0.83524,0.05437,0.05872,92.95,383,455,681,846,812,1383,1479,1262,1408,1425,1868,1975,1876,2020,2020,2020,2018,2204,2121,2639,2638,2991,2964,2986,3417,3434,3614,3749,3809,3784
1185,0.84488,0.83468,0.05436,0.05882,93.03,383,455,681,846,812,1383,1479,1263,1408,1425,1868,1978,1876,2020,2020,2020,2018,2204,2121,2638,2638,2991,2964,2986,3417,3434,3614,3749,3809,3784
1186,0.84493,0.83538,0.05435,0.0587,93.1,383,455,682,847,813,1384,1480,1263,1408,1425,1869,1982,1876,2020,2020,2020,2018,2204,2121,2638,2638,2991,2964,2986,3417,3434,3614,3749,3809,3784
1187,0.845,0.83492,0.05434,0.05878,93.18,383,455,683,848,813,1385,1480,1263,1408,1425,1869,1985,1876,2020,2020,2020,2018,2204,2121,2638,2638,2991,2964,2986,3417,3434,3614,3749,3809,3784
1188,0.84507,0.83533,0.05433,0.05871,93.28,383,455,683,848,814,1385,1481,1264,1408,1425,1870,1988,1876,2020,2020,2020,2018,2204,2121,2638,2638,2991,2964,2986,3417,3434,3614,3749,3809,3784
1189,0.84512,0.83532,0.05432,0.05871,93.37,384,456,684,849,814,1386,1481,1264,1408,1425,1870,1992,1876,2020,2020,2020,2018,2203,2121,2638,2638,2991,2964,2986,3417,3434,3614,3749,3809,3784
1190,0.84516,0.83524,0.05431,0.05872,93.45,384,456,685,850,815,1386,1481,1264,1408,1425,1870,1995,1876,2020,2020,2020,2018,2203,2121,2639,2638,2991,2964,2986,3417,3434,3614,3749,3809,3783
1191,0.84519,0.83563,0.05431,0.05865,93.53,384,456,685,850,816,1387,1482,1265,1408,1425,1871,1998,1876,2020,2020,2020,2018,2203,2121,2639,2638,2991,2964,2986,3417,3435,3614,3749,3809,3783
1192,0.84523,0.8352,0.0543,0.05873,93.61,384,456,686,851,816,1388,1482,1265,1408,1425,1871,2002,1876,2020,2020,2020,2018,2203,2121,2639,2638,2990,2964,2986,3417,3435,3614,3749,3809,3783
1193,0.84527,0.83573,0.05429,0.05863,93.7,385,456,687,852,817,1388,1482,1265,1409,1425,1872,2005,1876,2020,2020,2020,2018,2202,2121,2638,2638,2990,2964,2986,3417,3435,3614,3749,3809,3783
1194,0.84533,0.83537,0.05428,0.0587,93.78,385,456,687,852,817,1389,1483,1266,1409,1425,1872,2009,1876,2020,2020,2020,2018,2202,2121,2639,2638,2990,2964,2986,3417,3435,3614,3749,3809,3783
1195,0.84538,0.83579,0.05427,0.05862,93.87,385,456,688,853,818,1390,1483,1266,1409,1425,1872,2012,1876,2020,2020,2020,2018,2202,2121,2638,2638,2990,2964,2986,3417,3435,3614,3749,3809,3783
1196,0.84542,0.8357,0.05427,0.05864,93.95,385,456,689,854,819,1390,1484,1266,1409,1425,1873,2015,1876,2020,2020,2020,2018,2202,2121,2638,2638,2990,2964,2986,3417,3435,3614,3749,3809,3783
1197,0.84545,0.83573,0.05426,0.05863,94.03,386,456,689,854,819,1391,1484,1267,1409,1425,1873,2018,1876,2020,2020,2020,2018,2201,2121,2638,2638,2990,2964,2987,3417,3435,3614,3749,3809,3782
1198,0.84547,0.83591,0.05426,0.0586,94.14,386,456,690,855,820,1391,1484,1267,1409,1425,1874,2021,1876,2020,2020,2020,2018,2201,2121,2638,2638,2990,2964,2987,3417,3434,3614,3749,3809,3782
1199,0.84549,0.83566,0.05426,0.05865,94.22,386,456,691,856,820,1392,1485,1267,1409,1425,1874,2024,1876,2020,2020,2020,2018,2201,2121,2638,2638,2990,2964,2987,3417,3434,3614,3749,3809,3782
1200,0.84551,0.83601,0.05425,0.05858,94.31,386,456,691,856,821,1393,1485,1268,1409,1425,1874,2026,1876,2020,2020,2020,2018,2201,2121,2638,2638,2990,2964,2987,3417,3434,3614,3749,3809,3782
1201,0.84552,0.8357,0.05425,0.05864,94.39,386,456,692,857,822,1393,1486,1268,1409,1425,1875,2028,1876,2020,2020,2020,2018,2201,2121,2639,2638,2990,2964,2987,3417,3434,3614,3749,3809,3782
1202,0.84555,0.83605,0.05425,0.05858,94.47,387,456,693,858,822,1394,1486,1268,1410,1425,1875,2029,1876,2020,2020,2020,2018,2200,2121,2638,2638,2990,2964,2987,3417,3434,3614,3749,3809,3782
1203,0.84557,0.83585,0.05424,0.05861,94.56,387,456,693,859,823,1395,1486,1269,1410,1425,1875,2030,1876,2020,2020,2020,2018,2200,2121,2639,2638,2990,2964,2987,3417,3434,3614,3749,3809,3781
1204,0.8456,0.83603,0.05423,0.05858,94.63,387,456,694,859,823,1395,1487,1269,1410,1425,1876,2030,1877,2020,2020,2020,2018,2200,2121,2638,2638,2990,2964,2987,3417,3434,3614,3749,3809,3781
1205,0.84563,0.83602,0.05423,0.05858,94.71,387,456,695,860,824,1396,1487,1269,1410,1425,1876,2030,1877,2020,2020,2020,2018,2200,2121,2638,2638,2990,2964,2987,3417,3434,3614,3749,3809,3781
1206,0.84566,0.836,0.05423,0.05859,94.81,387,456,695,861,824,1396,1487,1269,1410,1425,1876,2029,1877,2020,2020,2020,2018,2200,2121,2638,2638,2990,2964,2987,3417,3434,3614,3749,3809,3781
1207,0.84569,0.83617,0.05422,0.05855,94.88,388,456,696,861,825,1397,1488,1270,1410,1425,1877,2028,1878,2020,2020,2020,2018,2199,2121,2638,2638,2990,2964,2987,3417,3434,3614,3749,3809,3781
1208,0.84572,0.83602,0.05421,0.05858,94.97,388,456,697,862,826,1398,1488,1270,1410,1425,1877,2027,1878,2020,2020,2020,2018,2199,2121,2638,2638,2990,2964,2987,3417,3434,3614,3749,3809,3781
1209,0.84575,0.83629,0.05421,0.05853,95.04,388,456,697,863,826,1398,1489,1271,1410,1425,1878,2026,1878,2020,2020,2020,2018,2199,2121,2638,2638,2990,2964,2987,3417,3434,3614,3749,3809,3780
1210,0.84578,0.8361,0.0542,0.05857,95.14,388,456,698,863,827,1399,1489,1271,1410,1425,1878,2025,1878,2020,2020,2020,2018,2199,2121,2638,2638,2990,2964,2987,3417,3434,3614,3749,3809,3780
1211,0.84581,0.83636,0.0542,0.05852,95.22,389,456,699,864,827,1400,1489,1271,1410,1425,1878,2024,1879,2020,2020,2020,2018,2199,2121,2638,2638,2990,2964,2987,3417,3434,3614,3749,3809,3780
1212,0.84584,0.8363,0.05419,0.05853,95.31,389,456,700,865,828,1400,1490,1272,1410,1425,1879,2022,1879,2020,2020,2020,2018,2198,2121,2638,2638,2990,2964,2987,3417,3434,3614,3749,3809,3780
1213,0.84587,0.83635,0.05419,0.05852,95.39,389,456,700,866,829,1400,1490,1272,1410,1425,1879,2021,1879,2020,2020,2020,2018,2198,2121,2638,2638,2990,2964,2987,3417,3434,3614,3749,3809,3780
1214,0.84589,0.83639,0.05418,0.05852,95.47,389,456,701,866,829,1400,1490,1272,1410,1425,1879,2020,1879,2020,2020,2020,2018,2198,2121,2638,2638,2990,2964,2987,3417,3434,3614,3749,3809,3779
1215,0.84592,0.83637,0.05418,0.05852,95.55,389,456,702,867,830,1400,1491,1272,1411,1425,1880,2019,1880,2020,2020,2020,2018,2198,2121,2638,2638,2990,2964,2987,3417,3434,3614,3749,3809,3779
1216,0.84594,0.83658,0.05418,0.05848,95.63,390,456,702,868,830,1400,1491,1273,1411,1425,1880,2018,1880,2020,2020,2020,2018,2197,2121,2638,2638,2990,2964,2987,3417,3434,3614,3749,3809,3779
1217,0.84597,0.83647,0.05417,0.0585,95.72,390,456,703,868,831,1400,1491,1273,1411,1425,1880,2018,1880,2020,2020,2020,2018,2197,2121,2638,2638,2990,2964,2987,3417,3435,3614,3749,3809,3779
1218,0.846,0.83665,0.05416,0.05847,95.8,390,456,704,869,832,1399,1492,1273,1411,1425,1881,2017,1881,2020,2020,2020,2018,2197,2121,2638,2638,2990,2964,2987,3417,3435,3614,3749,3809,3779
1219,0.84603,0.83645,0.05416,0.0585,95.9,390,456,705,870,832,1399,1492,1274,1411,1425,1881,2017,1881,2020,2020,2020,2018,2197,2121,2638,2638,2990,2964,2987,3417,3435,3614,3749,3809,3779
1220,0.84605,0.83674,0.05416,0.05845,95.98,390,456,705,871,833,1399,1493,1274,1411,1425,1881,2017,1881,2020,2020,2020,2018,2196,2121,2638,2638,2990,2964,2987,3417,3435,3614,3749,3809,3778
1221,0.84608,0.83652,0.05415,0.05849,96.06,391,456,706,871,833,1398,1493,1274,1411,1425,1882,2017,1881,2020,2020,2020,2018,2196,2121,2638,2638,2990,2964,2987,3417,3435,3614,3749,3809,3778
1222,0.84611,0.83681,0.05415,0.05844,96.15,391,456,707,872,834,1398,1493,1275,1411,1425,1882,2017,1881,2020,2020,2020,2018,2196,2121,2638,2638,2990,2964,2987,3417,3435,3614,3749,3809,3778
1223,0.84614,0.83653,0.05414,0.05849,96.23,391,456,708,873,835,1398,1494,1275,1411,1425,1882,2017,1881,2020,2020,2020,2018,2196,2121,2638,2638,2990,2964,2987,3417,3435,3614,3749,3809,3778
1224,0.84616,0.83687,0.05414,0.05843,96.32,391,456,708,873,835,1398,1494,1275,1411,1425,1883,2018,1882,2020,2020,2020,2018,2195,2121,2638,2638,2990,2964,2986,3417,3435,3614,3749,3809,3777
1225,0.84619,0.83661,0.05413,0.05848,96.4,391,456,709,874,836,1398,1494,1276,1412,1425,1883,2018,1882,2020,2020,2020,2018,2195,2121,2638,2638,2990,2964,2986,3417,3435,3614,3749,3809,3777
1226,0.84621,0.837,0.05413,0.05841,96.48,392,456,710,875,836,1399,1495,1276,1412,1425,1883,2019,1882,2020,2020,2020,2018,2195,2121,2638,2638,2990,2964,2986,3417,3435,3614,3749,3809,3777
1227,0.84624,0.83671,0.05412,0.05846,96.57,392,456,711,876,837,1399,1495,1276,1412,1425,1884,2019,1882,2020,2020,2020,2018,2195,2121,2638,2638,2990,2964,2986,3417,3435,3614,3749,3809,3777
1228,0.84626,0.83708,0.05412,0.05839,96.65,392,456,711,876,838,1399,1495,1277,1412,1425,1884,2020,1882,2020,2020,2020,2018,2194,2121,2638,2638,2990,2964,2986,3417,3434,3614,3749,3809,3777
1229,0.84629,0.83676,0.05411,0.05845,96.73,392,456,712,877,838,1400,1496,1277,1412,1425,1884,2020,1882,2020,2020,2020,2018,2194,2121,2638,2638,2990,2964,2986,3417,3434,3614,3749,3809,3776
1230,0.84631,0.83707,0.05411,0.05839,96.82,393,456,713,878,839,1400,1496,1277,1412,1425,1885,2021,1882,2020,2020,2020,2018,2194,2121,2638,2638,2990,2964,2986,3417,3434,3614,3748,3809,3776
1231,0.84634,0.83681,0.05411,0.05844,96.9,393,456,714,879,840,1400,1496,1278,1412,1425,1885,2021,1882,2020,2020,2020,2018,2194,2121,2638,2638,2990,2964,2986,3417,3434,3614,3748,3809,3776
1232,0.84637,0.83711,0.0541,0.05839,96.99,393,456,714,879,840,1399,1497,1278,1413,1425,1885,2022,1882,2020,2020,2020,2018,2193,2121,2638,2638,2990,2964,2986,3417,3434,3614,3748,3809,3776
1233,0.8464,0.83692,0.05409,0.05842,97.06,393,456,715,880,841,1399,1497,1279,1413,1425,1886,2022,1882,2020,2020,2020,2018,2193,2121,2638,2638,2990,2964,2986,3417,3434,3614,3748,3809,3775
1234,0.84643,0.8372,0.05409,0.05837,97.14,393,456,716,881,841,1399,1497,1279,1413,1425,1886,2022,1883,2020,2020,2020,2018,2193,2121,2638,2638,2990,2964,2986,3417,3434,3614,3748,3809,3775
1235,0.84645,0.837,0.05409,0.05841,97.22,394,456,717,881,842,1399,1498,1279,1413,1425,1886,2022,1883,2020,2020,2020,2018,2193,2121,2638,2638,2990,2964,2986,3417,3434,3614,3748,3809,3775
1236,0.84648,0.83722,0.05408,0.05837,97.3,394,456,717,882,843,1399,1498,1280,1413,1425,1887,2022,1883,2020,2020,2020,2018,2192,2121,2638,2638,2990,2964,2986,3417,3434,3614,3748,3809,3775
1237,0.84651,0.83702,0.05408,0.0584,97.39,394,457,718,883,843,1399,1499,1280,1413,1425,1887,2023,1883,2020,2020,2020,2018,2192,2121,2638,2638,2990,2964,2986,3417,3434,3614,3748,3809,3775
1238,0.84653,0.83728,0.05407,0.05836,97.47,394,457,719,884,844,1399,1499,1281,1413,1425,1887,2022,1884,2020,2020,2020,2018,2192,2121,2638,2638,2989,2964,2986,3417,3434,3614,3748,3809,3774
1239,0.84656,0.83712,0.05407,0.05839,97.57,394,457,720,884,844,1399,1499,1281,1413,1425,1888,2022,1884,2020,2020,2020,2018,2191,2121,2638,2638,2989,2964,2986,3417,3434,3614,3748,3809,3774
1240,0.84658,0.83741,0.05406,0.05833,97.65,394,457,720,885,845,1399,1500,1281,1413,1425,1888,2022,1884,2020,2020,2020,2018,2191,2121,2638,2638,2989,2964,2986,3417,3434,3614,3748,3809,3774
1241,0.84661,0.83715,0.05406,0.05838,97.73,395,457,721,886,846,1399,1500,1282,1413,1425,1888,2022,1884,2020,2020,2020,2018,2191,2121,2638,2638,2989,2964,2986,3417,3434,3614,3748,3809,3774
1242,0.84663,0.83745,0.05405,0.05833,97.8,395,457,722,886,846,1399,1500,1282,1414,1425,1888,2022,1885,2020,2020,2020,2018,2191,2121,2638,2638,2989,2964,2986,3417,3434,3614,3748,3809,3773
1243,0.84665,0.83711,0.05405,0.05839,97.89,395,457,723,887,847,1399,1501,1282,1414,1425,1889,2022,1885,2020,2020,2020,2018,2191,2121,2638,2638,2989,2964,2986,3417,3434,3614,3747,3809,3773
1244,0.84667,0.83756,0.05405,0.05831,97.99,395,457,723,888,847,1399,1501,1282,1414,1425,1889,2022,1885,2020,2020,2020,2018,2190,2121,2638,2638,2989,2964,2986,3417,3434,3614,3747,3809,3773
1245,0.84669,0.83709,0.05404,0.05839,98.07,395,457,724,889,848,1399,1501,1283,1414,1425,1889,2021,1885,2020,2020,2020,2018,2190,2121,2638,2638,2989,2964,2986,3417,3434,3614,3747,3809,3773
1246,0.84669,0.83773,0.05404,0.05828,98.17,396,457,725,889,849,1399,1501,1283,1414,1425,1890,2021,1886,2020,2020,2020,2018,2190,2121,2638,2638,2989,2964,2986,3417,3434,3614,3747,3809,3772
1247,0.84669,0.83697,0.05404,0.05841,98.27,396,457,726,890,849,1399,1502,1284,1414,1425,1890,2021,1886,2020,2020,2020,2018,2190,2121,2638,2638,2989,2964,2986,3417,3434,3614,3747,3809,3772
1248,0.84666,0.83787,0.05405,0.05825,98.36,396,457,726,891,850,1399,1502,1284,1414,1425,1890,2021,1886,2020,2020,2020,2018,2189,2121,2638,2638,2989,2964,2986,3417,3434,3614,3747,3809,3772
1249,0.84664,0.83677,0.05405,0.05845,98.45,396,457,727,892,851,1399,1502,1284,1414,1425,1891,2020,1886,2020,2020,2020,2018,2189,2121,2639,2638,2989,2964,2986,3417,3434,3614,3747,3809,3772
1250,0.84658,0.83802,0.05406,0.05822,98.54,396,457,728,892,851,1399,1503,1284,1414,1425,1891,2020,1886,2020,2020,2020,2018,2189,2121,2638,2638,2989,2964,2986,3417,3434,3614,3747,3809,3771
1251,0.84652,0.83647,0.05407,0.0585,98.63,397,457,729,893,852,1399,1503,1285,1414,1425,1891,2020,1885,2020,2020,2020,2018,2189,2121,2639,2638,2989,2964,2986,3417,3434,3614,3747,3809,3771
1252,0.84645,0.83813,0.05409,0.0582,98.72,397,457,729,894,852,1399,1504,1285,1415,1425,1892,2020,1885,2020,2020,2020,2018,2189,2121,2638,2638,2989,2964,2986,3417,3434,3614,3747,3809,3771
1253,0.84642,0.83623,0.05409,0.05854,98.81,397,457,730,894,853,1399,1504,1286,1415,1425,1892,2020,1885,2020,2020,2020,2018,2188,2122,2639,2638,2989,2964,2986,3417,3434,3614,3747,3809,3771
1254,0.8464,0.83821,0.0541,0.05819,98.89,397,457,731,895,854,1399,1504,1286,1415,1425,1892,2020,1885,2020,2020,2020,2018,2188,2122,2639,2638,2989,2964,2986,3417,3434,3614,3747,3809,3770
1255,0.84646,0.8363,0.05408,0.05853,98.97,397,458,732,896,854,1399,1504,1286,1415,1425,1893,2020,1885,2020,2020,2020,2018,2188,2122,2639,2638,2989,2964,2986,3417,3435,3614,3747,3809,3770
1256,0.84657,0.83826,0.05406,0.05818,99.05,397,458,732,897,855,1399,1504,1287,1415,1425,1893,2020,1885,2020,2020,2019,2018,2188,2121,2639,2638,2989,2964,2986,3417,3434,3614,3747,3809,3770
1257,0.84677,0.83686,0.05403,0.05843,99.14,398,458,733,897,856,1399,1505,1287,1415,1425,1893,2021,1885,2020,2020,2020,2018,2188,2121,2639,2638,2989,2964,2986,3417,3435,3614,3747,3809,3770
1258,0.84694,0.83817,0.054,0.0582,99.23,398,458,734,898,856,1399,1505,1288,1415,1425,1894,2021,1885,2020,2020,2019,2018,2188,2121,2638,2638,2989,2964,2986,3417,3435,3614,3747,3809,3769
1259,0.84707,0.83766,0.05398,0.05829,99.31,398,458,735,899,857,1399,1505,1288,1415,1425,1894,2021,1885,2020,2020,2019,2018,2188,2121,2638,2638,2989,2964,2986,3417,3435,3614,3747,3809,3769
1260,0.84711,0.83778,0.05397,0.05827,99.41,398,458,735,900,857,1399,1505,1288,1416,1425,1894,2021,1885,2020,2020,2019,2018,2187,2121,2638,2638,2989,2964,2986,3417,3435,3614,3747,3809,3769
1261,0.84708,0.83819,0.05398,0.05819,99.49,398,458,736,900,858,1399,1505,1289,1416,1425,1895,2021,1884,2020,2020,2019,2018,2187,2121,2638,2638,2989,2964,2986,3417,3435,3614,3747,3809,3769
1262,0.84703,0.83734,0.05398,0.05834,99.57,399,458,737,901,859,1399,1505,1289,1416,1425,1895,2021,1884,2020,2020,2019,2018,2187,2121,2638,2638,2989,2964,2986,3417,3435,3614,3747,3809,3768
1263,0.84699,0.83841,0.05399,0.05815,99.67,399,458,738,902,859,1399,1505,1289,1416,1425,1895,2021,1884,2020,2020,2019,2018,2187,2121,2638,2638,2989,2964,2986,3417,3434,3614,3747,3809,3768
1264,0.84701,0.83723,0.05399,0.05836,99.75,399,458,738,902,860,1399,1505,1290,1416,1425,1896,2021,1884,2020,2020,2019,2018,2187,2121,2639,2638,2989,2964,2986,3417,3435,3614,3747,3809,3768
1265,0.84707,0.83849,0.05398,0.05814,99.83,399,458,739,903,861,1399,1505,1290,1416,1425,1896,2021,1884,2020,2020,2019,2018,2187,2121,2639,2638,2989,2964,2986,3417,3434,3614,3747,3809,3768
1266,0.84716,0.83756,0.05396,0.05831,99.91,399,458,740,904,861,1399,1505,1290,1416,1425,1896,2021,1884,2020,2020,2019,2018,2187,2121,2639,2638,2989,2964,2986,3417,3434,3614,3747,3809,3767
1267,0.84725,0.83841,0.05394,0.05815,100.01,399,458,741,905,862,1399,1505,1291,1416,1425,1897,2021,1885,2020,2020,2019,2018,2187,2121,2639,2638,2989,2964,2986,3417,3434,3614,3747,3809,3767
1268,0.84733,0.83802,0.05393,0.05822,100.08,400,458,741,905,863,1399,1504,1291,1417,1425,1897,2021,1885,2020,2020,2019,2018,2186,2121,2639,2638,2989,2964,2986,3417,3434,3614,3747,3809,3767
1269,0.84736,0.83815,0.05393,0.0582,100.16,400,458,742,906,863,1399,1504,1292,1417,1425,1898,2020,1885,2020,2020,2019,2018,2186,2121,2638,2638,2989,2964,2986,3417,3434,3614,3747,3809,3767
1270,0.84737,0.83841,0.05392,0.05815,100.24,400,458,743,907,864,1399,1504,1292,1417,1425,1898,2020,1885,2020,2020,2019,2018,2186,2121,2638,2638,2989,2964,2986,3417,3434,3614,3747,3809,3766
1271,0.84737,0.83792,0.05392,0.05824,100.33,400,458,744,908,864,1399,1504,1292,1417,1425,1898,2020,1885,2020,2020,2019,2018,2186,2121,2638,2638,2989,2964,2986,3417,3434,3614,3747,3809,3766
1272,0.84736,0.83862,0.05393,0.05812,100.42,400,458,744,908,865,1399,1504,1293,1417,1425,1899,2020,1885,2020,2020,2019,2018,2186,2121,2638,2638,2989,2964,2986,3417,3434,3614,3747,3809,3766
1273,0.84738,0.83779,0.05392,0.05826,100.5,400,458,745,909,866,1399,1504,1293,1417,1425,1899,2020,1885,2020,2020,2019,2018,2185,2121,2638,2638,2989,2964,2986,3417,3434,3614,3747,3809,3766
1274,0.84741,0.83863,0.05392,0.05811,100.58,401,458,746,910,866,1399,1504,1294,1418,1425,1899,2020,1885,2020,2020,2019,2018,2185,2121,2638,2638,2989,2964,2986,3417,3434,3614,3747,3809,3765
1275,0.84745,0.83792,0.05391,0.05824,100.67,401,459,747,910,867,1399,1504,1294,1418,1425,1900,2020,1885,2020,2020,2019,2018,2185,2121,2639,2638,2989,2964,2986,3417,3434,3614,3747,3809,3765
1276,0.84751,0.83866,0.0539,0.05811,100.74,401,459,747,911,868,1399,1504,1294,1418,1425,1900,2021,1885,2020,2020,2019,2018,2185,2121,2639,2638,2989,2964,2986,3417,3434,3614,3747,3809,3765
1277,0.84756,0.83828,0.05389,0.05818,100.83,401,459,748,912,868,1399,1504,1295,1418,1425,1900,2021,1885,2020,2020,2019,2018,2185,2121,2639,2638,2989,2964,2986,3417,3434,3614,3747,3809,3765
1278,0.8476,0.83858,0.05388,0.05812,100.92,401,459,749,913,869,1399,1504,1295,1418,1425,1901,2021,1885,2020,2020,2019,2018,2185,2121,2639,2638,2989,2964,2986,3417,3434,3614,3747,3809,3764
1279,0.84763,0.83853,0.05388,0.05813,100.99,401,459,749,913,870,1399,1504,1295,1418,1425,1901,2021,1885,2020,2020,2019,2018,2184,2121,2638,2638,2989,2964,2986,3417,3434,3614,3747,3809,3764
1280,0.84765,0.8384,0.05387,0.05816,101.07,402,459,750,914,870,1399,1504,1296,1418,1425,1901,2021,1885,2020,2020,2019,2018,2184,2121,2638,2638,2989,2964,2986,3417,3434,3614,3747,3809,3764
1281,0.84767,0.83869,0.05387,0.0581,101.15,402,459,751,915,871,1399,1504,1296,1418,1425,1902,2021,1885,2020,2020,2018,2018,2184,2121,2638,2638,2989,2964,2986,3417,3435,3614,3747,3809,3764
1282,0.84768,0.83832,0.05387,0.05817,101.23,402,459,752,916,872,1399,1504,1296,1418,1425,1902,2021,1885,2020,2020,2018,2018,2184,2121,2638,2638,2989,2964,2986,3417,3435,3614,3747,3809,3763
1283,0.8477,0.83886,0.05387,0.05807,101.31,402,459,752,916,872,1399,1504,1296,1418,1425,1902,2021,1885,2020,2020,2018,2018,2184,2121,2638,2638,2989,2964,2986,3417,3435,3614,3747,3809,3763
1284,0.84772,0.83835,0.05386,0.05816,101.39,402,459,753,917,873,1399,1504,1297,1419,1425,1903,2021,1885,2020,2020,2018,2018,2184,2121,2638,2638,2989,2964,2986,3417,3435,3614,3747,3809,3763
1285,0.84775,0.83894,0.05386,0.05806,101.47,402,459,754,918,874,1399,1504,1297,1419,1425,1903,2021,1885,2020,2020,2018,2018,2183,2121,2638,2638,2989,2964,2986,3417,3435,3614,3747,3809,3763
1286,0.84778,0.83845,0.05385,0.05815,101.56,403,459,755,918,874,1399,1504,1297,1419,1425,1903,2021,1885,2020,2020,2018,2018,2183,2121,2638,2638,2989,2964,2986,3417,3435,3614,3747,3809,3762
1287,0.84782,0.83896,0.05384,0.05805,101.65,403,459,755,919,875,1399,1504,1298,1419,1425,1904,2020,1885,2020,2020,2018,2018,2183,2121,2638,2638,2989,2964,2986,3417,3435,3614,3747,3809,3762
1288,0.84786,0.83865,0.05384,0.05811,101.73,403,459,756,920,876,1399,1504,1298,1419,1425,1904,2020,1885,2020,2020,2018,2018,2183,2121,2639,2638,2989,2964,2986,3417,3435,3614,3747,3809,3762
1289,0.84789,0.83895,0.05383,0.05806,101.82,403,459,757,921,876,1399,1504,1299,1419,1425,1904,2020,1885,2020,2020,2018,2018,2182,2121,2638,2638,2989,2964,2985,3417,3435,3614,3747,3809,3762
1290,0.84793,0.83885,0.05383,0.05807,101.91,403,459,757,921,877,1399,1504,1299,1419,1425,1905,2020,1885,2020,2020,2018,2018,2182,2121,2638,2638,2989,2964,2985,3417,3435,3614,3747,3809,3761
1291,0.84795,0.83889,0.05382,0.05807,101.99,403,460,758,922,878,1399,1504,1299,1419,1425,1905,2020,1885,2020,2020,2018,2018,2182,2121,2638,2638,2989,2964,2985,3417,3435,3614,3747,3809,3761
1292,0.84798,0.83899,0.05382,0.05805,102.07,404,460,759,923,878,1399,1504,1300,1420,1425,1905,2021,1885,2020,2020,2018,2018,2182,2121,2638,2638,2989,2964,2985,3417,3435,3614,3747,3809,3761
1293,0.848,0.83884,0.05381,0.05807,102.16,404,460,760,924,879,1399,1504,1300,1420,1425,1906,2021,1885,2020,2020,2018,2018,2181,2121,2638,2638,2989,2964,2985,3417,3435,3614,3747,3809,3761
1294,0.84802,0.83914,0.05381,0.05802,102.25,404,460,760,924,879,1399,1504,1300,1420,1425,1906,2021,1885,2020,2020,2018,2018,2181,2121,2638,2638,2989,2964,2985,3417,3435,3614,3747,3809,3760
1295,0.84804,0.83885,0.05381,0.05807,102.33,404,460,761,925,880,1399,1504,1301,1420,1425,1906,2021,1885,2020,2020,2018,2018,2181,2121,2638,2638,2989,2964,2985,3417,3435,3614,3747,3809,3760
1296,0.84806,0.83928,0.0538,0.058,102.41,404,460,762,926,881,1399,1504,1301,1420,1425,1907,2021,1885,2020,2020,2018,2018,2181,2121,2638,2638,2989,2964,2985,3417,3434,3614,3747,3809,3760
1297,0.84808,0.83882,0.0538,0.05808,102.49,404,460,763,926,881,1399,1504,1302,1420,1425,1907,2021,1885,2020,2020,2018,2018,2181,2121,2639,2638,2989,2964,2985,3417,3434,3614,3747,3809,3760
1298,0.8481,0.83934,0.0538,0.05798,102.56,404,460,763,927,882,1399,1504,1302,1420,1425,1907,2021,1885,2020,2020,2018,2018,2181,2121,2638,2638,2989,2964,2985,3417,3434,3614,3747,3809,3759
1299,0.84812,0.83882,0.05379,0.05808,102.64,405,460,764,928,883,1399,1504,1302,1421,1425,1908,2021,1885,2020,2020,2018,2018,2180,2121,2639,2638,2989,2964,2985,3417,3434,3614,3747,3809,3759
1300,0.84814,0.83942,0.05379,0.05797,102.72,405,460,765,929,883,1399,1504,1303,1421,1425,1908,2021,1885,2020,2020,2018,2018,2180,2121,2638,2638,2989,2964,2985,3417,3434,3614,3747,3809,3759
1301,0.84817,0.83888,0.05378,0.05807,102.81,405,460,765,929,884,1399,1504,1303,1421,1425,1908,2021,1885,2020,2020,2018,2018,2180,2121,2638,2638,2989,2964,2985,3417,3434,3614,3747,3809,3759
1302,0.8482,0.83946,0.05378,0.05796,102.89,405,460,766,930,885,1399,1504,1303,1421,1425,1909,2021,1885,2020,2020,2018,2018,2180,2121,2638,2638,2989,2964,2985,3417,3434,3614,3747,3809,3759
1303,0.84823,0.83892,0.05377,0.05806,102.97,405,460,767,931,885,1399,1504,1303,1421,1425,1909,2021,1885,2020,2020,2018,2018,2179,2121,2638,2638,2989,2964,2985,3417,3434,3614,3747,3809,3758
1304,0.84825,0.83949,0.05377,0.05796,103.06,405,460,768,932,886,1399,1504,1304,1421,1425,1909,2020,1885,2020,2020,2018,2018,2179,2121,2638,2638,2989,2964,2985,3417,3434,3614,3747,3809,3758
1305,0.84829,0.839,0.05376,0.05805,103.13,406,460,768,932,887,1399,1504,1304,1421,1425,1910,2020,1885,2020,2020,2018,2018,2179,2121,2638,2638,2989,2964,2985,3417,3434,3614,3747,3809,3758
1306,0.84831,0.83954,0.05376,0.05795,103.22,406,460,769,933,887,1399,1504,1305,1421,1425,1910,2020,1885,2020,2020,2018,2018,2179,2121,2638,2638,2989,2964,2984,3417,3435,3614,3747,3809,3758
1307,0.84835,0.83911,0.05375,0.05803,103.31,406,460,770,934,888,1399,1504,1305,1421,1425,1911,2020,1885,2020,2020,2018,2018,2179,2121,2638,2638,2989,2964,2984,3417,3435,3614,3747,3809,3757
1308,0.84838,0.83955,0.05375,0.05795,103.4,406,460,770,935,889,1399,1504,1305,1421,1425,1911,2020,1885,2020,2020,2018,2018,2179,2121,2638,2638,2989,2964,2984,3417,3435,3614,3747,3809,3757
1309,0.84841,0.8392,0.05374,0.05801,103.49,406,460,771,935,889,1399,1504,1306,1422,1425,1911,2021,1885,2020,2020,2018,2018,2179,2121,2639,2638,2989,2964,2984,3417,3435,3614,3747,3809,3757
1310,0.84844,0.83957,0.05373,0.05794,103.58,406,460,772,936,890,1399,1504,1306,1422,1425,1912,2021,1885,2020,2020,2018,2018,2179,2121,2638,2638,2989,2964,2984,3417,3435,3614,3747,3809,3757
1311,0.84847,0.83934,0.05373,0.05799,103.67,406,460,773,937,891,1399,1504,1306,1422,1425,1912,2021,1885,2020,2020,2018,2018,2179,2121,2638,2638,2989,2964,2984,3417,3435,3614,3747,3809,3757
1312,0.8485,0.83962,0.05372,0.05794,103.75,407,460,773,937,891,1399,1504,1307,1422,1425,1912,2021,1885,2020,2020,2018,2018,2179,2121,2638,2638,2989,2964,2984,3417,3435,3614,3747,3809,3756
1313,0.84853,0.83945,0.05372,0.05797,103.83,407,461,774,938,892,1399,1504,1307,1422,1425,1913,2021,1885,2020,2020,2018,2018,2179,2121,2638,2638,2989,2964,2984,3417,3435,3614,3747,3809,3756
1314,0.84856,0.83964,0.05371,0.05793,103.91,407,461,775,939,893,1399,1504,1307,1422,1425,1913,2021,1885,2020,2020,2018,2018,2179,2121,2638,2638,2989,2964,2984,3417,3435,3614,3747,3809,3756
1315,0.84859,0.83955,0.05371,0.05795,103.99,407,461,776,940,893,1399,1504,1308,1422,1425,1913,2021,1885,2020,2020,2018,2018,2179,2121,2638,2638,2989,2964,2984,3417,3435,3614,3747,3809,3756
1316,0.84862,0.83968,0.0537,0.05792,104.07,407,461,776,940,894,1399,1504,1308,1422,1425,1914,2021,1885,2020,2020,2018,2018,2179,2121,2638,2638,2989,2964,2984,3417,3435,3614,3747,3809,3756
1317,0.84864,0.83965,0.0537,0.05793,104.15,407,461,777,941,895,1399,1504,1308,1423,1425,1914,2021,1885,2020,2020,2018,2018,2179,2121,2638,2638,2989,2964,2984,3417,3435,3614,3747,3809,3755
1318,0.84867,0.83973,0.05369,0.05792,104.23,407,461,778,942,895,1399,1504,1309,1423,1425,1914,2021,1885,2020,2020,2018,2018,2179,2121,2638,2638,2989,2964,2984,3417,3435,3614,3747,3809,3755
1319,0.8487,0.83973,0.05369,0.05792,104.31,408,461,778,943,896,1399,1504,1309,1423,1425,1915,2021,1885,2020,2020,2018,2018,2180,2121,2638,2638,2989,2964,2984,3417,3435,3614,3747,3809,3755
1320,0.84872,0.83975,0.05368,0.05791,104.41,408,461,779,943,897,1399,1504,1309,1423,1425,1915,2021,1885,2020,2020,2018,2018,2180,2121,2638,2638,2989,2964,2984,3417,3435,3614,3747,3809,3755
1321,0.84875,0.83977,0.05368,0.05791,104.48,408,461,780,944,897,1399,1504,1310,1423,1425,1915,2021,1885,2020,2020,2018,2018,2180,2121,2638,2638,2989,2964,2984,3417,3434,3614,3747,3809,3755
1322,0.84878,0.83977,0.05367,0.05791,104.57,408,461,781,945,898,1399,1504,1310,1423,1425,1916,2021,1885,2020,2020,2018,2018,2180,2121,2638,2638,2989,2964,2984,3417,3434,3614,3747,3809,3754
1323,0.8488,0.83988,0.05367,0.05789,104.65,408,461,781,946,899,1399,1504,1310,1423,1425,1916,2020,1885,2020,2020,2018,2018,2180,2121,2638,2638,2989,2964,2984,3417,3434,3614,3747,3809,3754
1324,0.84883,0.83985,0.05367,0.05789,104.73,408,461,782,946,899,1399,1504,1311,1423,1425,1917,2020,1885,2020,2020,2018,2018,2180,2121,2638,2638,2989,2964,2984,3417,3434,3614,3747,3809,3754
1325,0.84886,0.83996,0.05366,0.05787,104.81,408,461,783,947,900,1399,1504,1311,1423,1425,1917,2020,1885,2020,2020,2018,2018,2180,2121,2638,2638,2989,2964,2984,3417,3434,3614,3747,3809,3754
1326,0.84888,0.83984,0.05366,0.05789,104.9,408,461,783,948,901,1399,1504,1312,1424,1425,1917,2020,1885,2020,2020,2018,2018,2180,2121,2638,2638,2989,2964,2984,3417,3434,3614,3747,3809,3754
1327,0.84891,0.84,0.05365,0.05787,104.98,409,461,784,949,901,1399,1504,1312,1424,1425,1918,2021,1885,2020,2020,2018,2018,2180,2121,2638,2638,2989,2964,2984,3417,3434,3614,3747,3809,3754
1328,0.84893,0.83985,0.05365,0.05789,105.06,409,461,785,949,902,1399,1504,1312,1424,1425,1918,2021,1885,2020,2020,2018,2018,2180,2121,2638,2638,2989,2964,2984,3417,3434,3614,3747,3809,3753
1329,0.84896,0.84012,0.05364,0.05784,105.14,409,462,786,950,903,1399,1504,1313,1424,1425,1918,2020,1885,2020,2020,2018,2018,2179,2121,2638,2638,2989,2964,2984,3417,3434,3614,3747,3809,3753
1330,0.84898,0.83988,0.05364,0.05789,105.22,409,462,786,951,903,1399,1504,1313,1424,1425,1919,2021,1885,2020,2020,2018,2018,2179,2121,2638,2638,2989,2964,2984,3417,3434,3614,3747,3809,3753
1331,0.849,0.84021,0.05363,0.05783,105.3,409,462,787,951,904,1399,1504,1314,1424,1425,1919,2020,1885,2020,2020,2018,2018,2179,2121,2638,2638,2989,2964,2984,3417,3434,3614,3747,3809,3753
1332,0.84902,0.83982,0.05363,0.0579,105.38,409,462,788,952,905,1399,1504,1314,1424,1425,1919,2021,1885,2020,2020,2018,2018,2179,2121,2638,2638,2989,2964,2984,3417,3434,3614,3747,3809,3753
1333,0.84903,0.84034,0.05363,0.05781,105.46,409,462,788,953,905,1399,1504,1314,1424,1425,1920,2020,1885,2020,2020,2018,2018,2179,2121,2638,2638,2989,2964,2984,3417,3434,3614,3747,3809,3752
1334,0.84904,0.83972,0.05363,0.05792,105.56,410,462,789,954,906,1399,1504,1315,1424,1425,1920,2021,1885,2020,2020,2018,2018,2179,2121,2638,2638,2989,2964,2984,3417,3434,3614,3747,3809,3752
1335,0.84902,0.84054,0.05363,0.05777,105.66,410,462,790,954,907,1399,1504,1315,1424,1425,1921,2020,1885,2020,2020,2018,2018,2179,2121,2638,2638,2989,2964,2984,3417,3434,3614,3747,3809,3752
1336,0.84897,0.83943,0.05364,0.05797,105.74,410,462,791,955,907,1399,1504,1315,1425,1425,1921,2021,1885,2020,2020,2018,2018,2179,2121,2638,2638,2989,2964,2984,3417,3434,3614,3747,3809,3752
1337,0.84887,0.8407,0.05366,0.05774,105.82,410,462,791,956,908,1399,1504,1316,1425,1425,1921,2020,1885,2020,2020,2018,2018,2179,2121,2638,2638,2989,2964,2984,3417,3434,3614,3747,3809,3752
1338,0.84867,0.83873,0.05369,0.0581,105.91,410,462,792,957,909,1399,1504,1316,1425,1425,1922,2021,1885,2020,2020,2018,2018,2179,2122,2639,2638,2989,2964,2984,3417,3434,3614,3747,3809,3752
1339,0.84834,0.84075,0.05375,0.05773,106.0,410,462,793,957,909,1399,1504,1317,1425,1425,1922,2020,1885,2020,2020,2018,2018,2180,2122,2638,2638,2989,2964,2984,3417,3434,3614,3747,3809,3752
1340,0.84793,0.83745,0.05383,0.05833,106.09,410,462,793,958,910,1399,1504,1317,1425,1425,1923,2021,1885,2020,2020,2018,2018,2180,2122,2639,2638,2989,2964,2984,3417,3434,3614,3747,3809,3751
1341,0.84749,0.84048,0.0539,0.05778,106.17,410,462,794,959,911,1399,1504,1318,1425,1425,1923,2020,1885,2019,2020,2018,2017,2180,2122,2639,2638,2989,2964,2984,3417,3434,3614,3747,3809,3751
1342,0.84749,0.83676,0.0539,0.05845,106.25,411,462,795,960,911,1399,1504,1318,1425,1425,1924,2021,1885,2020,2020,2018,2018,2180,2122,2639,2639,2989,2964,2984,3417,3434,3614,3747,3809,3751
1343,0.84801,0.84063,0.05381,0.05775,106.33,411,462,795,960,912,1399,1505,1318,1425,1425,1924,2021,1885,2019,2019,2018,2017,2180,2121,2639,2638,2989,2964,2984,3417,3434,3614,3747,3809,3751
1344,0.84891,0.83901,0.05365,0.05804,106.43,411,462,796,961,913,1399,1504,1318,1425,1425,1924,2021,1885,2019,2019,2018,2017,2180,2122,2639,2639,2989,2964,2984,3417,3434,3614,3747,3809,3751
1345,0.84937,0.84048,0.05357,0.05778,106.51,411,462,797,962,913,1399,1505,1319,1426,1425,1925,2021,1885,2019,2019,2018,2017,2179,2122,2638,2639,2989,2964,2984,3417,3434,3613,3747,3809,3751
1346,0.84917,0.84087,0.05361,0.05771,106.58,411,462,797,963,914,1399,1505,1319,1426,1425,1925,2020,1885,2019,2019,2018,2017,2179,2122,2638,2638,2989,2964,2984,3417,3434,3613,3747,3809,3751
1347,0.84874,0.83871,0.05368,0.0581,106.66,411,462,798,963,915,1399,1505,1319,1426,1425,1926,2020,1885,2019,2019,2018,2017,2179,2122,2638,2638,2989,2964,2984,3417,3435,3613,3747,3809,3751
1348,0.8486,0.84097,0.05371,0.05769,106.76,411,463,799,964,915,1399,1505,1320,1426,1425,1926,2020,1885,2019,2019,2018,2017,2179,2122,2638,2638,2989,2964,2984,3417,3434,3614,3747,3809,3750
1349,0.84899,0.83912,0.05364,0.05802,106.85,411,463,800,965,916,1399,1505,1320,1426,1425,1927,2020,1885,2019,2019,2019,2018,2179,2122,2638,2638,2989,2964,2984,3417,3435,3614,3747,3809,3750
1350,0.84943,0.8409,0.05356,0.0577,106.94,412,463,800,966,917,1399,1505,1320,1426,1425,1927,2020,1885,2019,2019,2019,2018,2179,2122,2638,2638,2989,2964,2984,3417,3434,3614,3747,3809,3750
1351,0.84951,0.84083,0.05354,0.05772,107.01,412,463,801,966,917,1399,1505,1321,1426,1425,1928,2020,1885,2019,2018,2019,2018,2179,2122,2639,2638,2989,2964,2984,3417,3434,3614,3747,3809,3750
1352,0.84928,0.83962,0.05359,0.05793,107.1,412,463,801,967,918,1399,1504,1321,1426,1425,1928,2020,1885,2019,2018,2019,2018,2179,2122,2639,2638,2989,2964,2984,3417,3434,3614,3747,3809,3750
1353,0.84911,0.84113,0.05362,0.05766,107.18,412,463,802,968,919,1399,1504,1322,1426,1425,1929,2020,1885,2019,2018,2019,2018,2179,2121,2639,2638,2989,2964,2984,3417,3434,3614,3747,3809,3750
1354,0.84927,0.83949,0.05359,0.05796,107.27,412,463,803,969,919,1399,1504,1322,1426,1425,1929,2021,1885,2019,2018,2019,2018,2179,2121,2639,2638,2989,2964,2984,3417,3434,3614,3747,3809,3750
1355,0.84956,0.84095,0.05354,0.05769,107.34,412,463,803,969,920,1399,1504,1322,1426,1425,1930,2020,1885,2018,2018,2019,2018,2179,2121,2639,2638,2989,2964,2984,3417,3434,3614,3747,3809,3750
1356,0.84967,0.84075,0.05352,0.05773,107.42,412,463,804,970,920,1399,1504,1323,1426,1425,1930,2020,1885,2018,2018,2019,2018,2179,2121,2638,2638,2989,2964,2984,3417,3434,3614,3747,3809,3749
1357,0.84955,0.84001,0.05354,0.05786,107.5,412,463,805,971,921,1399,1504,1323,1426,1425,1931,2021,1885,2018,2018,2019,2018,2179,2121,2638,2638,2989,2964,2984,3417,3434,3614,3747,3809,3749
1358,0.84943,0.84117,0.05356,0.05765,107.6,413,463,805,972,922,1399,1504,1323,1426,1425,1931,2020,1885,2018,2018,2018,2018,2179,2121,2638,2638,2989,2964,2984,3417,3434,3614,3747,3809,3749
1359,0.84951,0.83983,0.05355,0.0579,107.68,413,463,806,972,922,1399,1504,1324,1426,1425,1932,2020,1885,2018,2018,2018,2018,2179,2121,2638,2638,2989,2964,2984,3417,3434,3614,3747,3809,3749
1360,0.84969,0.84109,0.05351,0.05767,107.78,413,463,807,973,923,1399,1504,1324,1426,1425,1932,2020,1885,2018,2018,2018,2018,2179,2121,2638,2638,2989,2964,2984,3417,3434,3614,3747,3809,3749
1361,0.8498,0.84078,0.05349,0.05773,107.87,413,463,807,974,924,1399,1504,1325,1426,1425,1933,2020,1885,2018,2018,2018,2018,2179,2121,2638,2638,2989,2964,2984,3417,3434,3614,3747,3809,3749
1362,0.84977,0.84043,0.0535,0.05779,107.95,413,463,808,975,924,1399,1504,1325,1426,1425,1933,2020,1885,2018,2018,2018,2018,2179,2122,2638,2638,2989,2964,2984,3417,3434,3614,3747,3809,3749
1363,0.84969,0.84123,0.05351,0.05764,108.03,413,463,809,975,925,1399,1504,1325,1426,1425,1934,2020,1885,2018,2018,2018,2018,2179,2122,2638,2638,2988,2964,2984,3417,3434,3614,3747,3809,3749
1364,0.84972,0.84013,0.05351,0.05784,108.12,413,463,809,976,926,1399,1504,1326,1426,1425,1935,2020,1885,2018,2018,2018,2018,2179,2122,2639,2638,2989,2964,2984,3417,3434,3614,3747,3809,3749
1365,0.84983,0.84116,0.05349,0.05766,108.22,413,463,810,977,926,1399,1504,1326,1426,1425,1935,2020,1885,2018,2018,2018,2018,2179,2122,2639,2638,2988,2964,2984,3417,3434,3614,3747,3809,3749
1366,0.84993,0.84078,0.05347,0.05773,108.32,414,463,811,978,927,1399,1504,1326,1426,1425,1936,2020,1885,2018,2018,2018,2018,2179,2122,2639,2638,2988,2964,2984,3417,3434,3614,3747,3809,3749
1367,0.84994,0.84069,0.05347,0.05774,108.4,414,463,811,978,928,1399,1504,1327,1426,1425,1936,2020,1885,2018,2018,2018,2018,2179,2121,2638,2638,2988,2964,2984,3417,3434,3614,3747,3809,3749
1368,0.8499,0.84124,0.05347,0.05764,108.49,414,464,812,979,928,1399,1504,1327,1426,1425,1937,2020,1885,2018,2018,2018,2018,2179,2121,2638,2638,2988,2964,2984,3417,3434,3614,3747,3809,3748
1369,0.8499,0.84042,0.05347,0.05779,108.57,414,464,813,980,929,1399,1504,1327,1426,1425,1938,2021,1885,2018,2018,2018,2018,2179,2121,2638,2638,2988,2964,2984,3417,3434,3614,3747,3809,3748
1370,0.84996,0.84129,0.05346,0.05763,108.65,414,464,813,981,930,1399,1504,1328,1426,1425,1938,2020,1885,2018,2018,2018,2018,2179,2121,2638,2638,2988,2964,2984,3417,3434,3614,3747,3809,3748
1371,0.85004,0.84087,0.05345,0.05771,108.74,414,464,814,981,930,1399,1504,1328,1426,1425,1939,2021,1885,2018,2018,2018,2018,2179,2121,2638,2638,2988,2964,2984,3417,3434,3614,3747,3809,3748
1372,0.85008,0.841,0.05344,0.05769,108.81,414,464,815,982,931,1399,1504,1329,1426,1425,1940,2020,1885,2018,2018,2018,2018,2179,2121,2638,2638,2988,2964,2984,3417,3434,3614,3747,3809,3748
1373,0.85007,0.84132,0.05344,0.05763,108.89,414,464,815,983,932,1399,1504,1329,1426,1425,1940,2020,1885,2018,2018,2018,2018,2179,2121,2638,2638,2988,2964,2984,3417,3434,3614,3747,3809,3748
1374,0.85007,0.84072,0.05344,0.05774,108.97,414,464,816,984,932,1399,1504,1330,1426,1425,1941,2020,1885,2018,2018,2018,2018,2179,2121,2639,2638,2988,2964,2984,3417,3434,3614,3747,3809,3748
1375,0.85011,0.84138,0.05344,0.05762,109.04,415,464,817,984,933,1399,1504,1330,1426,1425,1942,2020,1885,2018,2018,2018,2018,2179,2121,2638,2638,2988,2964,2984,3417,3434,3614,3747,3809,3748
1376,0.85016,0.84095,0.05343,0.05769,109.12,415,464,817,985,934,1399,1504,1330,1426,1425,1942,2020,1885,2018,2018,2018,2018,2179,2121,2639,2638,2988,2964,2984,3417,3434,3614,3747,3809,3748
1377,0.85021,0.84121,0.05342,0.05765,109.21,415,464,818,986,934,1399,1504,1331,1426,1425,1943,2020,1885,2018,2018,2018,2018,2179,2121,2638,2638,2988,2964,2984,3417,3434,3614,3747,3809,3748
1378,0.85023,0.84133,0.05342,0.05763,109.28,415,464,819,987,935,1399,1504,1331,1426,1425,1944,2020,1885,2018,2018,2018,2018,2179,2121,2638,2638,2988,2964,2984,3417,3434,3614,3747,3809,3747
1379,0.85023,0.84098,0.05342,0.05769,109.36,415,464,819,987,936,1399,1504,1332,1426,1425,1945,2020,1885,2018,2018,2018,2018,2179,2121,2638,2638,2988,2964,2984,3417,3434,3614,3747,3809,3747
1380,0.85025,0.84148,0.05341,0.0576,109.43,415,464,820,988,936,1399,1504,1332,1426,1425,1946,2020,1885,2018,2018,2018,2018,2179,2121,2638,2638,2988,2964,2984,3417,3434,3614,3747,3809,3747
1381,0.85029,0.84106,0.05341,0.05768,109.5,415,464,821,989,937,1399,1504,1332,1426,1425,1946,2020,1885,2018,2018,2018,2018,2179,2121,2638,2638,2988,2964,2984,3417,3434,3614,3747,3809,3747
1382,0.85033,0.84144,0.0534,0.05761,109.59,415,464,821,990,938,1399,1504,1333,1426,1425,1947,2020,1885,2018,2018,2018,2018,2179,2121,2638,2638,2988,2964,2984,3417,3434,3614,3747,3809,3747
1383,0.85036,0.84137,0.05339,0.05762,109.66,415,464,822,991,938,1399,1504,1333,1426,1425,1948,2020,1885,2018,2018,2018,2018,2179,2121,2638,2638,2988,2964,2984,3417,3434,3614,3747,3809,3747
1384,0.85038,0.84126,0.05339,0.05764,109.75,415,464,823,991,939,1399,1504,1334,1426,1425,1949,2020,1885,2018,2018,2018,2018,2179,2121,2638,2638,2988,2964,2984,3417,3434,3614,3747,3809,3747
1385,0.8504,0.84151,0.05339,0.05759,109.82,416,464,823,992,940,1399,1504,1334,1426,1425,1950,2020,1885,2018,2018,2018,2018,2179,2121,2638,2638,2988,2964,2984,3417,3434,3614,3747,3809,3747
1386,0.85042,0.84118,0.05338,0.05765,109.89,416,465,824,993,940,1399,1504,1335,1426,1425,1951,2020,1885,2018,2018,2018,2018,2179,2121,2638,2638,2988,2964,2984,3417,3434,3614,3747,3809,3747
1387,0.85046,0.84151,0.05338,0.05759,109.97,416,465,825,994,941,1399,1504,1335,1426,1425,1952,2020,1885,2018,2018,2018,2018,2179,2121,2638,2638,2988,2964,2984,3417,3434,3614,3747,3809,3747
1388,0.85049,0.84138,0.05337,0.05762,110.06,416,465,825,994,942,1399,1504,1336,1426,1425,1953,2020,1885,2018,2018,2018,2018,2179,2121,2638,2638,2988,2964,2984,3417,3434,3614,3747,3809,3747
1389,0.85051,0.84147,0.05337,0.0576,110.13,416,465,826,995,942,1399,1504,1336,1426,1425,1954,2020,1885,2018,2018,2018,2018,2179,2121,2638,2638,2988,2964,2984,3417,3434,3614,3747,3809,3747
1390,0.85054,0.8416,0.05336,0.05758,110.21,416,465,826,996,943,1399,1504,1336,1426,1425,1955,2020,1885,2018,2018,2018,2018,2179,2121,2638,2638,2988,2964,2984,3417,3434,3614,3747,3809,3746
1391,0.85056,0.84138,0.05336,0.05762,110.28,416,465,827,997,944,1399,1504,1337,1425,1425,1956,2020,1885,2018,2018,2018,2018,2179,2121,2638,2638,2988,2964,2984,3417,3434,3614,3747,3809,3746
1392,0.85059,0.84165,0.05335,0.05757,110.36,416,465,828,998,944,1399,1504,1337,1425,1425,1957,2020,1885,2018,2018,2018,2018,2179,2121,2638,2638,2988,2964,2984,3417,3434,3614,3747,3809,3746
1393,0.85062,0.84146,0.05335,0.0576,110.44,416,465,828,998,945,1399,1504,1338,1425,1425,1958,2020,1885,2018,2018,2018,2018,2179,2121,2638,2638,2988,2964,2984,3417,3434,3614,3747,3809,3746
1394,0.85065,0.84166,0.05334,0.05757,110.51,417,465,829,999,946,1399,1504,1338,1425,1425,1959,2020,1885,2018,2018,2018,2018,2179,2121,2638,2638,2988,2964,2984,3417,3434,3614,3747,3809,3746
1395,0.85068,0.84165,0.05334,0.05757,110.58,417,465,830,1000,947,1399,1504,1339,1425,1425,1960,2020,1885,2018,2018,2018,2018,2179,2121,2638,2638,2988,2964,2984,3417,3434,3614,3747,3809,3746
1396,0.8507,0.84162,0.05333,0.05757,110.66,417,465,830,1001,947,1399,1504,1339,1425,1425,1961,2020,1885,2018,2018,2018,2018,2179,2121,2638,2638,2988,2964,2984,3417,3434,3614,3747,3809,3746
1397,0.85073,0.84175,0.05333,0.05755,110.73,417,465,831,1001,948,1399,1504,1340,1425,1425,1962,2020,1885,2018,2018,2018,2018,2179,2121,2638,2638,2988,2964,2984,3417,3434,3614,3747,3809,3746
1398,0.85075,0.84161,0.05332,0.05758,110.81,417,465,832,1002,949,1399,1504,1340,1425,1425,1963,2020,1885,2018,2018,2018,2018,2179,2121,2638,2638,2988,2964,2984,3417,3434,3614,3747,3809,3746
1399,0.85078,0.84179,0.05332,0.05754,110.89,417,465,832,1003,949,1399,1504,1340,1425,1425,1965,2020,1885,2018,2018,2018,2018,2179,2121,2638,2638,2988,2964,2984,3417,3434,3614,3747,3809,3746
1400,0.85081,0.84173,0.05331,0.05755,110.96,417,465,833,1004,950,1399,1504,1341,1425,1425,1966,2020,1885,2018,2018,2018,2018,2179,2121,2638,2638,2988,2964,2984,3417,3434,3614,3747,3809,3746
1401,0.85084,0.84184,0.05331,0.05753,111.04,417,466,834,1005,951,1399,1504,1341,1425,1425,1967,2020,1885,2018,2018,2018,2018,2179,2121,2638,2638,2988,2964,2984,3417,3434,3614,3747,3809,3746
1402,0.85087,0.84186,0.0533,0.05753,111.12,417,466,835,1005,951,1399,1504,1342,1425,1425,1969,2020,1885,2018,2018,2018,2018,2179,2121,2638,2638,2988,2964,2984,3417,3434,3614,3747,3809,3746
1403,0.8509,0.84182,0.0533,0.05754,111.2,417,466,835,1006,952,1399,1504,1342,1425,1425,1970,2020,1885,2018,2018,2018,2018,2179,2121,2638,2638,2988,2964,2984,3417,3434,3614,3747,3809,3746
1404,0.85093,0.84196,0.05329,0.05751,111.28,418,466,836,1007,953,1399,1504,1343,1425,1425,1971,2020,1885,2018,2018,2018,2018,2179,2121,2638,2638,2988,2964,2984,3417,3434,3614,3747,3809,3746
1405,0.85095,0.84186,0.05329,0.05753,111.35,418,466,837,1008,953,1399,1504,1343,1425,1425,1973,2020,1885,2018,2018,2018,2018,2179,2121,2638,2638,2988,2964,2984,3417,3434,3614,3747,3809,3746
1406,0.85098,0.84207,0.05328,0.05749,111.43,418,466,837,1008,954,1399,1504,1344,1425,1425,1974,2020,1885,2018,2018,2018,2018,2179,2121,2638,2638,2988,2964,2984,3417,3434,3614,3747,3809,3746
1407,0.85101,0.84193,0.05328,0.05752,111.5,418,466,838,1009,955,1399,1504,1344,1425,1425,1976,2020,1885,2018,2018,2018,2018,2179,2121,2638,2638,2988,2964,2984,3417,3434,3614,3747,3809,3746
1408,0.85104,0.84209,0.05327,0.05749,111.58,418,466,839,1010,955,1399,1504,1344,1425,1425,1977,2020,1885,2018,2018,2018,2018,2179,2121,2638,2638,2988,2964,2984,3417,3434,3614,3747,3809,3745
1409,0.85107,0.842,0.05327,0.0575,111.67,418,466,839,1011,956,1399,1504,1345,1425,1425,1979,2020,1885,2018,2018,2018,2018,2179,2121,2638,2638,2988,2964,2984,3417,3434,3614,3747,3809,3745
1410,0.8511,0.84212,0.05326,0.05748,111.76,418,466,840,1012,957,1399,1504,1345,1425,1425,1980,2020,1885,2018,2018,2018,2018,2179,2121,2638,2638,2988,2964,2984,3417,3434,3614,3747,3809,3745
1411,0.85113,0.84214,0.05325,0.05748,111.83,418,466,841,1012,957,1399,1504,1346,1426,1425,1982,2020,1885,2018,2018,2018,2018,2179,2121,2638,2638,2988,2964,2984,3417,3434,3614,3747,3809,3745
1412,0.85116,0.84216,0.05325,0.05747,111.91,418,466,841,1013,958,1399,1504,1346,1426,1425,1984,2020,1885,2018,2018,2018,2018,2179,2121,2638,2638,2988,2964,2984,3417,3434,3614,3747,3809,3745
1413,0.85119,0.84225,0.05324,0.05746,111.99,418,466,842,1014,959,1399,1504,1347,1426,1425,1986,2020,1885,2018,2018,2018,2018,2179,2121,2638,2638,2988,2964,2984,3417,3434,3614,3747,3809,3745
1414,0.85122,0.8422,0.05324,0.05747,112.08,419,466,843,1015,959,1399,1504,1347,1426,1425,1987,2020,1885,2018,2018,2018,2018,2179,2121,2638,2638,2988,2964,2984,3417,3434,3614,3747,3809,3745
1415,0.85125,0.84235,0.05323,0.05744,112.17,419,466,843,1016,960,1399,1504,1347,1426,1425,1989,2020,1885,2018,2018,2018,2018,2179,2121,2638,2638,2988,2964,2984,3417,3434,3614,3747,3809,3745
1416,0.85128,0.84228,0.05323,0.05745,112.26,419,466,844,1016,961,1399,1504,1348,1426,1425,1991,2020,1885,2018,2018,2018,2018,2179,2121,2638,2638,2988,2964,2984,3417,3434,3614,3747,3809,3745
1417,0.85132,0.84241,0.05322,0.05743,112.34,419,467,845,1017,961,1399,1504,1348,1426,1425,1993,2020,1885,2018,2018,2018,2018,2179,2121,2638,2638,2988,2964,2984,3417,3434,3614,3747,3809,3745
1418,0.85135,0.84237,0.05322,0.05744,112.43,419,467,845,1018,962,1399,1504,1349,1426,1425,1995,2020,1885,2018,2018,2018,2018,2179,2121,2638,2638,2988,2964,2984,3417,3434,3614,3747,3809,3745
1419,0.85138,0.84243,0.05321,0.05743,112.51,419,467,846,1019,963,1399,1504,1349,1426,1425,1997,2020,1885,2018,2018,2018,2018,2179,2121,2638,2638,2988,2964,2984,3417,3434,3614,3747,3809,3745
1420,0.85141,0.84247,0.0532,0.05742,112.59,419,467,847,1020,964,1399,1504,1349,1426,1425,1999,2020,1885,2018,2018,2018,2018,2179,2121,2638,2638,2988,2964,2984,3417,3434,3614,3747,3809,3745
1421,0.85145,0.84246,0.0532,0.05742,112.67,419,467,848,1020,964,1399,1504,1350,1426,1425,2001,2020,1885,2018,2018,2018,2018,2179,2121,2638,2638,2988,2964,2984,3417,3434,3614,3747,3809,3745
1422,0.85148,0.84258,0.05319,0.0574,112.75,419,467,848,1021,965,1399,1504,1350,1426,1425,2003,2020,1885,2018,2018,2018,2018,2179,2121,2638,2638,2988,2964,2984,3417,3434,3614,3747,3809,3744
1423,0.85151,0.8425,0.05319,0.05741,112.83,419,467,849,1022,966,1399,1504,1351,1426,1425,2005,2020,1885,2018,2018,2018,2018,2179,2121,2638,2638,2988,2964,2984,3417,3434,3614,3747,3809,3744
1424,0.85153,0.84269,0.05318,0.05738,112.91,419,467,850,1023,966,1399,1504,1351,1426,1425,2007,2020,1885,2018,2018,2018,2018,2179,2121,2638,2638,2988,2964,2984,3417,3434,3614,3747,3809,3744
1425,0.85157,0.84253,0.05318,0.05741,112.99,419,467,850,1024,967,1399,1504,1351,1426,1425,2008,2020,1885,2018,2018,2018,2018,2179,2121,2638,2638,2988,2964,2984,3417,3434,3614,3747,3809,3744
1426,0.85159,0.84276,0.05317,0.05737,113.06,420,467,851,1024,968,1399,1504,1352,1426,1425,2010,2020,1885,2018,2018,2018,2018,2179,2121,2638,2638,2988,2964,2984,3417,3434,3614,3747,3809,3744
1427,0.85163,0.84258,0.05317,0.0574,113.13,420,467,852,1025,968,1399,1504,1352,1426,1425,2012,2020,1885,2018,2018,2018,2018,2179,2121,2638,2638,2988,2965,2985,3417,3434,3614,3747,3809,3744
1428,0.85165,0.84285,0.05316,0.05735,113.22,420,467,852,1026,969,1399,1504,1353,1426,1425,2014,2020,1885,2018,2018,2018,2018,2179,2121,2638,2638,2988,2965,2985,3417,3434,3614,3747,3809,3744
1429,0.85168,0.84261,0.05316,0.05739,113.29,420,467,853,1027,970,1399,1504,1353,1426,1425,2015,2020,1885,2018,2018,2018,2018,2179,2121,2638,2638,2988,2965,2985,3417,3434,3614,3747,3809,3744
1430,0.85171,0.84291,0.05315,0.05734,113.37,420,467,854,1028,970,1399,1504,1353,1426,1425,2017,2020,1885,2018,2018,2018,2018,2179,2121,2638,2638,2987,2965,2985,3417,3434,3614,3747,3809,3744
1431,0.85174,0.84265,0.05315,0.05738,113.45,420,467,855,1028,971,1399,1504,1354,1426,1425,2019,2020,1885,2018,2018,2018,2018,2179,2121,2638,2638,2988,2965,2985,3417,3434,3614,3747,3809,3744
1432,0.85176,0.84297,0.05314,0.05733,113.52,420,468,855,1029,972,1399,1504,1354,1426,1425,2020,2020,1885,2018,2018,2018,2018,2179,2121,2638,2638,2987,2965,2985,3417,3434,3614,3747,3809,3744
1433,0.85179,0.84274,0.05314,0.05737,113.6,420,468,856,1030,972,1399,1504,1355,1426,1425,2021,2020,1885,2018,2018,2018,2018,2179,2121,2638,2638,2987,2965,2985,3417,3434,3614,3747,3809,3744
1434,0.85182,0.84299,0.05313,0.05732,113.67,420,468,857,1031,973,1399,1504,1355,1426,1425,2023,2020,1885,2018,2018,2018,2018,2179,2121,2638,2638,2987,2965,2985,3417,3434,3614,3747,3809,3744
1435,0.85185,0.84279,0.05313,0.05736,113.75,420,468,857,1032,974,1399,1504,1355,1426,1425,2024,2020,1885,2018,2018,2018,2018,2179,2121,2638,2638,2987,2965,2985,3417,3434,3614,3747,3809,3744
1436,0.85187,0.843,0.05312,0.05732,113.83,420,468,858,1032,975,1399,1504,1356,1426,1425,2025,2020,1885,2018,2018,2018,2018,2179,2121,2638,2638,2987,2965,2985,3417,3434,3614,3747,3809,3744
1437,0.8519,0.84287,0.05312,0.05734,113.91,421,468,859,1033,975,1399,1504,1356,1426,1425,2026,2020,1885,2018,2018,2018,2018,2179,2121,2638,2638,2987,2965,2985,3417,3434,3614,3747,3809,3744
1438,0.85192,0.84305,0.05311,0.05731,114.0,421,468,860,1034,976,1399,1504,1357,1426,1425,2027,2020,1886,2018,2018,2018,2018,2179,2121,2638,2638,2987,2965,2985,3417,3434,3614,3747,3809,3744
1439,0.85195,0.84291,0.05311,0.05734,114.07,421,468,860,1035,977,1399,1504,1357,1426,1426,2027,2020,1886,2018,2018,2018,2018,2179,2121,2638,2638,2987,2965,2985,3417,3434,3614,3747,3809,3744
1440,0.85197,0.84307,0.0531,0.05731,114.15,421,468,861,1036,977,1399,1504,1357,1426,1426,2028,2020,1886,2018,2018,2018,2018,2179,2121,2638,2638,2987,2965,2985,3417,3434,3614,3747,3809,3744
1441,0.852,0.84296,0.0531,0.05733,114.22,421,468,862,1036,978,1399,1504,1358,1426,1426,2028,2020,1886,2018,2018,2018,2018,2179,2121,2638,2638,2987,2965,2985,3417,3434,3614,3747,3809,3744
1442,0.85202,0.84315,0.0531,0.05729,114.3,421,468,862,1037,979,1399,1504,1358,1426,1426,2028,2020,1886,2018,2018,2018,2018,2179,2121,2638,2638,2987,2965,2984,3417,3434,3614,3747,3809,3744
1443,0.85205,0.843,0.05309,0.05732,114.38,421,468,863,1038,979,1399,1504,1358,1426,1426,2029,2020,1886,2018,2018,2018,2018,2179,2121,2638,2638,2987,2965,2984,3417,3434,3614,3747,3809,3744
1444,0.85207,0.8432,0.05309,0.05728,114.47,421,469,864,1039,980,1399,1504,1359,1426,1426,2029,2020,1886,2018,2018,2018,2018,2179,2121,2638,2638,2987,2965,2984,3417,3433,3614,3747,3809,3744
1445,0.85209,0.84297,0.05308,0.05733,114.54,421,469,865,1040,981,1399,1504,1359,1426,1426,2029,2020,1886,2018,2018,2018,2018,2179,2121,2638,2638,2987,2965,2984,3417,3433,3614,3747,3809,3744
1446,0.85211,0.8433,0.05308,0.05727,114.62,421,469,865,1040,981,1399,1504,1360,1426,1426,2029,2020,1886,2018,2018,2018,2018,2179,2121,2638,2638,2987,2965,2984,3417,3433,3614,3747,3809,3744
1447,0.85213,0.84295,0.05308,0.05733,114.69,421,469,866,1041,982,1399,1504,1360,1426,1426,2028,2020,1886,2018,2018,2018,2018,2179,2121,2638,2638,2987,2965,2984,3417,3432,3614,3747,3809,3744
1448,0.85213,0.84345,0.05308,0.05724,114.78,422,469,867,1042,983,1399,1504,1360,1426,1426,2028,2020,1886,2018,2018,2018,2018,2179,2121,2638,2638,2987,2965,2984,3417,3432,3614,3747,3809,3744
1449,0.85213,0.84275,0.05308,0.05737,114.86,422,469,868,1043,984,1399,1504,1361,1426,1426,2028,2020,1886,2018,2018,2018,2018,2179,2121,2638,2638,2987,2965,2984,3417,3432,3614,3747,3809,3744
1450,0.85209,0.84362,0.05308,0.05721,114.94,422,469,868,1044,984,1399,1504,1361,1426,1426,2028,2020,1886,2018,2018,2018,2018,2179,2121,2638,2638,2987,2965,2984,3417,3431,3614,3747,3809,3744
1451,0.85203,0.84238,0.05309,0.05743,115.03,422,469,869,1044,985,1399,1504,1362,1426,1426,2027,2020,1886,2018,2018,2018,2018,2179,2122,2638,2638,2987,2965,2984,3417,3431,3614,3747,3809,3745
1452,0.85191,0.84383,0.05312,0.05717,115.11,422,469,870,1045,986,1399,1504,1362,1426,1426,2027,2020,1886,2018,2018,2018,2018,2179,2121,2638,2638,2987,2965,2984,3417,3430,3614,3747,3809,3744
1453,0.85175,0.84172,0.05314,0.05755,115.19,422,469,871,1046,986,1399,1504,1363,1426,1426,2027,2020,1886,2018,2018,2018,2018,2179,2122,2639,2638,2987,2965,2984,3417,3430,3614,3747,3809,3745
1454,0.85152,0.84386,0.05319,0.05716,115.27,422,469,871,1047,987,1399,1505,1363,1426,1426,2026,2020,1886,2018,2018,2018,2018,2179,2122,2638,2638,2987,2965,2984,3417,3429,3614,3747,3809,3745
1455,0.85137,0.84101,0.05321,0.05768,115.33,422,469,872,1048,988,1399,1504,1364,1426,1426,2026,2020,1886,2018,2019,2018,2018,2179,2122,2639,2638,2987,2965,2984,3417,3429,3614,3747,3809,3745
1456,0.85137,0.84383,0.05321,0.05717,115.41,422,469,873,1048,988,1399,1505,1364,1426,1426,2025,2020,1886,2018,2018,2018,2018,2179,2121,2639,2638,2987,2965,2984,3417,3428,3614,3747,3809,3745
1457,0.85166,0.8415,0.05316,0.0576,115.49,422,469,874,1049,989,1399,1505,1365,1426,1426,2025,2020,1886,2018,2019,2018,2018,2179,2122,2639,2638,2987,2965,2984,3417,3428,3614,3747,3809,3745
1458,0.85206,0.84388,0.05309,0.05716,115.57,423,469,874,1050,990,1399,1505,1365,1426,1426,2025,2020,1886,2018,2019,2018,2018,2179,2122,2639,2638,2987,2965,2984,3417,3427,3614,3747,3809,3745
1459,0.85235,0.84308,0.05304,0.05731,115.66,423,469,875,1051,990,1399,1505,1366,1426,1426,2024,2020,1886,2018,2019,2018,2018,2179,2122,2639,2638,2987,2965,2984,3417,3427,3614,3747,3809,3745
1460,0.85239,0.84321,0.05303,0.05728,115.73,423,469,876,1052,991,1399,1505,1366,1426,1426,2024,2020,1886,2018,2019,2018,2018,2179,2122,2638,2638,2987,2965,2984,3417,3426,3614,3747,3809,3745
1461,0.85223,0.84395,0.05306,0.05715,115.81,423,469,877,1053,992,1399,1505,1366,1426,1426,2023,2020,1886,2018,2019,2018,2018,2179,2122,2638,2638,2987,2965,2984,3417,3425,3614,3747,3809,3745
1462,0.85204,0.84223,0.05309,0.05746,115.89,423,469,877,1053,993,1399,1505,1367,1426,1426,2023,2020,1886,2019,2019,2018,2018,2179,2121,2638,2638,2987,2965,2984,3417,3425,3614,3747,3809,3745
1463,0.85195,0.84412,0.05311,0.05712,115.97,423,469,878,1054,993,1399,1505,1367,1426,1426,2023,2020,1886,2019,2019,2018,2018,2179,2121,2638,2638,2987,2965,2984,3417,3424,3614,3747,3809,3745
1464,0.85208,0.84233,0.05308,0.05744,116.04,423,470,879,1055,994,1399,1505,1368,1426,1426,2023,2020,1886,2019,2020,2018,2018,2179,2122,2638,2638,2987,2965,2984,3417,3424,3614,3747,3809,3745
1465,0.8523,0.84406,0.05305,0.05713,116.11,423,470,880,1056,995,1399,1505,1368,1426,1426,2022,2020,1886,2019,2020,2018,2018,2179,2122,2638,2638,2987,2965,2984,3417,3423,3614,3747,3809,3745
1466,0.85248,0.84327,0.05301,0.05727,116.19,423,470,881,1057,995,1399,1505,1369,1426,1426,2022,2020,1886,2019,2020,2019,2018,2179,2122,2638,2638,2987,2965,2984,3417,3422,3614,3747,3809,3745
1467,0.85253,0.84344,0.053,0.05724,116.25,423,470,881,1057,996,1399,1505,1369,1426,1426,2022,2020,1886,2019,2020,2019,2018,2179,2122,2638,2638,2987,2965,2984,3417,3422,3614,3747,3809,3745
1468,0.85246,0.84394,0.05302,0.05715,116.34,423,470,882,1058,997,1399,1505,1369,1426,1426,2022,2020,1886,2019,2020,2018,2018,2179,2122,2638,2638,2987,2965,2984,3417,3421,3614,3747,3809,3745
1469,0.85237,0.8428,0.05303,0.05736,116.41,423,470,883,1059,997,1399,1505,1370,1426,1426,2022,2020,1886,2019,2020,2018,2018,2179,2122,2639,2638,2987,2965,2984,3417,3421,3614,3747,3809,3745
1470,0.85236,0.84414,0.05304,0.05711,116.49,423,470,884,1060,998,1399,1505,1370,1426,1426,2022,2020,1886,2019,2020,2018,2018,2179,2121,2638,2638,2987,2965,2984,3417,3420,3614,3747,3809,3745
1471,0.85244,0.84295,0.05302,0.05733,116.57,423,470,884,1061,999,1399,1505,1371,1426,1426,2022,2020,1886,2019,2020,2018,2018,2179,2121,2639,2638,2987,2965,2984,3417,3420,3614,3747,3809,3745
1472,0.85256,0.84403,0.053,0.05713,116.66,424,470,885,1061,1000,1399,1505,1371,1426,1426,2022,2020,1886,2019,2020,2018,2018,2179,2121,2638,2638,2987,2965,2984,3417,3419,3614,3747,3809,3745
1473,0.85264,0.84361,0.05298,0.05721,116.75,424,470,886,1062,1000,1399,1505,1371,1426,1426,2022,2020,1886,2019,2020,2018,2018,2179,2121,2638,2638,2987,2965,2984,3417,3419,3614,3747,3809,3745
1474,0.85266,0.8436,0.05298,0.05721,116.83,424,470,887,1063,1001,1399,1505,1372,1426,1426,2022,2020,1886,2019,2020,2018,2018,2179,2121,2638,2638,2987,2965,2984,3417,3419,3614,3747,3809,3745
1475,0.85262,0.84407,0.05299,0.05713,116.91,424,470,887,1064,1002,1399,1505,1372,1426,1426,2022,2020,1886,2019,2020,2018,2018,2179,2121,2638,2638,2987,2965,2984,3417,3418,3614,3747,3809,3745
1476,0.8526,0.84322,0.05299,0.05728,117.0,424,470,888,1065,1002,1399,1505,1373,1426,1426,2022,2020,1886,2019,2020,2018,2018,2179,2121,2638,2638,2987,2965,2984,3417,3418,3614,3747,3809,3745
1477,0.8526,0.84421,0.05299,0.0571,117.08,424,470,889,1066,1003,1399,1505,1373,1426,1426,2022,2020,1887,2018,2020,2018,2018,2179,2121,2638,2638,2987,2965,2984,3417,3417,3614,3747,3809,3745
1478,0.85266,0.84332,0.05298,0.05726,117.15,424,471,890,1066,1004,1399,1505,1373,1426,1426,2023,2020,1887,2018,2020,2018,2018,2179,2121,2638,2638,2987,2965,2984,3417,3417,3614,3747,3809,3745
1479,0.85272,0.84409,0.05297,0.05712,117.22,424,471,891,1067,1004,1399,1505,1374,1426,1426,2023,2020,1887,2018,2020,2018,2018,2179,2121,2638,2638,2987,2965,2984,3417,3417,3614,3747,3809,3745
1480,0.85277,0.84372,0.05296,0.05719,117.29,424,471,891,1068,1005,1399,1505,1374,1426,1426,2023,2020,1887,2018,2020,2018,2018,2179,2121,2638,2638,2987,2965,2984,3417,3416,3614,3747,3809,3745
1481,0.8528,0.84379,0.05296,0.05718,117.38,424,471,892,1069,1006,1399,1505,1375,1426,1426,2023,2020,1887,2018,2020,2018,2018,2179,2121,2638,2638,2987,2965,2984,3417,3416,3614,3747,3809,3745
1482,0.8528,0.84406,0.05296,0.05713,117.46,424,471,893,1070,1007,1399,1505,1375,1426,1426,2023,2020,1887,2018,2020,2018,2018,2179,2121,2638,2638,2987,2965,2984,3417,3416,3614,3747,3809,3744
1483,0.8528,0.84359,0.05296,0.05721,117.54,424,471,894,1070,1007,1399,1505,1375,1426,1426,2023,2020,1888,2018,2020,2018,2018,2179,2121,2638,2638,2987,2965,2984,3417,3416,3614,3747,3809,3745
1484,0.85281,0.84425,0.05295,0.05709,117.62,424,471,894,1071,1008,1399,1505,1376,1426,1426,2023,2020,1888,2018,2020,2018,2018,2179,2121,2638,2638,2987,2965,2984,3417,3416,3614,3747,3809,3744
1485,0.85284,0.84362,0.05295,0.05721,117.71,425,471,895,1072,1009,1399,1505,1376,1426,1426,2023,2020,1888,2018,2020,2018,2018,2179,2121,2638,2638,2987,2965,2984,3417,3416,3614,3747,3809,3744
1486,0.85287,0.84422,0.05294,0.0571,117.79,425,471,896,1073,1009,1399,1506,1377,1426,1426,2023,2020,1889,2018,2020,2018,2018,2179,2121,2638,2638,2987,2965,2984,3417,3416,3614,3747,3809,3744
1487,0.85292,0.84385,0.05293,0.05717,117.86,425,471,897,1074,1010,1399,1506,1377,1426,1426,2023,2020,1889,2018,2020,2018,2018,2179,2121,2638,2638,2987,2965,2984,3417,3417,3614,3747,3809,3744
1488,0.85295,0.8441,0.05293,0.05712,117.93,425,471,898,1074,1011,1399,1506,1377,1426,1426,2023,2020,1889,2018,2020,2018,2018,2179,2121,2638,2638,2987,2965,2984,3417,3417,3614,3747,3809,3744
1489,0.85297,0.84415,0.05292,0.05711,118.01,425,471,898,1075,1011,1399,1507,1378,1426,1426,2024,2020,1890,2018,2020,2018,2018,2179,2121,2638,2638,2987,2965,2984,3417,3417,3614,3747,3809,3744
1490,0.85299,0.84393,0.05292,0.05715,118.09,425,471,899,1076,1012,1399,1507,1378,1426,1426,2024,2020,1890,2018,2020,2018,2018,2179,2121,2638,2638,2987,2965,2984,3417,3417,3614,3747,3809,3744
1491,0.853,0.8443,0.05292,0.05708,118.15,425,471,900,1077,1013,1399,1507,1379,1426,1426,2024,2020,1890,2018,2020,2018,2018,2179,2121,2638,2638,2987,2965,2984,3417,3417,3614,3747,3809,3744
1492,0.85302,0.84388,0.05292,0.05716,118.23,425,472,901,1078,1014,1399,1508,1379,1426,1426,2024,2020,1891,2018,2020,2018,2018,2179,2121,2638,2638,2987,2965,2984,3417,3417,3614,3747,3809,3744
1493,0.85304,0.84438,0.05291,0.05707,118.3,425,472,902,1078,1014,1399,1508,1379,1426,1426,2024,2020,1891,2018,2020,2018,2018,2179,2121,2638,2638,2987,2965,2984,3417,3418,3614,3747,3809,3744
1494,0.85307,0.84404,0.05291,0.05713,118.38,425,472,902,1079,1015,1399,1509,1380,1426,1426,2023,2020,1891,2018,2020,2018,2018,2179,2121,2638,2638,2987,2965,2984,3417,3418,3614,3747,3809,3744
1495,0.8531,0.84437,0.0529,0.05707,118.46,425,472,903,1080,1016,1399,1509,1380,1426,1426,2023,2020,1892,2018,2020,2018,2018,2179,2121,2638,2638,2987,2965,2984,3417,3418,3614,3747,3809,3744
1496,0.85312,0.8442,0.0529,0.0571,118.54,425,472,904,1081,1016,1399,1509,1381,1426,1426,2023,2020,1892,2018,2020,2018,2018,2179,2121,2638,2638,2987,2965,2984,3417,3418,3614,3747,3809,3744
1497,0.85314,0.84426,0.05289,0.05709,118.61,426,472,905,1082,1017,1399,1510,1381,1426,1426,2023,2020,1892,2018,2020,2018,2018,2179,2121,2638,2638,2987,2965,2984,3417,3417,3614,3747,3809,3744
1498,0.85316,0.84435,0.05289,0.05707,118.67,426,472,905,1082,1018,1399,1510,1381,1426,1426,2023,2020,1893,2018,2020,2018,2018,2179,2121,2638,2638,2987,2965,2984,3417,3417,3614,3747,3809,3744
1499,0.85318,0.84421,0.05289,0.0571,118.74,426,472,906,1083,1018,1399,1511,1382,1426,1426,2023,2020,1893,2018,2020,2018,2018,2179,2121,2638,2638,2987,2965,2984,3417,3417,3614,3746,3809,3744
1500,0.85319,0.84447,0.05289,0.05705,118.83,426,472,907,1084,1019,1399,1511,1382,1426,1426,2023,2020,1893,2018,2020,2018,2018,2179,2121,2638,2638,2987,2965,2984,3417,3417,3614,3746,3809,3744
1501,0.8532,0.84417,0.05288,0.05711,118.91,426,472,908,1085,1020,1399,1512,1383,1426,1426,2023,2020,1894,2018,2020,2018,2018,2179,2121,2638,2638,2987,2965,2984,3417,3417,3614,3746,3809,3744
1502,0.85322,0.8445,0.05288,0.05705,118.99,426,472,909,1086,1021,1399,1512,1383,1426,1426,2023,2020,1894,2018,2020,2018,2018,2179,2121,2638,2638,2987,2965,2984,3417,3417,3614,3746,3809,3744
1503,0.85324,0.8442,0.05288,0.0571,119.08,426,472,909,1086,1021,1399,1512,1384,1426,1426,2023,2020,1894,2018,2020,2018,2018,2179,2121,2638,2638,2987,2965,2984,3417,3417,3614,3746,3809,3744
1504,0.85326,0.84454,0.05287,0.05704,119.16,426,472,910,1087,1022,1399,1513,1384,1426,1426,2023,2020,1895,2018,2020,2018,2018,2179,2121,2638,2638,2987,2965,2984,3417,3417,3614,3746,3809,3744
1505,0.85328,0.84429,0.05287,0.05709,119.23,426,472,911,1088,1023,1399,1513,1384,1426,1426,2023,2020,1895,2018,2020,2018,2018,2179,2121,2638,2638,2987,2965,2984,3417,3417,3614,3746,3809,3744
1506,0.8533,0.84453,0.05287,0.05704,119.3,426,473,912,1089,1023,1399,1514,1385,1426,1426,2023,2020,1895,2018,2020,2018,2018,2179,2121,2638,2638,2987,2965,2984,3417,3417,3614,3746,3809,3744
1507,0.85333,0.84436,0.05286,0.05707,119.37,426,473,913,1090,1024,1399,1514,1385,1426,1426,2023,2020,1896,2018,2020,2018,2018,2179,2121,2638,2638,2987,2965,2984,3417,3417,3614,3746,3809,3744
1508,0.85335,0.84453,0.05286,0.05704,119.46,426,473,913,1090,1025,1399,1515,1386,1426,1426,2023,2020,1896,2018,2020,2018,2018,2179,2121,2638,2638,2987,2965,2984,3417,3417,3614,3746,3809,3744
1509,0.85337,0.84446,0.05285,0.05705,119.54,426,473,914,1091,1026,1399,1515,1386,1426,1426,2023,2020,1896,2018,2020,2018,2018,2179,2121,2638,2638,2987,2965,2984,3417,3417,3614,3746,3809,3744
1510,0.85339,0.84452,0.05285,0.05704,119.61,426,473,915,1092,1026,1399,1516,1387,1426,1426,2023,2020,1897,2018,2020,2018,2018,2179,2121,2638,2638,2987,2965,2984,3417,3417,3614,3746,3809,3744
1511,0.85341,0.84454,0.05285,0.05704,119.7,427,473,916,1093,1027,1399,1516,1387,1426,1426,2023,2020,1897,2018,2020,2018,2018,2179,2121,2638,2638,2987,2965,2984,3417,3417,3614,3746,3809,3744
1512,0.85343,0.84452,0.05284,0.05704,119.77,427,473,917,1094,1028,1399,1516,1387,1426,1426,2023,2020,1898,2018,2020,2018,2018,2179,2121,2638,2638,2987,2965,2984,3417,3417,3614,3746,3809,3744
1513,0.85344,0.84461,0.05284,0.05703,119.85,427,473,917,1094,1028,1399,1517,1388,1426,1426,2023,2020,1898,2018,2020,2018,2018,2179,2121,2638,2638,2987,2965,2984,3417,3417,3614,3746,3809,3744
1514,0.85346,0.84453,0.05284,0.05704,119.93,427,473,918,1095,1029,1399,1517,1388,1426,1426,2023,2020,1898,2018,2020,2018,2018,2179,2121,2638,2638,2987,2965,2984,3417,3417,3614,3746,3809,3744
1515,0.85348,0.8447,0.05283,0.05701,120.01,427,473,919,1096,1030,1399,1518,1389,1426,1426,2023,2020,1898,2018,2020,2018,2018,2179,2121,2638,2638,2987,2965,2984,3417,3417,3614,3746,3809,3744
1516,0.8535,0.84453,0.05283,0.05704,120.09,427,473,920,1097,1030,1399,1518,1389,1426,1426,2023,2020,1899,2018,2020,2018,2018,2179,2121,2638,2638,2987,2965,2984,3417,3417,3614,3746,3809,3744
1517,0.85351,0.84479,0.05283,0.05699,120.17,427,473,920,1097,1031,1399,1519,1389,1426,1426,2023,2020,1899,2018,2020,2018,2018,2179,2121,2638,2638,2987,2965,2984,3417,3417,3614,3746,3809,3744
1518,0.85353,0.84451,0.05283,0.05704,120.26,427,473,921,1098,1032,1399,1519,1390,1426,1426,2023,2020,1899,2018,2020,2018,2018,2179,2121,2638,2638,2987,2965,2984,3417,3417,3614,3746,3809,3744
1519,0.85354,0.84485,0.05282,0.05698,120.34,427,474,922,1099,1033,1399,1519,1390,1426,1426,2023,2020,1900,2018,2020,2018,2018,2179,2121,2638,2638,2987,2965,2984,3417,3417,3614,3746,3809,3744
1520,0.85355,0.84446,0.05282,0.05705,120.42,427,474,923,1100,1033,1399,1520,1391,1426,1426,2023,2020,1900,2018,2020,2018,2018,2179,2121,2638,2638,2987,2965,2984,3417,3417,3614,3746,3809,3744
1521,0.85356,0.84495,0.05282,0.05696,120.5,427,474,924,1101,1034,1399,1520,1391,1426,1426,2023,2020,1900,2018,2020,2018,2018,2179,2121,2638,2638,2987,2964,2984,3417,3417,3614,3746,3809,3744
1522,0.85357,0.84443,0.05282,0.05706,120.58,427,474,924,1101,1035,1399,1521,1392,1426,1426,2023,2020,1900,2018,2020,2018,2018,2179,2121,2638,2638,2987,2965,2984,3417,3417,3614,3746,3809,3744
1523,0.85357,0.84504,0.05282,0.05695,120.65,427,474,925,1102,1035,1399,1521,1393,1426,1426,2023,2020,1901,2018,2020,2018,2018,2179,2121,2638,2638,2987,2964,2984,3417,3417,3614,3746,3809,3744
1524,0.85357,0.8443,0.05282,0.05708,120.74,427,474,926,1103,1036,1399,1521,1393,1426,1426,2023,2020,1901,2018,2020,2018,2018,2178,2121,2638,2638,2987,2964,2984,3417,3417,3614,3746,3809,3744
1525,0.85357,0.84512,0.05282,0.05693,120.81,427,474,927,1104,1037,1399,1522,1394,1426,1426,2023,2020,1901,2018,2020,2018,2018,2178,2121,2638,2638,2987,2964,2984,3417,3417,3614,3746,3809,3744
1526,0.85355,0.84416,0.05282,0.05711,120.9,428,474,928,1105,1038,1399,1522,1394,1426,1426,2023,2020,1902,2018,2020,2018,2018,2177,2121,2638,2638,2987,2964,2984,3417,3417,3614,3746,3809,3744
1527,0.85353,0.84528,0.05282,0.0569,120.97,428,474,928,1105,1038,1399,1523,1395,1426,1426,2023,2020,1902,2018,2020,2018,2018,2177,2121,2638,2638,2987,2964,2984,3417,3417,3614,3746,3809,3744
1528,0.85351,0.84401,0.05283,0.05714,121.04,428,474,929,1106,1039,1399,1523,1396,1426,1426,2023,2020,1902,2018,2020,2018,2018,2176,2122,2638,2638,2987,2964,2984,3417,3417,3614,3746,3809,3744
1529,0.85348,0.84538,0.05283,0.05688,121.12,428,474,930,1107,1040,1399,1524,1396,1426,1426,2023,2020,1902,2018,2020,2018,2018,2175,2122,2638,2638,2987,2964,2984,3417,3417,3614,3746,3809,3744
1530,0.85345,0.84381,0.05284,0.05717,121.2,428,475,931,1108,1040,1399,1524,1397,1426,1426,2023,2020,1902,2018,2020,2018,2018,2175,2122,2638,2638,2987,2964,2984,3417,3417,3614,3746,3809,3744
1531,0.85344,0.84542,0.05284,0.05688,121.27,428,475,931,1109,1041,1399,1524,1398,1426,1426,2023,2020,1903,2018,2020,2018,2018,2174,2122,2638,2638,2987,2964,2984,3417,3417,3614,3746,3809,3744
1532,0.85368,0.84462,0.0528,0.05702,121.35,428,475,932,1109,1042,1399,1525,1401,1426,1426,2023,2020,1903,2018,2020,2018,2018,2173,2122,2638,2638,2987,2964,2984,3417,3417,3614,3746,3809,3744
1533,0.85378,0.84473,0.05278,0.05701,121.43,428,475,933,1110,1043,1399,1525,1403,1426,1426,2023,2020,1903,2018,2020,2018,2018,2172,2121,2638,2638,2987,2964,2984,3417,3417,3614,3746,3809,3744
1534,0.85343,0.84543,0.05284,0.05688,121.51,428,475,934,1111,1043,1399,1525,1405,1426,1426,2023,2020,1903,2018,2020,2018,2018,2172,2121,2638,2638,2987,2964,2984,3417,3417,3614,3746,3809,3744
1535,0.85288,0.84271,0.05294,0.05737,121.6,428,475,935,1112,1044,1399,1526,1406,1426,1426,2023,2020,1904,2018,2020,2018,2018,2171,2122,2638,2638,2987,2965,2984,3417,3417,3614,3746,3809,3744
1536,0.85234,0.84555,0.05304,0.05685,121.67,428,475,935,1113,1045,1399,1526,1408,1426,1426,2023,2020,1904,2018,2020,2018,2017,2170,2122,2638,2638,2987,2964,2984,3417,3417,3614,3746,3809,3744
1537,0.85228,0.84194,0.05305,0.05751,121.74,428,475,936,1113,1045,1399,1527,1409,1426,1426,2023,2020,1904,2018,2020,2018,2018,2169,2122,2639,2638,2987,2965,2984,3417,3417,3614,3746,3809,3744
1538,0.85275,0.84559,0.05296,0.05685,121.83,428,475,937,1114,1046,1399,1527,1410,1426,1426,2023,2020,1904,2018,2020,2018,2017,2169,2122,2638,2638,2987,2964,2984,3417,3417,3614,3746,3809,3744
1539,0.85356,0.84396,0.05282,0.05715,121.91,428,475,938,1115,1047,1399,1527,1410,1426,1426,2023,2021,1905,2018,2020,2018,2017,2168,2122,2639,2638,2987,2965,2984,3417,3417,3614,3746,3809,3744
1540,0.85387,0.84495,0.05276,0.05696,121.99,428,475,939,1116,1048,1399,1528,1411,1426,1426,2023,2020,1905,2018,2019,2018,2017,2167,2121,2639,2638,2987,2965,2984,3417,3417,3614,3746,3809,3744
1541,0.85354,0.84567,0.05282,0.05683,122.07,429,475,940,1116,1048,1399,1528,1412,1426,1426,2023,2020,1905,2018,2019,2018,2017,2166,2121,2639,2638,2987,2965,2984,3417,3417,3614,3745,3809,3744
1542,0.85311,0.84315,0.0529,0.05729,122.17,429,476,940,1117,1049,1399,1528,1413,1426,1426,2023,2020,1906,2018,2019,2018,2018,2166,2122,2639,2638,2987,2965,2984,3417,3417,3614,3745,3809,3744
1543,0.85307,0.84573,0.05291,0.05682,122.25,429,476,941,1118,1050,1399,1529,1414,1426,1426,2023,2020,1906,2018,2019,2018,2017,2165,2122,2638,2638,2986,2965,2984,3417,3417,3614,3745,3809,3744
1544,0.85354,0.84386,0.05282,0.05716,122.32,429,476,942,1119,1050,1399,1529,1414,1426,1426,2023,2020,1906,2018,2019,2018,2018,2164,2122,2638,2638,2987,2965,2984,3417,3417,3614,3745,3809,3744
1545,0.85392,0.84539,0.05275,0.05688,122.4,429,476,943,1120,1051,1399,1530,1415,1426,1426,2023,2020,1906,2018,2019,2018,2018,2163,2122,2638,2638,2987,2965,2984,3417,3417,3614,3745,3809,3744
1546,0.85389,0.84561,0.05276,0.05684,122.49,429,476,944,1120,1052,1399,1530,1415,1426,1426,2023,2020,1907,2018,2019,2018,2018,2163,2122,2638,2638,2987,2965,2984,3417,3417,3614,3745,3809,3744
1547,0.85363,0.8442,0.05281,0.0571,122.57,429,476,944,1121,1053,1399,1530,1416,1426,1426,2023,2020,1907,2018,2019,2018,2018,2162,2121,2638,2638,2987,2965,2984,3417,3417,3614,3745,3809,3744
1548,0.8535,0.84596,0.05283,0.05678,122.65,429,476,945,1122,1053,1399,1531,1417,1426,1426,2023,2020,1907,2018,2019,2018,2018,2161,2121,2638,2638,2986,2965,2984,3417,3417,3614,3745,3809,3744
1549,0.85372,0.8443,0.05279,0.05708,122.73,429,476,946,1123,1054,1399,1531,1417,1426,1426,2023,2020,1907,2018,2019,2018,2018,2160,2122,2638,2638,2987,2965,2984,3417,3417,3614,3745,3809,3744
1550,0.85398,0.8456,0.05274,0.05685,122.82,429,476,947,1124,1055,1399,1531,1418,1426,1426,2023,2020,1908,2018,2019,2018,2018,2159,2122,2638,2638,2987,2965,2984,3417,3417,3614,3745,3809,3744
1551,0.85403,0.84553,0.05273,0.05686,122.91,429,476,948,1124,1055,1399,1532,1418,1426,1426,2023,2020,1908,2018,2019,2018,2018,2159,2122,2638,2638,2987,2965,2984,3417,3417,3614,3745,3809,3744
1552,0.85389,0.84462,0.05276,0.05703,122.98,429,476,948,1125,1056,1399,1532,1419,1426,1426,2023,2020,1908,2018,2019,2018,2018,2158,2122,2638,2638,2987,2965,2984,3417,3417,3614,3745,3809,3744
1553,0.85379,0.84593,0.05278,0.05678,123.06,429,476,949,1126,1057,1399,1533,1420,1426,1426,2023,2020,1908,2018,2019,2018,2018,2157,2122,2638,2638,2987,2965,2984,3417,3417,3614,3745,3808,3744
1554,0.85389,0.84453,0.05276,0.05704,123.14,429,476,950,1127,1057,1399,1533,1420,1426,1426,2023,2020,1908,2018,2019,2018,2018,2157,2122,2638,2638,2987,2965,2984,3417,3417,3614,3745,3809,3744
1555,0.85406,0.84559,0.05273,0.05685,123.21,429,476,951,1128,1058,1399,1533,1421,1426,1426,2023,2020,1909,2018,2019,2018,2018,2156,2121,2638,2638,2987,2965,2984,3417,3417,3614,3744,3808,3744
1556,0.85412,0.84549,0.05272,0.05686,123.3,429,477,952,1128,1059,1399,1533,1421,1426,1426,2023,2020,1909,2018,2019,2018,2018,2155,2121,2638,2638,2987,2965,2984,3417,3417,3614,3744,3809,3744
1557,0.85404,0.84494,0.05273,0.05697,123.37,429,477,953,1129,1060,1399,1534,1422,1426,1426,2023,2020,1909,2018,2019,2018,2018,2155,2121,2638,2638,2987,2965,2984,3417,3417,3614,3744,3809,3744
1558,0.85397,0.84598,0.05274,0.05677,123.44,430,477,953,1130,1060,1399,1534,1422,1426,1426,2023,2020,1910,2018,2018,2018,2018,2154,2121,2638,2638,2987,2965,2984,3417,3417,3614,3744,3808,3744
1559,0.85404,0.84487,0.05273,0.05698,123.52,430,477,954,1131,1061,1399,1534,1422,1426,1426,2023,2020,1910,2018,2018,2018,2018,2153,2121,2638,2638,2987,2965,2984,3417,3417,3614,3744,3809,3744
1560,0.85415,0.84567,0.05271,0.05683,123.6,430,477,955,1132,1062,1399,1535,1423,1426,1426,2023,2020,1910,2018,2018,2018,2018,2153,2121,2638,2638,2987,2965,2984,3417,3417,3614,3744,3808,3744
1561,0.8542,0.84551,0.0527,0.05686,123.68,430,477,956,1132,1062,1399,1535,1423,1426,1426,2023,2020,1910,2018,2018,2018,2018,2152,2121,2638,2638,2987,2965,2984,3417,3417,3614,3744,3809,3744
1562,0.85416,0.84513,0.05271,0.05693,123.76,430,477,957,1133,1063,1399,1536,1424,1426,1426,2023,2020,1911,2018,2018,2018,2018,2151,2122,2638,2638,2987,2965,2984,3417,3417,3614,3744,3809,3744
1563,0.85412,0.84596,0.05272,0.05678,123.83,430,477,957,1134,1064,1399,1536,1424,1426,1426,2023,2020,1911,2018,2018,2018,2018,2151,2122,2638,2638,2987,2965,2984,3417,3417,3614,3744,3808,3744
1564,0.85416,0.84502,0.05271,0.05695,123.91,430,477,958,1135,1065,1399,1536,1424,1426,1426,2023,2020,1911,2018,2018,2018,2018,2150,2122,2638,2638,2987,2965,2984,3417,3417,3614,3744,3809,3744
1565,0.85423,0.84577,0.0527,0.05681,123.98,430,477,959,1136,1065,1399,1537,1425,1426,1426,2023,2020,1911,2018,2018,2018,2018,2149,2122,2638,2638,2987,2965,2984,3417,3417,3614,3744,3809,3744
1566,0.85429,0.84549,0.05269,0.05686,124.06,430,477,960,1136,1066,1399,1537,1425,1426,1426,2023,2020,1912,2018,2018,2018,2018,2149,2122,2638,2638,2987,2965,2984,3417,3417,3614,3744,3809,3744
1567,0.85428,0.84537,0.05269,0.05689,124.13,430,477,961,1137,1067,1399,1537,1426,1426,1426,2023,2020,1912,2018,2018,2018,2018,2148,2121,2638,2638,2987,2965,2984,3417,3417,3614,3744,3809,3744
1568,0.85426,0.84595,0.05269,0.05678,124.21,430,478,962,1138,1067,1399,1538,1426,1426,1426,2023,2020,1912,2018,2018,2018,2018,2147,2121,2638,2638,2987,2965,2984,3417,3417,3614,3744,3809,3744
1569,0.85427,0.84522,0.05269,0.05691,124.29,430,478,962,1139,1068,1399,1538,1426,1426,1426,2023,2020,1912,2018,2018,2018,2018,2147,2121,2638,2638,2987,2965,2984,3417,3417,3614,3745,3809,3744
1570,0.85431,0.84587,0.05268,0.0568,124.37,430,478,963,1140,1069,1399,1539,1426,1426,1426,2023,2020,1913,2018,2018,2018,2018,2146,2121,2638,2638,2987,2965,2984,3417,3417,3614,3745,3809,3744
1571,0.85436,0.84547,0.05267,0.05687,124.46,430,478,964,1140,1070,1399,1539,1426,1426,1426,2023,2020,1913,2018,2018,2018,2018,2146,2121,2638,2638,2987,2965,2984,3417,3417,3614,3745,3809,3744
1572,0.85438,0.84555,0.05267,0.05685,124.53,430,478,965,1141,1070,1399,1539,1426,1426,1426,2023,2020,1913,2018,2018,2018,2018,2146,2121,2638,2638,2987,2965,2984,3417,3417,3614,3745,3809,3744
1573,0.85437,0.84593,0.05267,0.05678,124.62,431,478,966,1142,1071,1399,1540,1426,1426,1426,2023,2020,1914,2018,2018,2018,2018,2145,2121,2638,2638,2987,2965,2984,3417,3417,3614,3745,3809,3744
1574,0.85437,0.84541,0.05267,0.05688,124.71,431,478,966,1143,1072,1399,1540,1426,1426,1426,2023,2020,1914,2018,2018,2018,2018,2145,2121,2638,2638,2987,2965,2984,3417,3417,3614,3745,3809,3744
1575,0.85439,0.84601,0.05267,0.05677,124.79,431,478,967,1144,1072,1399,1540,1426,1426,1426,2023,2020,1914,2018,2018,2018,2018,2145,2121,2638,2638,2987,2965,2984,3417,3417,3614,3745,3809,3744
1576,0.85444,0.84552,0.05266,0.05686,124.87,431,478,968,1144,1073,1399,1541,1426,1426,1426,2023,2020,1914,2018,2018,2018,2018,2144,2121,2638,2638,2987,2965,2984,3417,3417,3614,3745,3809,3744
1577,0.85447,0.84577,0.05265,0.05681,124.95,431,478,969,1145,1074,1399,1541,1426,1426,1426,2023,2020,1915,2018,2018,2018,2018,2144,2121,2638,2638,2987,2965,2984,3417,3417,3614,3745,3809,3744
1578,0.85449,0.84587,0.05265,0.0568,125.03,431,478,970,1146,1074,1399,1542,1425,1426,1426,2023,2020,1915,2018,2018,2018,2018,2144,2121,2638,2638,2987,2965,2984,3417,3417,3614,3745,3809,3744
1579,0.85449,0.84563,0.05265,0.05684,125.11,431,479,971,1147,1075,1399,1542,1425,1426,1426,2023,2020,1915,2018,2018,2018,2018,2143,2121,2638,2638,2987,2965,2984,3417,3417,3614,3745,3809,3744
1580,0.8545,0.84605,0.05265,0.05676,125.2,431,479,971,1148,1076,1399,1542,1425,1426,1426,2023,2020,1916,2018,2018,2018,2018,2143,2121,2638,2638,2987,2965,2984,3417,3417,3614,3745,3809,3744
1581,0.85452,0.84559,0.05265,0.05685,125.28,431,479,972,1148,1077,1399,1543,1425,1426,1426,2023,2020,1916,2018,2018,2018,2018,2143,2121,2638,2638,2987,2965,2984,3417,3417,3614,3745,3809,3744
1582,0.85455,0.84593,0.05264,0.05678,125.35,431,479,973,1149,1077,1399,1543,1425,1426,1426,2023,2020,1916,2018,2018,2018,2018,2143,2121,2638,2638,2987,2965,2984,3417,3417,3614,3745,3809,3744
1583,0.85457,0.84581,0.05264,0.05681,125.44,431,479,974,1150,1078,1399,1543,1425,1426,1426,2023,2020,1917,2018,2018,2018,2018,2143,2121,2638,2638,2987,2965,2984,3417,3417,3614,3745,3809,3744
1584,0.85459,0.84586,0.05263,0.0568,125.51,431,479,975,1151,1079,1399,1544,1425,1426,1426,2023,2020,1917,2018,2018,2018,2018,2142,2121,2638,2638,2987,2964,2984,3417,3417,3614,3745,3809,3744
1585,0.8546,0.84605,0.05263,0.05676,125.59,431,479,976,1152,1079,1399,1544,1425,1426,1426,2023,2020,1918,2018,2018,2018,2018,2142,2121,2638,2638,2987,2964,2984,3417,3417,3614,3745,3809,3744
1586,0.85461,0.84574,0.05263,0.05682,125.66,431,479,976,1152,1080,1399,1544,1425,1426,1426,2023,2020,1918,2018,2018,2018,2018,2142,2121,2638,2638,2987,2964,2984,3417,3417,3614,3745,3809,3744
1587,0.85462,0.84605,0.05263,0.05676,125.74,431,479,977,1153,1081,1399,1545,1425,1426,1426,2023,2020,1918,2018,2018,2018,2018,2142,2121,2638,2638,2987,2964,2984,3417,3417,3614,3745,3809,3744
1588,0.85464,0.84579,0.05262,0.05681,125.83,432,479,978,1154,1081,1399,1545,1425,1426,1426,2023,2020,1919,2018,2018,2018,2018,2142,2121,2638,2638,2987,2964,2984,3417,3417,3614,3745,3809,3744
1589,0.85466,0.84604,0.05262,0.05676,125.9,432,479,979,1155,1082,1399,1546,1425,1426,1426,2023,2020,1919,2018,2018,2018,2018,2143,2121,2638,2638,2987,2964,2984,3417,3417,3614,3745,3809,3744
1590,0.85468,0.84598,0.05262,0.05677,125.98,432,480,980,1156,1083,1399,1546,1426,1426,1426,2023,2020,1920,2018,2018,2018,2018,2143,2121,2638,2638,2987,2964,2984,3417,3417,3614,3745,3809,3744
1591,0.8547,0.84596,0.05261,0.05678,126.06,432,480,981,1156,1084,1399,1546,1426,1426,1426,2023,2020,1920,2018,2018,2018,2018,2143,2121,2638,2638,2987,2964,2984,3417,3417,3614,3745,3809,3744
1592,0.85471,0.84611,0.05261,0.05675,126.14,432,480,982,1157,1084,1399,1547,1426,1426,1426,2023,2020,1920,2018,2018,2018,2018,2143,2121,2638,2638,2987,2964,2984,3417,3417,3614,3745,3809,3744
1593,0.85472,0.84593,0.05261,0.05678,126.23,432,480,982,1158,1085,1399,1547,1425,1426,1426,2023,2020,1921,2018,2018,2018,2018,2143,2121,2638,2638,2987,2964,2984,3417,3417,3614,3745,3809,3744
1594,0.85474,0.84619,0.05261,0.05674,126.3,432,480,983,1159,1086,1399,1548,1425,1426,1426,2023,2020,1921,2018,2018,2018,2018,2143,2121,2638,2638,2987,2964,2984,3417,3417,3614,3745,3809,3744
1595,0.85476,0.846,0.0526,0.05677,126.37,432,480,984,1159,1086,1399,1548,1425,1426,1426,2023,2020,1922,2018,2018,2018,2018,2143,2121,2638,2638,2987,2964,2984,3417,3417,3614,3745,3809,3744
1596,0.85477,0.84614,0.0526,0.05675,126.46,432,480,985,1160,1087,1399,1548,1425,1426,1426,2023,2020,1922,2018,2018,2018,2018,2144,2121,2638,2638,2987,2964,2984,3417,3417,3614,3745,3809,3744
1597,0.85479,0.8461,0.0526,0.05675,126.54,432,480,986,1161,1088,1399,1549,1425,1426,1426,2023,2020,1923,2018,2018,2018,2018,2144,2121,2638,2638,2987,2964,2984,3417,3417,3614,3745,3809,3744
1598,0.85481,0.84608,0.05259,0.05676,126.61,432,480,987,1162,1088,1399,1549,1425,1426,1426,2023,2020,1923,2018,2018,2018,2018,2144,2121,2638,2638,2987,2964,2984,3417,3417,3614,3745,3809,3744
1599,0.85482,0.84621,0.05259,0.05673,126.69,432,480,988,1163,1089,1399,1549,1425,1426,1426,2023,2020,1924,2018,2018,2018,2018,2144,2121,2638,2638,2987,2964,2983,3417,3417,3614,3745,3809,3744
1600,0.85483,0.84605,0.05259,0.05676,126.77,432,480,988,1163,1090,1399,1550,1425,1426,1426,2023,2020,1925,2018,2018,2018,2018,2144,2121,2638,2638,2987,2964,2983,3417,3417,3614,3745,3809,3744
1601,0.85485,0.84626,0.05259,0.05672,126.84,432,481,989,1164,1091,1399,1550,1425,1426,1426,2023,2020,1925,2018,2018,2018,2018,2144,2121,2638,2638,2987,2964,2983,3417,3417,3614,3745,3809,3744
1602,0.85486,0.84609,0.05258,0.05675,126.92,432,481,990,1165,1091,1399,1551,1425,1426,1426,2023,2020,1926,2018,2018,2018,2018,2144,2121,2638,2638,2987,2964,2983,3417,3417,3614,3745,3809,3744
1603,0.85488,0.84628,0.05258,0.05672,127.0,432,481,991,1166,1092,1399,1551,1425,1426,1426,2023,2020,1927,2018,2018,2018,2018,2143,2121,2638,2638,2987,2964,2983,3417,3417,3614,3745,3809,3744
1604,0.8549,0.8462,0.05258,0.05673,127.08,432,481,992,1166,1093,1399,1551,1425,1426,1426,2023,2020,1927,2018,2018,2018,2018,2143,2121,2638,2638,2987,2964,2983,3417,3417,3614,3745,3809,3744
1605,0.85491,0.84624,0.05257,0.05673,127.16,433,481,993,1167,1093,1399,1552,1425,1426,1426,2023,2020,1928,2018,2018,2018,2018,2143,2121,2638,2637,2987,2964,2983,3417,3417,3614,3745,3809,3744
1606,0.85493,0.8463,0.05257,0.05672,127.23,433,481,994,1168,1094,1399,1552,1425,1426,1426,2023,2020,1929,2018,2018,2018,2018,2143,2121,2638,2637,2987,2964,2983,3417,3417,3614,3745,3809,3744
1607,0.85494,0.84619,0.05257,0.05674,127.31,433,481,995,1169,1095,1399,1553,1425,1426,1426,2023,2020,1930,2018,2018,2018,2018,2143,2121,2638,2636,2987,2964,2983,3417,3417,3614,3745,3809,3744
1608,0.85495,0.84638,0.05257,0.0567,127.37,433,481,995,1170,1095,1399,1553,1425,1426,1426,2023,2020,1930,2018,2018,2018,2018,2143,2121,2638,2636,2987,2964,2983,3417,3417,3614,3745,3809,3744
1609,0.85497,0.84618,0.05256,0.05674,127.45,433,481,996,1170,1096,1399,1553,1425,1426,1426,2023,2020,1931,2018,2018,2018,2018,2143,2121,2638,2635,2987,2964,2983,3417,3417,3614,3745,3809,3744
1610,0.85498,0.84643,0.05256,0.05669,127.53,433,481,997,1171,1097,1399,1554,1425,1426,1426,2023,2020,1932,2018,2018,2018,2018,2143,2121,2638,2634,2987,2964,2983,3417,3417,3614,3745,3809,3744
1611,0.855,0.84622,0.05256,0.05673,127.6,433,481,998,1172,1097,1399,1554,1425,1426,1426,2023,2020,1933,2018,2018,2018,2018,2143,2121,2638,2634,2987,2964,2983,3417,3417,3614,3745,3809,3744
1612,0.85502,0.84646,0.05256,0.05669,127.69,433,481,999,1173,1098,1399,1555,1425,1426,1426,2023,2020,1934,2018,2018,2018,2018,2143,2121,2638,2633,2987,2964,2983,3417,3417,3614,3745,3809,3744
1613,0.85504,0.84631,0.05255,0.05671,127.77,433,482,1000,1173,1099,1399,1555,1425,1426,1426,2023,2020,1935,2018,2018,2018,2018,2143,2121,2638,2632,2987,2964,2983,3417,3417,3614,3745,3809,3744
1614,0.85505,0.84645,0.05255,0.05669,127.85,433,482,1001,1174,1100,1399,1555,1425,1426,1426,2023,2020,1936,2018,2018,2018,2018,2143,2121,2638,2631,2987,2964,2983,3417,3417,3614,3745,3809,3744
1615,0.85507,0.84643,0.05255,0.05669,127.93,433,482,1002,1175,1100,1399,1556,1425,1426,1426,2023,2020,1937,2018,2018,2018,2018,2143,2121,2638,2630,2987,2964,2983,3417,3417,3614,3745,3809,3744
1616,0.85508,0.84643,0.05254,0.05669,128.01,433,482,1002,1176,1101,1399,1556,1425,1426,1426,2023,2020,1938,2018,2018,2018,2018,2143,2121,2638,2629,2987,2964,2983,3417,3417,3614,3745,3809,3744
1617,0.8551,0.84655,0.05254,0.05667,128.09,433,482,1003,1176,1102,1399,1557,1425,1426,1426,2023,2020,1939,2018,2018,2018,2018,2143,2121,2638,2628,2987,2964,2983,3417,3417,3614,3745,3809,3744
1618,0.85511,0.84648,0.05254,0.05668,128.16,433,482,1004,1177,1102,1399,1557,1425,1426,1426,2023,2020,1940,2018,2018,2018,2018,2143,2121,2638,2627,2987,2964,2983,3417,3417,3614,3745,3809,3744
1619,0.85513,0.84665,0.05254,0.05665,128.25,433,482,1005,1178,1103,1399,1558,1425,1426,1426,2023,2020,1942,2018,2018,2018,2018,2143,2121,2638,2626,2987,2964,2983,3417,3417,3614,3745,3809,3744
1620,0.85514,0.84656,0.05253,0.05667,128.33,434,482,1006,1179,1104,1399,1558,1425,1426,1426,2023,2020,1943,2018,2018,2018,2018,2143,2121,2638,2625,2987,2964,2983,3417,3417,3614,3745,3809,3744
1621,0.85516,0.84669,0.05253,0.05664,128.42,434,482,1007,1179,1104,1399,1558,1425,1426,1426,2023,2020,1944,2018,2018,2018,2018,2143,2121,2638,2624,2987,2964,2983,3417,3417,3614,3745,3809,3744
1622,0.85518,0.84663,0.05253,0.05665,128.5,434,482,1008,1180,1105,1399,1559,1425,1426,1426,2023,2020,1946,2018,2018,2018,2018,2143,2121,2638,2623,2987,2964,2983,3417,3417,3614,3745,3809,3744
1623,0.8552,0.84673,0.05252,0.05664,128.58,434,482,1009,1181,1106,1399,1559,1425,1426,1426,2023,2020,1947,2018,2018,2018,2018,2143,2121,2638,2622,2987,2964,2983,3417,3417,3614,3745,3809,3744
1624,0.85522,0.84675,0.05252,0.05663,128.65,434,483,1010,1182,1106,1399,1560,1425,1426,1426,2023,2020,1949,2018,2018,2018,2018,2143,2121,2638,2621,2987,2964,2983,3417,3417,3614,3745,3809,3744
1625,0.85523,0.84675,0.05252,0.05663,128.72,434,483,1010,1182,1107,1399,1560,1425,1426,1426,2023,2020,1950,2018,2018,2018,2018,2143,2121,2638,2620,2987,2964,2983,3417,3417,3614,3745,3809,3744
1626,0.85525,0.84679,0.05251,0.05663,128.8,434,483,1011,1183,1108,1399,1560,1425,1426,1426,2023,2020,1952,2018,2018,2018,2018,2143,2121,2638,2619,2987,2964,2983,3417,3417,3614,3745,3809,3744
1627,0.85527,0.84671,0.05251,0.05664,128.88,434,483,1012,1184,1109,1399,1561,1425,1426,1426,2023,2020,1953,2018,2018,2018,2018,2143,2121,2638,2618,2987,2964,2983,3417,3417,3614,3745,3809,3744
1628,0.85529,0.84686,0.05251,0.05661,128.95,434,483,1013,1185,1109,1399,1561,1425,1426,1426,2023,2020,1955,2018,2018,2018,2018,2143,2121,2638,2617,2987,2964,2983,3417,3417,3614,3745,3809,3744
1629,0.85531,0.84674,0.0525,0.05664,129.03,434,483,1014,1186,1110,1399,1562,1425,1426,1426,2023,2020,1957,2018,2018,2018,2018,2143,2121,2638,2616,2987,2964,2983,3417,3417,3614,3745,3809,3744
1630,0.85532,0.84696,0.0525,0.05659,129.1,434,483,1015,1186,1111,1399,1562,1425,1426,1426,2023,2020,1959,2018,2018,2018,2018,2143,2121,2638,2615,2987,2964,2983,3417,3417,3614,3745,3808,3744
1631,0.85534,0.84672,0.0525,0.05664,129.18,434,483,1016,1187,1111,1399,1563,1425,1426,1426,2023,2020,1961,2018,2018,2018,2018,2143,2121,2638,2613,2987,2964,2983,3417,3417,3614,3745,3808,3744
1632,0.85536,0.84702,0.05249,0.05658,129.27,434,483,1017,1188,1112,1399,1563,1425,1426,1426,2023,2020,1962,2018,2018,2018,2018,2143,2121,2638,2612,2987,2964,2983,3417,3417,3614,3745,3808,3744
1633,0.85538,0.84672,0.05249,0.05664,129.34,434,483,1018,1189,1113,1399,1564,1425,1426,1426,2023,2020,1964,2018,2018,2018,2018,2143,2121,2638,2611,2987,2964,2983,3417,3417,3614,3745,3808,3744
1634,0.8554,0.84713,0.05249,0.05656,129.42,434,484,1018,1189,1113,1399,1564,1425,1426,1426,2023,2020,1967,2018,2018,2018,2018,2143,2121,2638,2610,2986,2964,2983,3417,3417,3614,3745,3808,3744
1635,0.85542,0.84681,0.05248,0.05662,129.48,434,484,1019,1190,1114,1399,1564,1425,1426,1426,2023,2020,1969,2018,2018,2018,2018,2143,2121,2638,2609,2987,2964,2983,3417,3417,3614,3745,3808,3744
1636,0.85544,0.84722,0.05248,0.05655,129.57,434,484,1020,1191,1115,1399,1565,1425,1426,1426,2023,2020,1971,2018,2018,2018,2018,2143,2121,2638,2607,2986,2964,2983,3417,3417,3614,3745,3808,3744
1637,0.85547,0.84689,0.05247,0.05661,129.66,434,484,1021,1192,1115,1399,1565,1425,1426,1426,2023,2020,1973,2018,2018,2018,2018,2143,2121,2638,2606,2986,2964,2983,3417,3417,3614,3745,3808,3744
1638,0.8555,0.84724,0.05247,0.05654,129.74,435,484,1022,1192,1116,1399,1566,1425,1426,1426,2023,2020,1976,2018,2018,2018,2018,2143,2121,2638,2605,2986,2964,2983,3417,3417,3614,3745,3808,3744
1639,0.85553,0.84702,0.05246,0.05658,129.81,435,484,1023,1193,1117,1399,1566,1425,1426,1426,2023,2020,1978,2018,2018,2018,2018,2143,2121,2638,2604,2986,2964,2983,3417,3417,3614,3745,3808,3744
1640,0.85556,0.84726,0.05246,0.05654,129.9,435,484,1024,1194,1117,1399,1567,1425,1426,1426,2023,2020,1981,2018,2018,2018,2018,2143,2121,2638,2602,2986,2964,2983,3417,3417,3614,3745,3808,3744
1641,0.85559,0.84719,0.05245,0.05655,129.96,435,484,1025,1195,1118,1399,1567,1425,1426,1426,2023,2020,1984,2018,2018,2018,2018,2143,2121,2638,2601,2986,2964,2983,3417,3417,3614,3745,3808,3744
1642,0.85562,0.84728,0.05245,0.05654,130.05,435,484,1026,1195,1119,1399,1568,1425,1426,1426,2023,2020,1986,2018,2018,2018,2018,2143,2121,2638,2600,2986,2964,2983,3417,3417,3614,3745,3808,3744
1643,0.85565,0.84727,0.05244,0.05654,130.12,435,484,1027,1196,1120,1399,1568,1425,1426,1426,2023,2020,1989,2018,2018,2018,2018,2143,2121,2638,2599,2986,2964,2983,3417,3417,3614,3745,3808,3744
1644,0.85567,0.84728,0.05244,0.05653,130.2,435,484,1028,1197,1120,1399,1569,1425,1426,1426,2023,2020,1992,2018,2018,2018,2018,2143,2121,2638,2597,2986,2964,2983,3417,3417,3614,3745,3808,3744
1645,0.8557,0.84738,0.05243,0.05652,130.27,435,485,1029,1198,1121,1399,1569,1425,1426,1426,2023,2020,1995,2018,2018,2018,2018,2143,2121,2638,2596,2986,2964,2983,3417,3417,3614,3745,3808,3744
1646,0.85573,0.84735,0.05243,0.05652,130.34,435,485,1029,1198,1122,1399,1569,1425,1426,1426,2023,2020,1997,2018,2018,2018,2018,2143,2121,2638,2595,2986,2964,2983,3417,3417,3614,3745,3808,3744
1647,0.85575,0.84751,0.05242,0.05649,130.42,435,485,1030,1199,1122,1399,1570,1425,1426,1426,2023,2020,2000,2018,2018,2018,2018,2143,2121,2638,2593,2986,2964,2983,3417,3417,3614,3745,3808,3744
1648,0.85577,0.84737,0.05242,0.05652,130.51,435,485,1031,1200,1123,1399,1570,1425,1426,1426,2023,2020,2003,2018,2018,2018,2018,2143,2121,2638,2592,2987,2964,2983,3417,3417,3614,3745,3808,3744
1649,0.8558,0.8476,0.05241,0.05647,130.6,435,485,1032,1201,1124,1399,1571,1425,1426,1426,2023,2020,2006,2018,2018,2018,2018,2143,2121,2638,2590,2986,2964,2983,3417,3417,3614,3745,3808,3744
1650,0.85582,0.84738,0.05241,0.05652,130.67,435,485,1033,1201,1124,1399,1571,1425,1426,1426,2023,2020,2008,2018,2018,2018,2018,2143,2121,2638,2589,2987,2964,2983,3417,3417,3614,3745,3808,3744
1651,0.85583,0.84773,0.05241,0.05645,130.76,435,485,1034,1202,1125,1399,1572,1425,1426,1426,2023,2020,2011,2018,2018,2018,2018,2143,2121,2638,2587,2986,2964,2983,3417,3417,3614,3745,3808,3744
1652,0.85585,0.84737,0.05241,0.05652,130.84,435,485,1035,1203,1126,1399,1572,1425,1426,1426,2022,2020,2013,2018,2018,2018,2018,2143,2121,2638,2586,2987,2964,2983,3417,3417,3614,3745,3808,3744
1653,0.85585,0.84787,0.0524,0.05642,130.92,435,485,1036,1203,1126,1399,1572,1425,1426,1426,2022,2020,2016,2018,2018,2018,2018,2143,2121,2638,2585,2986,2964,2983,3417,3417,3614,3745,3808,3744
1654,0.85586,0.8473,0.0524,0.05653,131.0,435,485,1037,1204,1127,1399,1573,1425,1426,1426,2022,2020,2018,2018,2018,2018,2018,2143,2121,2638,2583,2987,2964,2983,3417,3417,3614,3745,3808,3744
1655,0.85585,0.84801,0.05241,0.0564,131.07,435,486,1038,1205,1128,1399,1573,1425,1426,1426,2022,2020,2020,2018,2018,2018,2018,2143,2121,2638,2582,2986,2964,2983,3417,3417,3614,3745,3808,3744
1656,0.85582,0.84707,0.05241,0.05657,131.15,435,486,1039,1206,1128,1399,1574,1425,1426,1426,2022,2020,2022,2018,2018,2018,2018,2143,2121,2638,2580,2987,2964,2983,3417,3417,3614,3745,3808,3744
1657,0.85578,0.84812,0.05242,0.05638,131.23,435,486,1040,1206,1129,1399,1574,1425,1426,1426,2022,2020,2024,2018,2018,2018,2018,2143,2121,2638,2579,2986,2964,2983,3417,3417,3614,3745,3808,3744
1658,0.85571,0.84675,0.05243,0.05663,131.31,435,486,1041,1207,1130,1399,1575,1425,1426,1426,2022,2020,2026,2018,2018,2018,2018,2143,2122,2638,2577,2987,2964,2983,3417,3417,3614,3745,3808,3744
1659,0.85563,0.84825,0.05245,0.05635,131.39,435,486,1042,1208,1130,1399,1575,1425,1426,1426,2022,2020,2027,2018,2018,2018,2018,2143,2122,2638,2575,2986,2964,2983,3417,3417,3614,3745,3808,3744
1660,0.85553,0.84633,0.05246,0.05671,131.46,435,486,1042,1209,1131,1399,1576,1425,1426,1426,2022,2020,2028,2018,2018,2018,2018,2143,2122,2638,2574,2987,2964,2983,3417,3417,3614,3745,3808,3744
1661,0.85542,0.84831,0.05248,0.05634,131.53,435,486,1043,1209,1132,1399,1576,1425,1426,1426,2022,2020,2028,2018,2018,2018,2017,2143,2122,2638,2572,2986,2964,2983,3417,3417,3614,3745,3808,3744
1662,0.85534,0.84595,0.0525,0.05678,131.6,435,486,1044,1210,1132,1399,1577,1425,1426,1426,2022,2020,2029,2018,2018,2018,2018,2143,2122,2638,2571,2986,2965,2983,3417,3417,3614,3745,3808,3744
1663,0.85533,0.84831,0.0525,0.05634,131.68,436,486,1045,1211,1133,1399,1577,1425,1426,1426,2022,2020,2029,2018,2018,2018,2017,2143,2122,2638,2569,2986,2964,2983,3417,3417,3614,3745,3808,3743
1664,0.85545,0.84611,0.05248,0.05675,131.76,436,487,1046,1212,1134,1399,1578,1425,1426,1426,2022,2020,2029,2018,2018,2018,2018,2143,2122,2638,2568,2986,2965,2983,3417,3417,3614,3745,3808,3743
1665,0.85564,0.84832,0.05244,0.05634,131.84,436,487,1047,1212,1134,1399,1578,1425,1426,1426,2022,2020,2029,2018,2018,2018,2017,2143,2122,2638,2566,2986,2965,2983,3417,3417,3614,3745,3808,3743
1666,0.85587,0.847,0.0524,0.05659,131.92,436,487,1048,1213,1135,1399,1579,1425,1426,1426,2022,2020,2028,2018,2018,2018,2017,2143,2122,2638,2565,2986,2965,2983,3417,3417,3614,3745,3808,3743
1667,0.85604,0.84804,0.05237,0.05639,132.0,436,487,1049,1214,1136,1399,1579,1425,1426,1426,2022,2020,2028,2018,2018,2018,2017,2143,2121,2638,2563,2986,2965,2983,3417,3417,3614,3745,3808,3743
1668,0.85609,0.84792,0.05236,0.05642,132.08,436,487,1050,1215,1137,1399,1580,1425,1426,1426,2022,2020,2027,2018,2018,2018,2017,2143,2121,2638,2561,2986,2965,2983,3417,3417,3614,3745,3808,3743
1669,0.85604,0.84739,0.05237,0.05651,132.16,436,487,1051,1215,1137,1399,1580,1425,1426,1426,2022,2020,2026,2018,2018,2018,2018,2143,2121,2638,2559,2986,2965,2983,3417,3417,3614,3745,3808,3743
1670,0.85593,0.84836,0.05239,0.05633,132.24,436,487,1052,1216,1138,1399,1581,1425,1426,1426,2022,2020,2025,2018,2018,2018,2018,2143,2121,2638,2558,2986,2965,2983,3417,3417,3614,3745,3808,3743
1671,0.85583,0.84684,0.05241,0.05662,132.32,436,487,1053,1217,1139,1399,1581,1425,1426,1426,2022,2020,2024,2018,2018,2018,2018,2143,2121,2638,2556,2986,2965,2983,3417,3417,3614,3745,3808,3743
1672,0.85578,0.84849,0.05242,0.05631,132.4,436,487,1054,1218,1139,1399,1582,1425,1426,1426,2022,2020,2023,2018,2018,2018,2018,2143,2121,2638,2554,2986,2965,2983,3417,3417,3614,3745,3808,3743
1673,0.85582,0.8468,0.05241,0.05662,132.5,436,487,1055,1218,1140,1399,1582,1425,1426,1426,2022,2020,2023,2018,2018,2018,2018,2143,2122,2638,2552,2986,2965,2983,3417,3417,3614,3745,3808,3743
1674,0.85592,0.84852,0.05239,0.05631,132.58,436,487,1056,1219,1141,1399,1583,1425,1426,1426,2022,2020,2022,2018,2018,2018,2018,2143,2122,2638,2550,2986,2965,2983,3417,3417,3614,3745,3808,3743
1675,0.85607,0.84732,0.05236,0.05653,132.66,436,488,1057,1220,1141,1399,1583,1425,1426,1426,2022,2020,2021,2018,2018,2018,2018,2143,2122,2638,2547,2986,2965,2983,3417,3417,3614,3745,3808,3743
1676,0.85619,0.84825,0.05234,0.05635,132.74,436,488,1058,1220,1142,1399,1584,1425,1426,1426,2022,2020,2020,2018,2018,2018,2018,2143,2122,2638,2545,2986,2965,2983,3417,3417,3614,3745,3808,3743
1677,0.85624,0.84795,0.05233,0.05641,132.81,436,488,1059,1221,1143,1399,1584,1425,1426,1426,2022,2020,2020,2018,2018,2018,2018,2143,2121,2638,2543,2986,2965,2983,3417,3417,3614,3745,3808,3743
1678,0.85624,0.8478,0.05233,0.05644,132.9,436,488,1060,1222,1143,1399,1585,1425,1426,1426,2022,2020,2019,2018,2018,2018,2018,2143,2121,2638,2541,2986,2965,2983,3417,3417,3614,3745,3808,3743
1679,0.8562,0.84837,0.05234,0.05633,132.98,436,488,1060,1223,1144,1399,1585,1425,1426,1426,2022,2020,2019,2018,2018,2018,2018,2143,2121,2638,2539,2986,2965,2983,3417,3417,3614,3745,3808,3743
1680,0.85617,0.84744,0.05235,0.0565,133.07,436,488,1061,1223,1145,1399,1585,1425,1426,1426,2022,2020,2019,2018,2018,2018,2018,2143,2121,2638,2537,2986,2965,2983,3417,3417,3614,3745,3808,3743
1681,0.85617,0.84842,0.05235,0.05632,133.15,436,488,1062,1224,1145,1399,1586,1425,1426,1426,2022,2020,2019,2018,2018,2018,2017,2143,2121,2638,2535,2986,2965,2983,3417,3417,3614,3745,3808,3743
1682,0.85621,0.84744,0.05234,0.0565,133.23,436,488,1063,1225,1146,1399,1586,1425,1426,1426,2022,2020,2019,2018,2018,2018,2018,2143,2121,2638,2533,2986,2965,2983,3417,3417,3614,3745,3808,3743
1683,0.85626,0.84838,0.05233,0.05633,133.31,436,488,1064,1226,1147,1399,1587,1425,1426,1426,2022,2020,2019,2018,2018,2018,2017,2143,2121,2638,2531,2986,2965,2983,3417,3417,3614,3745,3808,3743
1684,0.85631,0.84786,0.05232,0.05643,133.38,436,489,1065,1226,1147,1399,1588,1425,1426,1426,2022,2020,2019,2018,2018,2018,2018,2143,2122,2638,2529,2986,2965,2983,3417,3417,3614,3745,3808,3743
1685,0.85635,0.84825,0.05231,0.05635,133.46,437,489,1066,1227,1148,1399,1588,1425,1426,1426,2022,2020,2019,2018,2018,2018,2018,2143,2122,2638,2527,2986,2965,2983,3417,3417,3614,3745,3808,3743
1686,0.85637,0.84819,0.05231,0.05637,133.55,437,489,1067,1228,1149,1399,1589,1425,1426,1426,2022,2020,2019,2018,2018,2018,2018,2143,2122,2638,2525,2986,2965,2983,3417,3417,3614,3745,3808,3743
1687,0.85636,0.84798,0.05231,0.0564,133.64,437,489,1068,1228,1149,1399,1589,1425,1426,1426,2022,2020,2019,2018,2018,2018,2018,2143,2122,2638,2524,2986,2965,2983,3417,3417,3614,3745,3808,3742
1688,0.85635,0.8484,0.05231,0.05633,133.72,437,489,1069,1229,1150,1399,1590,1425,1426,1426,2022,2020,2020,2018,2018,2018,2018,2143,2122,2638,2522,2986,2965,2982,3417,3417,3614,3745,3808,3742
1689,0.85635,0.84785,0.05231,0.05643,133.8,437,489,1070,1230,1151,1399,1590,1425,1426,1426,2022,2020,2020,2018,2018,2018,2018,2143,2122,2638,2521,2986,2965,2982,3417,3417,3614,3745,3808,3742
1690,0.85635,0.84849,0.05231,0.05631,133.87,437,489,1071,1231,1151,1399,1591,1425,1426,1426,2022,2020,2020,2018,2018,2018,2018,2143,2121,2638,2519,2986,2965,2982,3417,3417,3614,3745,3808,3742
1691,0.85637,0.84785,0.05231,0.05643,133.95,437,489,1072,1231,1152,1399,1591,1425,1426,1426,2022,2020,2021,2018,2018,2018,2018,2143,2121,2638,2518,2986,2965,2982,3417,3417,3614,3745,3808,3742
1692,0.85639,0.84844,0.05231,0.05632,134.03,437,490,1073,1232,1153,1399,1592,1425,1426,1426,2022,2020,2021,2018,2018,2018,2018,2143,2121,2638,2517,2986,2965,2982,3417,3417,3614,3745,3808,3742
1693,0.85642,0.84799,0.0523,0.0564,134.1,437,490,1074,1233,1153,1399,1592,1425,1426,1426,2022,2020,2021,2018,2018,2018,2018,2143,2121,2638,2515,2986,2965,2982,3417,3417,3614,3745,3808,3742
1694,0.85644,0.84837,0.0523,0.05633,134.18,437,490,1075,1234,1154,1399,1593,1425,1426,1426,2022,2020,2022,2018,2018,2018,2018,2143,2121,2638,2514,2986,2965,2982,3417,3417,3614,3745,3808,3742
1695,0.85646,0.84824,0.05229,0.05636,134.27,437,490,1076,1234,1155,1399,1593,1425,1426,1426,2022,2020,2022,2018,2018,2018,2018,2143,2121,2638,2513,2986,2965,2982,3417,3417,3614,3745,3808,3742
1696,0.85647,0.84823,0.05229,0.05636,134.33,437,490,1077,1235,1155,1399,1594,1425,1426,1426,2022,2020,2022,2018,2018,2018,2018,2143,2121,2638,2512,2986,2965,2982,3417,3417,3614,3745,3808,3742
1697,0.85647,0.84839,0.05229,0.05633,134.4,437,490,1078,1236,1156,1399,1594,1425,1426,1426,2022,2020,2022,2018,2018,2018,2018,2143,2121,2638,2511,2986,2965,2982,3417,3417,3614,3745,3808,3742
1698,0.85646,0.84802,0.05229,0.0564,134.48,437,490,1079,1236,1157,1399,1595,1425,1426,1426,2022,2020,2022,2018,2018,2018,2018,2143,2121,2638,2511,2986,2965,2982,3417,3417,3614,3745,3808,3742
1699,0.85646,0.84852,0.05229,0.0563,134.57,437,490,1080,1237,1157,1399,1595,1425,1426,1426,2022,2020,2023,2018,2018,2018,2018,2143,2121,2638,2510,2986,2965,2982,3417,3417,3614,3745,3808,3742
1700,0.85646,0.84798,0.05229,0.0564,134.64,437,490,1080,1238,1158,1399,1596,1425,1426,1426,2022,2020,2023,2018,2018,2018,2018,2143,2121,2638,2509,2986,2965,2982,3417,3417,3614,3745,3808,3742
1701,0.85647,0.84864,0.05229,0.05628,134.72,437,490,1081,1239,1159,1399,1596,1425,1426,1426,2022,2020,2023,2018,2018,2018,2018,2143,2121,2638,2508,2986,2965,2982,3417,3417,3614,3745,3808,3741
1702,0.85649,0.848,0.05229,0.0564,134.8,437,491,1082,1239,1159,1399,1597,1425,1426,1426,2022,2020,2023,2018,2018,2018,2018,2143,2122,2638,2507,2986,2965,2982,3417,3417,3614,3745,3808,3741
1703,0.8565,0.84859,0.05229,0.05629,134.89,437,491,1083,1240,1160,1399,1598,1425,1426,1426,2022,2020,2023,2018,2018,2018,2018,2143,2121,2638,2506,2986,2965,2982,3417,3417,3614,3745,3808,3741
1704,0.85652,0.84805,0.05228,0.05639,134.97,437,491,1084,1241,1161,1399,1598,1425,1426,1426,2022,2020,2023,2018,2018,2018,2018,2143,2121,2638,2506,2986,2965,2982,3417,3417,3614,3745,3808,3741
1705,0.85654,0.84857,0.05228,0.0563,135.05,437,491,1085,1241,1161,1399,1599,1425,1426,1426,2022,2020,2023,2018,2018,2018,2018,2143,2121,2638,2505,2986,2965,2982,3417,3417,3614,3745,3808,3741
1706,0.85656,0.8482,0.05228,0.05636,135.12,437,491,1086,1242,1162,1399,1599,1425,1426,1426,2022,2020,2022,2018,2018,2018,2018,2143,2121,2638,2504,2986,2965,2982,3417,3417,3614,3745,3808,3741
1707,0.85658,0.84852,0.05227,0.0563,135.2,437,491,1087,1243,1163,1399,1600,1425,1426,1426,2022,2020,2022,2018,2018,2018,2018,2143,2121,2638,2503,2986,2965,2982,3417,3417,3614,3745,3808,3741
1708,0.85659,0.84824,0.05227,0.05636,135.28,437,491,1088,1244,1163,1399,1600,1425,1426,1426,2022,2020,2022,2018,2018,2018,2018,2143,2121,2638,2503,2986,2965,2982,3417,3417,3614,3745,3808,3741
1709,0.85661,0.84846,0.05227,0.05632,135.36,437,491,1089,1244,1164,1399,1601,1425,1427,1426,2022,2020,2022,2018,2018,2018,2018,2143,2121,2638,2502,2986,2965,2982,3417,3417,3614,3745,3808,3741
1710,0.85662,0.84837,0.05226,0.05633,135.45,437,492,1090,1245,1165,1399,1601,1425,1427,1426,2022,2020,2022,2018,2018,2018,2018,2143,2121,2638,2501,2986,2965,2982,3417,3417,3614,3745,3808,3741
1711,0.85663,0.84852,0.05226,0.05631,135.52,437,492,1091,1246,1165,1399,1602,1425,1427,1426,2022,2020,2022,2018,2018,2018,2018,2143,2121,2638,2501,2986,2965,2982,3417,3417,3614,3745,3808,3741
1712,0.85665,0.84843,0.05226,0.05632,135.59,437,492,1092,1246,1166,1399,1602,1425,1427,1426,2022,2020,2022,2018,2018,2018,2018,2143,2121,2638,2500,2986,2965,2982,3417,3417,3614,3745,3808,3741
1713,0.85666,0.84847,0.05226,0.05631,135.67,437,492,1093,1247,1166,1399,1603,1425,1427,1426,2022,2020,2022,2018,2018,2018,2018,2143,2121,2638,2499,2986,2965,2982,3417,3417,3614,3745,3808,3741
1714,0.85667,0.84848,0.05226,0.05631,135.75,437,492,1094,1248,1167,1399,1603,1425,1427,1426,2022,2020,2022,2018,2018,2018,2018,2143,2121,2638,2498,2986,2965,2982,3417,3417,3614,3745,3808,3741
1715,0.85668,0.84849,0.05225,0.05631,135.82,437,492,1095,1249,1168,1399,1604,1425,1427,1426,2022,2020,2022,2018,2018,2018,2018,2143,2121,2638,2498,2986,2965,2982,3417,3417,3614,3745,3808,3741
1716,0.85669,0.84854,0.05225,0.0563,135.89,437,492,1096,1249,1168,1399,1605,1425,1427,1426,2022,2020,2022,2018,2018,2018,2018,2143,2121,2638,2497,2986,2965,2982,3417,3417,3614,3745,3808,3741
1717,0.85671,0.84846,0.05225,0.05632,135.98,437,493,1097,1250,1169,1399,1605,1425,1427,1426,2022,2020,2022,2018,2018,2018,2018,2143,2121,2638,2496,2986,2965,2982,3417,3417,3614,3745,3808,3741
1718,0.85672,0.84854,0.05225,0.0563,136.06,438,493,1097,1251,1170,1399,1606,1425,1428,1426,2022,2020,2021,2018,2018,2018,2018,2143,2121,2638,2496,2986,2965,2982,3417,3417,3614,3745,3808,3741
1719,0.85673,0.84846,0.05224,0.05632,136.15,438,493,1098,1252,1170,1399,1606,1425,1428,1426,2022,2020,2021,2018,2018,2018,2018,2143,2121,2638,2495,2986,2965,2982,3417,3417,3614,3745,3808,3741
1720,0.85674,0.84865,0.05224,0.05628,136.24,438,493,1099,1252,1171,1399,1607,1425,1428,1426,2022,2020,2021,2018,2018,2018,2018,2143,2121,2638,2494,2986,2965,2982,3417,3417,3614,3745,3808,3741
1721,0.85674,0.84843,0.05224,0.05632,136.31,438,493,1100,1253,1172,1399,1607,1425,1428,1426,2022,2020,2021,2018,2018,2018,2018,2143,2121,2638,2493,2986,2965,2982,3417,3417,3614,3745,3808,3741
1722,0.85674,0.84875,0.05224,0.05626,136.39,438,493,1101,1254,1172,1399,1608,1425,1428,1426,2022,2020,2021,2018,2018,2018,2018,2143,2121,2638,2493,2986,2965,2982,3417,3417,3614,3745,3808,3741
1723,0.85674,0.84827,0.05224,0.05635,136.49,438,493,1102,1254,1173,1399,1608,1425,1428,1426,2022,2020,2021,2018,2018,2018,2018,2143,2121,2638,2492,2986,2965,2982,3417,3417,3614,3745,3808,3741
1724,0.85672,0.8489,0.05225,0.05623,136.56,438,493,1103,1255,1174,1399,1609,1425,1428,1426,2022,2020,2021,2018,2018,2018,2018,2143,2121,2638,2491,2986,2965,2982,3417,3417,3614,3745,3808,3741
1725,0.8567,0.84807,0.05225,0.05639,136.64,438,494,1104,1256,1174,1399,1609,1425,1429,1426,2022,2020,2021,2018,2018,2018,2018,2143,2121,2638,2490,2986,2965,2982,3417,3417,3614,3745,3808,3741
1726,0.85664,0.84907,0.05226,0.0562,136.71,438,494,1105,1256,1175,1399,1610,1425,1429,1426,2022,2020,2021,2018,2018,2018,2018,2143,2121,2638,2489,2986,2965,2981,3417,3417,3614,3745,3808,3741
1727,0.85657,0.84766,0.05227,0.05646,136.79,438,494,1106,1257,1176,1399,1611,1425,1429,1426,2022,2020,2021,2018,2018,2018,2018,2143,2122,2638,2488,2986,2965,2982,3417,3417,3614,3745,3808,3741
1728,0.85645,0.84916,0.0523,0.05618,136.87,438,494,1107,1258,1176,1399,1611,1425,1429,1426,2022,2020,2021,2018,2018,2018,2018,2143,2122,2638,2487,2986,2965,2981,3417,3417,3614,3745,3808,3741
1729,0.85633,0.84711,0.05232,0.05657,136.94,438,494,1108,1259,1177,1399,1612,1425,1429,1426,2022,2020,2021,2018,2018,2018,2018,2143,2122,2638,2486,2986,2965,2982,3417,3417,3614,3745,3808,3741
1730,0.85622,0.84921,0.05234,0.05618,137.02,438,494,1109,1259,1178,1399,1612,1425,1429,1426,2022,2020,2021,2018,2018,2018,2017,2143,2121,2638,2485,2986,2965,2981,3417,3417,3614,3744,3808,3741
1731,0.85617,0.84678,0.05235,0.05663,137.09,438,494,1110,1260,1178,1399,1613,1425,1429,1427,2022,2020,2021,2018,2018,2018,2018,2143,2122,2638,2484,2986,2965,2982,3417,3417,3614,3745,3808,3741
1732,0.8562,0.84922,0.05234,0.05617,137.17,438,495,1111,1261,1179,1399,1613,1425,1430,1427,2022,2020,2021,2018,2018,2018,2017,2143,2122,2638,2483,2986,2965,2981,3417,3417,3614,3744,3808,3741
1733,0.85637,0.84714,0.05231,0.05656,137.25,438,495,1111,1261,1180,1399,1614,1425,1430,1427,2022,2020,2021,2018,2018,2018,2018,2143,2122,2638,2482,2986,2965,2982,3417,3417,3614,3745,3808,3741
1734,0.85659,0.84919,0.05227,0.05618,137.32,438,495,1112,1262,1180,1399,1615,1425,1430,1427,2022,2020,2021,2018,2018,2017,2017,2143,2121,2638,2481,2986,2965,2982,3417,3417,3614,3745,3808,3741
1735,0.8568,0.84808,0.05223,0.05639,137.39,438,495,1113,1263,1181,1399,1615,1425,1430,1427,2022,2020,2021,2018,2018,2018,2017,2143,2121,2638,2480,2986,2965,2982,3417,3417,3614,3745,3808,3741
1736,0.85691,0.84881,0.05221,0.05625,137.47,438,495,1114,1264,1182,1399,1616,1425,1430,1428,2022,2020,2021,2018,2018,2018,2017,2143,2122,2638,2479,2986,2965,2982,3417,3417,3614,3745,3808,3741
1737,0.85691,0.84889,0.05221,0.05624,137.56,438,495,1115,1264,1182,1399,1616,1425,1430,1428,2022,2020,2021,2018,2018,2018,2017,2143,2122,2638,2478,2986,2965,2982,3417,3417,3614,3745,3808,3741
1738,0.85683,0.84816,0.05223,0.05637,137.63,438,495,1116,1265,1183,1399,1617,1425,1430,1428,2022,2020,2021,2018,2018,2018,2018,2143,2122,2638,2476,2986,2965,2982,3417,3417,3614,3745,3808,3741
1739,0.8567,0.84928,0.05225,0.05616,137.7,438,495,1117,1266,1183,1399,1618,1425,1430,1428,2022,2020,2021,2018,2018,2018,2018,2143,2122,2638,2475,2986,2965,2982,3417,3417,3614,3745,3808,3741
1740,0.85659,0.8476,0.05227,0.05648,137.79,439,495,1118,1266,1184,1399,1618,1425,1431,1429,2022,2020,2021,2018,2018,2018,2018,2143,2122,2638,2474,2986,2965,2982,3417,3417,3614,3745,3808,3741
1741,0.85655,0.84935,0.05228,0.05615,137.87,439,496,1119,1267,1185,1399,1619,1425,1431,1429,2022,2020,2021,2018,2018,2018,2018,2143,2121,2638,2472,2986,2965,2982,3417,3417,3614,3744,3808,3741
1742,0.85661,0.84756,0.05227,0.05648,137.94,439,496,1120,1268,1185,1399,1619,1425,1431,1429,2022,2020,2021,2018,2018,2018,2018,2143,2122,2638,2471,2986,2965,2982,3417,3417,3614,3745,3808,3741
1743,0.85674,0.84929,0.05224,0.05616,138.02,439,496,1121,1269,1186,1399,1620,1425,1431,1429,2022,2020,2021,2018,2018,2018,2018,2143,2122,2638,2470,2986,2965,2982,3417,3417,3614,3745,3808,3741
1744,0.85689,0.84821,0.05221,0.05636,138.1,439,496,1121,1269,1187,1399,1621,1425,1431,1430,2022,2020,2021,2018,2018,2018,2018,2143,2122,2638,2468,2986,2965,2982,3417,3417,3614,3745,3808,3741
1745,0.857,0.84907,0.0522,0.0562,138.18,439,496,1122,1270,1187,1399,1621,1425,1431,1430,2022,2020,2021,2018,2018,2018,2018,2143,2122,2638,2467,2986,2965,2982,3417,3417,3614,3745,3808,3741
1746,0.85704,0.8489,0.05219,0.05623,138.26,439,496,1123,1271,1188,1399,1622,1425,1431,1430,2022,2020,2021,2018,2018,2018,2018,2143,2121,2638,2465,2986,2965,2982,3417,3417,3614,3745,3808,3741
1747,0.85701,0.84856,0.05219,0.0563,138.36,439,496,1124,1271,1189,1399,1623,1425,1432,1431,2022,2020,2021,2018,2018,2018,2018,2143,2121,2638,2464,2986,2965,2982,3417,3417,3614,3745,3808,3741
1748,0.85696,0.84925,0.0522,0.05617,138.44,439,496,1125,1272,1189,1399,1623,1425,1432,1431,2022,2020,2021,2018,2018,2018,2017,2143,2121,2638,2462,2986,2965,2982,3417,3417,3614,3745,3808,3741
1749,0.85692,0.84817,0.05221,0.05637,138.54,439,497,1126,1273,1190,1399,1624,1425,1432,1431,2022,2020,2021,2018,2018,2018,2018,2143,2121,2638,2460,2986,2965,2982,3417,3417,3614,3745,3808,3741
1750,0.85691,0.84934,0.05221,0.05615,138.63,439,497,1127,1273,1191,1399,1624,1425,1432,1432,2022,2020,2021,2018,2018,2018,2017,2143,2121,2638,2459,2986,2965,2982,3417,3417,3614,3745,3808,3741
1751,0.85695,0.8482,0.0522,0.05636,138.72,439,497,1128,1274,1191,1399,1625,1425,1432,1432,2022,2020,2021,2018,2018,2018,2018,2143,2122,2638,2457,2986,2965,2982,3417,3417,3614,3745,3808,3741
1752,0.85701,0.84929,0.05219,0.05616,138.81,439,497,1129,1275,1192,1399,1626,1425,1432,1432,2022,2020,2021,2018,2018,2018,2018,2143,2122,2638,2455,2986,2965,2982,3417,3417,3614,3745,3808,3740
1753,0.85708,0.84857,0.05218,0.0563,138.9,439,497,1130,1276,1193,1399,1626,1425,1432,1432,2022,2020,2021,2018,2018,2018,2018,2143,2122,2638,2454,2986,2965,2982,3417,3417,3614,3745,3808,3740
1754,0.85713,0.84908,0.05217,0.0562,138.98,439,497,1131,1276,1193,1399,1627,1425,1433,1433,2022,2020,2021,2018,2018,2018,2018,2143,2122,2638,2452,2986,2965,2982,3417,3417,3614,3745,3808,3740
1755,0.85715,0.84897,0.05217,0.05622,139.06,439,497,1132,1277,1194,1399,1628,1425,1433,1433,2022,2020,2021,2018,2018,2018,2018,2143,2122,2638,2450,2986,2965,2982,3417,3417,3614,3745,3808,3740
1756,0.85716,0.84885,0.05217,0.05624,139.15,439,498,1133,1278,1194,1399,1628,1425,1433,1433,2022,2020,2021,2018,2018,2018,2018,2143,2122,2638,2448,2986,2965,2982,3417,3417,3614,3745,3808,3740
1757,0.85714,0.84926,0.05217,0.05617,139.25,439,498,1133,1278,1195,1399,1629,1425,1433,1434,2022,2020,2021,2018,2018,2018,2018,2143,2121,2638,2446,2986,2965,2982,3417,3417,3614,3745,3808,3740
1758,0.85713,0.84861,0.05217,0.05629,139.32,439,498,1134,1279,1196,1399,1630,1425,1433,1434,2022,2020,2021,2018,2018,2018,2018,2143,2121,2638,2444,2986,2965,2982,3417,3417,3614,3745,3808,3740
1759,0.85712,0.84934,0.05217,0.05615,139.41,439,498,1135,1280,1196,1399,1630,1425,1433,1434,2022,2020,2021,2018,2018,2018,2018,2143,2121,2638,2442,2986,2965,2982,3417,3417,3614,3744,3808,3740
1760,0.85713,0.84851,0.05217,0.05631,139.51,439,498,1136,1281,1197,1399,1631,1425,1433,1435,2022,2020,2021,2018,2018,2018,2018,2143,2121,2638,2440,2986,2965,2982,3417,3417,3614,3745,3808,3740
1761,0.85716,0.84939,0.05217,0.05614,139.6,439,498,1137,1281,1198,1399,1632,1425,1434,1435,2022,2020,2021,2018,2018,2018,2018,2143,2121,2638,2438,2986,2965,2982,3417,3417,3614,3744,3808,3740
1762,0.8572,0.84873,0.05216,0.05627,139.69,439,498,1138,1282,1198,1399,1632,1425,1434,1435,2022,2020,2021,2018,2018,2018,2018,2143,2121,2638,2436,2986,2965,2982,3417,3417,3614,3745,3808,3740
1763,0.85723,0.84929,0.05215,0.05616,139.79,439,498,1139,1283,1199,1399,1633,1425,1434,1436,2022,2020,2021,2018,2018,2018,2018,2143,2122,2638,2434,2986,2965,2982,3417,3417,3614,3744,3808,3740
1764,0.85727,0.84897,0.05215,0.05622,139.88,439,499,1140,1283,1200,1399,1634,1425,1434,1436,2022,2020,2021,2018,2018,2018,2018,2143,2122,2638,2432,2986,2965,2982,3417,3417,3614,3745,3808,3740
1765,0.85728,0.84909,0.05214,0.0562,139.96,439,499,1141,1284,1200,1399,1634,1425,1434,1436,2022,2020,2021,2018,2018,2018,2018,2143,2122,2638,2430,2986,2965,2982,3417,3417,3614,3745,3808,3740
1766,0.85729,0.84922,0.05214,0.05617,140.06,439,499,1142,1285,1201,1399,1635,1425,1434,1437,2022,2020,2021,2018,2018,2018,2018,2143,2122,2638,2428,2986,2965,2982,3417,3417,3614,3744,3808,3740
1767,0.8573,0.84895,0.05214,0.05622,140.16,440,499,1143,1285,1202,1399,1636,1425,1434,1437,2022,2020,2021,2018,2018,2018,2018,2143,2122,2638,2426,2986,2965,2982,3417,3417,3614,3745,3808,3740
1768,0.8573,0.84935,0.05214,0.05615,140.25,440,499,1144,1286,1202,1399,1637,1425,1435,1437,2022,2020,2021,2018,2018,2018,2018,2143,2121,2638,2424,2986,2965,2982,3417,3417,3614,3744,3808,3740
1769,0.8573,0.84881,0.05214,0.05625,140.34,440,499,1145,1287,1203,1399,1637,1425,1435,1438,2022,2020,2021,2018,2018,2018,2018,2143,2121,2638,2422,2986,2965,2982,3417,3417,3614,3745,3808,3740
1770,0.8573,0.84946,0.05214,0.05613,140.43,440,499,1146,1288,1203,1399,1638,1425,1435,1438,2022,2020,2021,2018,2018,2018,2018,2143,2121,2638,2420,2986,2965,2981,3417,3417,3614,3744,3808,3740
1771,0.85731,0.84882,0.05214,0.05625,140.52,440,500,1147,1288,1204,1399,1639,1425,1435,1438,2022,2020,2021,2018,2018,2018,2018,2143,2121,2638,2418,2986,2965,2982,3417,3417,3614,3744,3808,3740
1772,0.85732,0.84954,0.05214,0.05612,140.59,440,500,1148,1289,1205,1399,1639,1425,1435,1439,2022,2020,2021,2018,2018,2018,2018,2143,2121,2638,2416,2986,2965,2981,3417,3417,3614,3744,3808,3740
1773,0.85735,0.84887,0.05213,0.05624,140.69,440,500,1149,1290,1205,1399,1640,1425,1435,1439,2022,2020,2021,2018,2018,2018,2018,2143,2121,2638,2414,2986,2965,2982,3417,3417,3614,3744,3808,3740
1774,0.85737,0.84949,0.05213,0.05612,140.78,440,500,1150,1290,1206,1399,1641,1425,1435,1439,2022,2020,2021,2018,2018,2018,2018,2143,2122,2638,2412,2986,2965,2981,3417,3417,3614,3744,3808,3740
1775,0.8574,0.849,0.05212,0.05622,140.86,440,500,1151,1291,1207,1399,1642,1425,1436,1440,2022,2020,2021,2018,2018,2018,2018,2143,2122,2638,2410,2986,2965,2982,3417,3417,3614,3744,3808,3740
1776,0.85742,0.84944,0.05212,0.05613,140.94,440,500,1152,1292,1207,1399,1642,1425,1436,1440,2022,2020,2021,2018,2018,2018,2018,2143,2122,2638,2408,2986,2965,2981,3417,3417,3614,3744,3808,3740
1777,0.85744,0.84916,0.05211,0.05619,141.03,440,500,1153,1292,1208,1399,1643,1425,1436,1440,2022,2020,2021,2018,2018,2018,2018,2143,2122,2638,2405,2986,2965,2981,3417,3417,3614,3744,3808,3740
1778,0.85746,0.84936,0.05211,0.05615,141.12,440,501,1154,1293,1209,1399,1644,1425,1436,1440,2022,2020,2021,2018,2018,2018,2018,2143,2122,2638,2403,2986,2965,2981,3417,3417,3614,3744,3808,3740
1779,0.85748,0.84928,0.05211,0.05616,141.21,440,501,1155,1294,1209,1399,1645,1425,1436,1441,2022,2020,2021,2018,2018,2018,2018,2143,2121,2638,2401,2986,2965,2981,3417,3417,3614,3744,3808,3740
1780,0.85749,0.84928,0.05211,0.05616,141.3,440,501,1156,1295,1210,1399,1645,1425,1436,1441,2022,2020,2021,2018,2018,2018,2018,2143,2121,2638,2399,2986,2965,2981,3417,3417,3614,3744,3808,3740
1781,0.8575,0.8494,0.0521,0.05614,141.4,440,501,1157,1295,1211,1399,1646,1425,1436,1441,2022,2020,2021,2018,2018,2018,2018,2143,2121,2638,2397,2986,2965,2981,3417,3417,3614,3744,3808,3740
1782,0.85751,0.84923,0.0521,0.05617,141.49,440,501,1157,1296,1211,1399,1647,1425,1437,1442,2022,2020,2021,2018,2018,2018,2018,2143,2121,2638,2395,2986,2965,2981,3417,3417,3614,3744,3808,3740
1783,0.85752,0.84945,0.0521,0.05613,141.57,440,501,1158,1297,1212,1399,1648,1425,1437,1442,2022,2020,2021,2018,2018,2018,2018,2143,2121,2638,2393,2986,2965,2981,3417,3417,3614,3744,3808,3740
1784,0.85753,0.84918,0.0521,0.05618,141.66,440,501,1159,1297,1212,1399,1648,1425,1437,1442,2022,2020,2021,2018,2018,2018,2018,2143,2121,2638,2392,2986,2965,2981,3417,3417,3614,3744,3808,3740
1785,0.85753,0.84956,0.0521,0.05611,141.75,440,501,1160,1298,1213,1399,1649,1425,1437,1443,2022,2020,2021,2018,2018,2018,2018,2143,2121,2638,2390,2986,2965,2981,3417,3417,3614,3744,3808,3740
1786,0.85754,0.84919,0.0521,0.05618,141.84,440,502,1161,1299,1214,1399,1650,1425,1437,1443,2022,2020,2021,2018,2018,2018,2018,2143,2121,2638,2388,2986,2965,2981,3417,3417,3614,3744,3808,3740
1787,0.85755,0.84964,0.05209,0.0561,141.93,440,502,1162,1299,1214,1399,1650,1425,1437,1443,2022,2020,2021,2018,2018,2018,2018,2143,2121,2638,2386,2986,2965,2981,3417,3417,3614,3744,3808,3740
1788,0.85756,0.84916,0.05209,0.05619,142.03,440,502,1163,1300,1215,1399,1651,1425,1437,1444,2022,2020,2021,2018,2018,2018,2018,2143,2122,2638,2384,2986,2965,2981,3417,3417,3614,3744,3808,3740
1789,0.85757,0.84968,0.05209,0.05609,142.11,440,502,1164,1301,1216,1399,1652,1425,1437,1444,2022,2020,2021,2018,2018,2018,2018,2143,2122,2638,2382,2986,2965,2981,3417,3417,3614,3744,3808,3740
1790,0.85758,0.84917,0.05209,0.05618,142.21,440,502,1165,1302,1216,1399,1653,1425,1438,1444,2022,2020,2021,2018,2018,2018,2018,2143,2122,2638,2381,2986,2965,2981,3417,3417,3614,3744,3808,3740
1791,0.85759,0.84972,0.05209,0.05608,142.31,440,502,1166,1302,1217,1399,1653,1425,1438,1445,2022,2020,2021,2018,2018,2018,2018,2143,2122,2638,2379,2986,2965,2981,3417,3417,3614,3744,3808,3740
1792,0.85761,0.84921,0.05208,0.05618,142.39,440,503,1167,1303,1218,1399,1654,1425,1438,1445,2022,2020,2021,2018,2018,2018,2018,2143,2122,2638,2377,2986,2965,2981,3417,3417,3614,3744,3808,3740
1793,0.85762,0.84972,0.05208,0.05608,142.48,440,503,1168,1304,1218,1399,1655,1425,1438,1445,2022,2020,2021,2018,2018,2018,2018,2143,2121,2638,2375,2986,2965,2981,3417,3417,3614,3744,3808,3740
1794,0.85764,0.84926,0.05208,0.05617,142.57,440,503,1169,1304,1219,1399,1656,1425,1438,1445,2022,2020,2021,2018,2018,2018,2018,2143,2121,2638,2374,2986,2965,2981,3417,3417,3614,3744,3808,3740
1795,0.85765,0.84973,0.05208,0.05608,142.65,440,503,1170,1305,1219,1399,1656,1425,1438,1446,2022,2020,2021,2018,2018,2018,2018,2143,2121,2638,2372,2986,2965,2981,3417,3417,3614,3744,3808,3740
1796,0.85767,0.84934,0.05207,0.05615,142.76,440,503,1171,1306,1220,1399,1657,1425,1438,1446,2022,2020,2021,2018,2018,2018,2018,2143,2121,2638,2370,2986,2965,2981,3417,3417,3614,3744,3808,3740
1797,0.85768,0.84975,0.05207,0.05608,142.85,440,503,1172,1306,1221,1399,1658,1425,1439,1446,2022,2020,2021,2018,2018,2018,2018,2143,2121,2638,2368,2986,2965,2981,3417,3417,3614,3744,3808,3740
1798,0.85769,0.84939,0.05207,0.05614,142.95,440,503,1173,1307,1221,1399,1659,1425,1439,1447,2022,2020,2021,2018,2018,2018,2018,2143,2121,2638,2367,2986,2965,2981,3417,3417,3614,3744,3808,3740
1799,0.85771,0.84976,0.05207,0.05607,143.04,440,504,1174,1308,1222,1399,1659,1425,1439,1447,2022,2020,2021,2018,2018,2018,2018,2143,2122,2638,2365,2986,2965,2981,3417,3417,3614,3744,3808,3740
1800,0.85772,0.84943,0.05206,0.05614,143.12,440,504,1175,1308,1223,1399,1660,1425,1439,1447,2022,2020,2021,2018,2018,2018,2018,2143,2122,2638,2363,2986,2965,2981,3417,3417,3614,3744,3808,3740
1801,0.85773,0.84978,0.05206,0.05607,143.21,440,504,1175,1309,1223,1399,1661,1425,1439,1447,2022,2020,2021,2018,2018,2018,2018,2143,2122,2638,2362,2986,2965,2981,3417,3417,3614,3744,3808,3740
1802,0.85774,0.84949,0.05206,0.05612,143.29,440,504,1176,1310,1224,1399,1662,1425,1439,1448,2022,2020,2021,2018,2018,2018,2018,2143,2122,2638,2360,2986,2965,2982,3417,3417,3614,3744,3808,3740
1803,0.85775,0.8498,0.05206,0.05607,143.37,440,504,1177,1310,1224,1399,1662,1425,1439,1448,2022,2020,2021,2018,2018,2018,2018,2143,2122,2638,2359,2986,2965,2981,3417,3417,3614,3744,3808,3740
1804,0.85776,0.84952,0.05206,0.05612,143.47,440,504,1178,1311,1225,1399,1663,1425,1440,1448,2022,2020,2021,2018,2018,2018,2018,2143,2122,2638,2357,2986,2965,2982,3417,3417,3614,3744,3808,3740
1805,0.85777,0.8498,0.05205,0.05607,143.57,440,504,1179,1312,1226,1399,1664,1425,1440,1449,2022,2020,2021,2018,2018,2018,2018,2143,2122,2638,2356,2986,2965,2982,3417,3417,3614,3744,3808,3740
1806,0.85778,0.84955,0.05205,0.05611,143.65,440,505,1180,1313,1226,1399,1665,1425,1440,1449,2022,2020,2021,2018,2018,2018,2018,2143,2121,2638,2354,2986,2965,2982,3417,3417,3614,3744,3808,3740
1807,0.85779,0.8498,0.05205,0.05607,143.73,440,505,1181,1313,1227,1399,1665,1425,1440,1449,2022,2020,2021,2018,2018,2018,2018,2143,2121,2638,2353,2986,2965,2982,3417,3417,3614,3744,3808,3739
1808,0.8578,0.84956,0.05205,0.05611,143.81,440,505,1182,1314,1228,1399,1666,1425,1440,1450,2022,2020,2021,2018,2018,2018,2018,2143,2121,2638,2351,2986,2965,2982,3417,3417,3614,3744,3808,3739
1809,0.8578,0.84982,0.05205,0.05606,143.9,440,505,1183,1315,1228,1399,1667,1425,1440,1450,2022,2020,2021,2018,2018,2018,2018,2143,2121,2638,2350,2986,2965,2982,3417,3417,3614,3744,3808,3739
1810,0.85781,0.84954,0.05205,0.05611,143.99,440,505,1184,1315,1229,1399,1668,1425,1440,1450,2022,2020,2021,2018,2018,2018,2018,2143,2121,2638,2349,2986,2965,2982,3417,3417,3614,3744,3808,3739
1811,0.85781,0.84989,0.05205,0.05605,144.08,440,505,1185,1316,1230,1399,1668,1425,1440,1450,2022,2020,2021,2018,2018,2018,2018,2143,2121,2638,2347,2986,2965,2982,3417,3417,3614,3744,3808,3739
1812,0.85781,0.84948,0.05205,0.05613,144.16,440,506,1186,1317,1230,1399,1669,1425,1441,1451,2022,2020,2021,2018,2018,2018,2018,2143,2121,2638,2346,2986,2965,2982,3417,3417,3614,3744,3808,3739
1813,0.85781,0.84997,0.05205,0.05603,144.24,440,506,1187,1317,1231,1399,1670,1425,1441,1451,2022,2020,2021,2018,2018,2018,2018,2143,2121,2638,2345,2986,2965,2982,3417,3417,3614,3744,3808,3739
1814,0.8578,0.84937,0.05205,0.05615,144.32,440,506,1188,1318,1231,1399,1670,1425,1441,1451,2022,2020,2021,2018,2018,2018,2018,2143,2122,2638,2343,2986,2965,2982,3417,3417,3614,3744,3808,3739
1815,0.85779,0.85005,0.05205,0.05602,144.41,440,506,1188,1319,1232,1399,1671,1425,1441,1452,2022,2020,2021,2018,2018,2018,2018,2143,2121,2638,2342,2986,2965,2982,3417,3417,3614,3744,3808,3739
1816,0.85777,0.84921,0.05205,0.05618,144.5,441,506,1189,1319,1233,1399,1672,1425,1441,1452,2022,2020,2021,2018,2018,2018,2018,2143,2122,2638,2341,2986,2965,2982,3417,3417,3614,3744,3808,3739
1817,0.85774,0.85015,0.05206,0.056,144.58,441,506,1190,1320,1233,1399,1673,1425,1441,1452,2022,2020,2021,2018,2018,2018,2018,2143,2122,2638,2339,2986,2964,2982,3417,3417,3614,3744,3808,3739
1818,0.85772,0.849,0.05206,0.05621,144.67,441,507,1191,1321,1234,1399,1673,1425,1441,1452,2022,2020,2021,2018,2018,2018,2018,2143,2122,2638,2338,2986,2965,2982,3417,3417,3614,3744,3808,3739
1819,0.85766,0.85025,0.05207,0.05598,144.76,441,507,1192,1322,1235,1399,1674,1425,1441,1453,2022,2020,2021,2018,2018,2018,2017,2143,2122,2638,2337,2986,2964,2982,3417,3417,3614,3744,3808,3739
1820,0.8576,0.84868,0.05209,0.05627,144.86,441,507,1193,1322,1235,1399,1675,1425,1442,1453,2022,2020,2021,2018,2018,2018,2018,2143,2122,2638,2336,2986,2965,2982,3417,3417,3614,3744,3808,3739
1821,0.8575,0.85032,0.0521,0.05597,144.95,441,507,1194,1323,1236,1399,1676,1425,1442,1453,2022,2020,2021,2018,2018,2018,2017,2143,2122,2638,2334,2986,2964,2981,3417,3417,3614,3744,3808,3739
1822,0.8574,0.84826,0.05212,0.05635,145.03,441,507,1195,1324,1236,1399,1676,1425,1442,1454,2022,2020,2021,2018,2018,2018,2018,2143,2122,2638,2333,2986,2965,2982,3417,3417,3614,3744,3808,3739
1823,0.85729,0.85036,0.05214,0.05596,145.11,441,507,1196,1324,1237,1399,1677,1425,1442,1454,2022,2020,2021,2018,2018,2017,2017,2143,2122,2638,2331,2986,2964,2981,3417,3417,3614,3744,3808,3739
1824,0.85721,0.84788,0.05216,0.05642,145.19,441,508,1197,1325,1238,1399,1678,1425,1442,1454,2022,2021,2021,2018,2018,2018,2018,2143,2122,2638,2330,2986,2965,2982,3417,3417,3614,3744,3808,3739
1825,0.8572,0.85035,0.05216,0.05596,145.27,441,508,1198,1326,1238,1399,1679,1425,1442,1455,2022,2020,2021,2018,2017,2017,2017,2143,2122,2638,2328,2986,2964,2981,3417,3417,3614,3744,3808,3739
1826,0.8573,0.84801,0.05214,0.0564,145.36,441,508,1199,1326,1239,1399,1679,1425,1442,1455,2022,2020,2021,2018,2018,2018,2017,2143,2122,2638,2327,2986,2965,2982,3417,3417,3614,3744,3808,3739
1827,0.85747,0.85034,0.05211,0.05597,145.45,441,508,1200,1327,1240,1399,1680,1425,1442,1455,2022,2020,2021,2018,2017,2017,2017,2143,2121,2638,2326,2986,2964,2982,3417,3417,3614,3744,3808,3739
1828,0.8577,0.84881,0.05207,0.05625,145.54,441,508,1200,1328,1240,1399,1681,1425,1443,1455,2022,2020,2021,2018,2018,2018,2017,2143,2122,2638,2325,2986,2965,2982,3417,3417,3614,3744,3808,3739
1829,0.85788,0.85011,0.05203,0.05601,145.62,441,508,1201,1328,1241,1399,1681,1425,1443,1456,2022,2020,2021,2018,2017,2017,2017,2143,2122,2638,2324,2986,2965,2982,3417,3417,3614,3744,3808,3739
1830,0.85796,0.84974,0.05202,0.05608,145.7,441,509,1202,1329,1241,1399,1682,1425,1443,1456,2022,2020,2021,2018,2018,2018,2017,2143,2122,2638,2323,2986,2965,2982,3417,3417,3614,3744,3808,3739
1831,0.85794,0.84952,0.05202,0.05612,145.79,441,509,1203,1330,1242,1399,1683,1425,1443,1456,2022,2020,2021,2018,2018,2018,2018,2143,2122,2638,2322,2986,2965,2982,3417,3417,3614,3744,3808,3739
1832,0.85785,0.85024,0.05204,0.05598,145.87,441,509,1204,1330,1243,1399,1683,1425,1443,1457,2022,2020,2021,2018,2018,2018,2018,2143,2122,2638,2321,2986,2965,2982,3417,3417,3614,3744,3808,3739
1833,0.85775,0.84889,0.05206,0.05624,145.95,441,509,1205,1331,1243,1399,1684,1425,1443,1457,2022,2020,2021,2018,2018,2018,2018,2143,2122,2638,2320,2986,2965,2982,3417,3417,3614,3744,3808,3739
1834,0.8577,0.85034,0.05207,0.05596,146.04,441,509,1206,1332,1244,1399,1685,1425,1443,1457,2022,2020,2021,2018,2018,2018,2018,2143,2121,2638,2319,2986,2965,2982,3417,3417,3614,3744,3807,3738
1835,0.85772,0.84876,0.05206,0.05626,146.13,441,509,1207,1332,1245,1399,1685,1425,1444,1457,2022,2020,2021,2018,2018,2018,2018,2143,2121,2638,2318,2986,2965,2982,3417,3417,3614,3744,3807,3739
1836,0.8578,0.85033,0.05205,0.05597,146.22,441,509,1208,1333,1245,1399,1686,1425,1444,1458,2022,2020,2021,2018,2018,2018,2018,2143,2121,2638,2317,2986,2965,2982,3417,3417,3614,3744,3807,3738
1837,0.85791,0.84921,0.05203,0.05618,146.3,441,510,1209,1334,1246,1399,1687,1425,1444,1458,2022,2020,2021,2018,2018,2018,2018,2143,2122,2638,2317,2986,2965,2982,3417,3417,3614,3744,3807,3738
1838,0.85801,0.85008,0.05201,0.05601,146.39,441,510,1209,1334,1246,1399,1688,1425,1444,1458,2022,2020,2021,2018,2018,2018,2018,2143,2122,2638,2316,2986,2965,2982,3417,3417,3614,3744,3807,3738
1839,0.85806,0.84982,0.052,0.05606,146.47,441,510,1210,1335,1247,1399,1688,1425,1444,1459,2022,2020,2021,2018,2018,2018,2018,2143,2122,2638,2315,2986,2965,2982,3417,3417,3614,3744,3807,3738
1840,0.85805,0.84965,0.052,0.05609,146.56,441,510,1211,1336,1248,1399,1689,1425,1444,1459,2022,2020,2021,2018,2018,2018,2018,2143,2122,2638,2314,2986,2965,2982,3417,3417,3614,3744,3807,3738
1841,0.858,0.85024,0.05201,0.05598,146.64,441,510,1212,1336,1248,1399,1690,1425,1445,1459,2022,2020,2021,2018,2018,2018,2017,2143,2122,2638,2313,2986,2965,2982,3417,3417,3614,3744,3807,3738
1842,0.85796,0.84928,0.05202,0.05616,146.72,441,510,1213,1337,1249,1399,1690,1425,1445,1460,2022,2020,2021,2018,2018,2018,2018,2143,2122,2638,2312,2986,2965,2982,3417,3417,3614,3744,3807,3738
1843,0.85795,0.85031,0.05202,0.05597,146.8,441,511,1214,1338,1250,1399,1691,1425,1445,1460,2022,2020,2021,2018,2018,2018,2017,2143,2121,2638,2312,2986,2965,2982,3417,3417,3614,3744,3807,3738
1844,0.85798,0.84924,0.05202,0.05617,146.89,441,511,1215,1338,1250,1399,1692,1425,1445,1460,2022,2020,2021,2018,2018,2018,2018,2143,2121,2638,2311,2986,2965,2982,3417,3417,3614,3744,3807,3738
1845,0.85803,0.85022,0.05201,0.05599,146.97,441,511,1216,1339,1251,1399,1692,1425,1445,1461,2022,2020,2021,2018,2018,2018,2017,2143,2121,2638,2310,2986,2965,2982,3417,3417,3614,3744,3807,3738
1846,0.85809,0.8496,0.052,0.0561,147.06,441,511,1217,1340,1251,1399,1693,1425,1445,1461,2022,2020,2021,2018,2018,2018,2018,2143,2121,2638,2310,2986,2965,2982,3417,3417,3614,3744,3807,3738
1847,0.85812,0.85004,0.05199,0.05602,147.15,441,511,1218,1340,1252,1399,1694,1425,1445,1461,2022,2020,2021,2018,2018,2018,2018,2143,2121,2638,2309,2986,2965,2982,3417,3417,3614,3744,3807,3738
1848,0.85813,0.84997,0.05199,0.05603,147.23,441,512,1218,1341,1253,1399,1695,1425,1445,1462,2022,2020,2021,2018,2018,2018,2018,2143,2122,2638,2308,2986,2965,2982,3417,3417,3614,3744,3807,3738
1849,0.85813,0.84971,0.05199,0.05608,147.32,442,512,1219,1342,1253,1399,1695,1425,1446,1462,2022,2020,2021,2018,2018,2018,2018,2143,2122,2638,2308,2986,2965,2982,3417,3417,3614,3744,3807,3738
1850,0.85811,0.85017,0.05199,0.056,147.4,442,512,1220,1342,1254,1399,1696,1425,1446,1462,2022,2020,2021,2018,2018,2018,2018,2143,2122,2638,2307,2986,2965,2982,3417,3417,3614,3744,3807,3738
1851,0.8581,0.84953,0.05199,0.05612,147.48,442,512,1221,1343,1255,1399,1697,1425,1446,1462,2022,2020,2021,2018,2018,2018,2018,2143,2122,2638,2307,2986,2965,2982,3417,3417,3614,3744,3807,3738
1852,0.8581,0.85025,0.05199,0.05598,147.57,442,512,1222,1344,1255,1399,1697,1425,1446,1463,2022,2020,2021,2018,2018,2018,2018,2143,2122,2638,2306,2986,2965,2982,3417,3417,3614,3744,3807,3738
1853,0.85812,0.84954,0.05199,0.05611,147.67,442,512,1223,1344,1256,1399,1698,1425,1446,1463,2022,2020,2021,2018,2018,2018,2018,2143,2122,2638,2305,2986,2965,2982,3417,3417,3614,3744,3807,3738
1854,0.85814,0.85019,0.05199,0.05599,147.76,442,513,1224,1345,1256,1399,1699,1425,1446,1464,2022,2020,2021,2018,2018,2018,2018,2143,2121,2638,2305,2986,2965,2982,3417,3417,3614,3744,3807,3738
1855,0.85816,0.84969,0.05198,0.05609,147.85,442,513,1225,1346,1257,1399,1699,1425,1446,1464,2022,2020,2021,2018,2018,2018,2018,2143,2121,2638,2304,2986,2965,2982,3417,3417,3614,3744,3807,3738
1856,0.85818,0.85005,0.05198,0.05602,147.96,442,513,1226,1346,1258,1399,1700,1425,1446,1464,2022,2020,2021,2018,2018,2018,2018,2143,2121,2638,2303,2986,2965,2982,3417,3417,3614,3744,3806,3738
1857,0.85819,0.84994,0.05198,0.05604,148.04,442,513,1226,1347,1258,1399,1701,1425,1447,1465,2022,2020,2021,2018,2018,2018,2018,2143,2121,2638,2303,2986,2965,2982,3417,3417,3614,3744,3806,3738
1858,0.8582,0.84994,0.05198,0.05604,148.12,442,513,1227,1348,1259,1399,1701,1425,1447,1465,2022,2020,2021,2018,2018,2018,2018,2143,2121,2638,2302,2986,2965,2982,3417,3417,3614,3744,3806,3738
1859,0.8582,0.85011,0.05198,0.05601,148.21,442,514,1228,1348,1260,1399,1702,1425,1447,1465,2022,2020,2021,2018,2018,2018,2018,2143,2121,2638,2302,2986,2965,2982,3417,3417,3614,3744,3806,3738
1860,0.8582,0.84979,0.05198,0.05607,148.31,442,514,1229,1349,1260,1399,1703,1425,1447,1465,2022,2020,2021,2018,2018,2018,2018,2143,2122,2638,2301,2986,2965,2982,3417,3417,3614,3744,3806,3739
1861,0.85819,0.85017,0.05198,0.056,148.39,442,514,1230,1350,1261,1399,1703,1425,1447,1466,2022,2020,2021,2018,2018,2018,2018,2143,2121,2638,2301,2986,2965,2982,3417,3417,3614,3744,3806,3739
1862,0.8582,0.84973,0.05198,0.05608,148.48,442,514,1231,1350,1261,1399,1704,1425,1447,1466,2022,2020,2021,2018,2018,2018,2018,2143,2122,2638,2300,2986,2965,2982,3417,3417,3614,3744,3806,3739
1863,0.8582,0.85021,0.05197,0.05599,148.56,442,514,1232,1351,1262,1399,1705,1425,1447,1466,2022,2020,2021,2018,2018,2018,2018,2143,2122,2638,2299,2986,2965,2981,3417,3417,3614,3744,3806,3739
1864,0.85822,0.8498,0.05197,0.05607,148.64,442,514,1233,1352,1263,1399,1705,1425,1447,1467,2022,2020,2021,2018,2018,2018,2018,2143,2122,2638,2299,2986,2965,2982,3417,3417,3614,3744,3806,3739
1865,0.85823,0.85018,0.05197,0.056,148.73,442,515,1233,1352,1263,1399,1706,1425,1448,1467,2022,2020,2021,2018,2018,2018,2018,2143,2121,2638,2298,2986,2965,2981,3417,3417,3614,3744,3806,3739
1866,0.85824,0.84986,0.05197,0.05606,148.82,442,515,1234,1353,1264,1399,1707,1425,1448,1467,2022,2020,2021,2018,2018,2018,2018,2143,2121,2638,2298,2986,2965,2981,3417,3417,3614,3744,3806,3739
1867,0.85826,0.85007,0.05197,0.05602,148.91,442,515,1235,1354,1264,1399,1707,1425,1448,1468,2022,2020,2021,2018,2018,2018,2018,2143,2121,2638,2297,2986,2965,2981,3417,3417,3614,3744,3806,3739
1868,0.85827,0.84998,0.05196,0.05603,149.0,442,515,1236,1354,1265,1399,1708,1425,1448,1468,2022,2020,2021,2018,2018,2018,2018,2143,2121,2638,2297,2986,2965,2981,3417,3417,3614,3744,3806,3739
1869,0.85827,0.85001,0.05196,0.05603,149.08,442,515,1237,1355,1266,1399,1709,1425,1448,1468,2022,2020,2021,2018,2018,2018,2018,2143,2121,2638,2296,2986,2964,2981,3417,3417,3614,3744,3806,3739
1870,0.85828,0.85007,0.05196,0.05602,149.17,442,516,1238,1356,1266,1399,1709,1425,1448,1469,2022,2020,2021,2018,2018,2018,2018,2143,2121,2638,2296,2986,2964,2981,3417,3417,3614,3744,3806,3739
1871,0.85829,0.84992,0.05196,0.05604,149.26,442,516,1239,1356,1267,1399,1710,1425,1449,1469,2022,2020,2021,2018,2018,2018,2018,2143,2121,2638,2295,2986,2964,2981,3417,3417,3614,3744,3806,3739
1872,0.8583,0.85015,0.05196,0.056,149.35,442,516,1239,1357,1268,1399,1711,1425,1449,1469,2022,2020,2021,2018,2018,2018,2018,2143,2121,2638,2294,2986,2964,2981,3417,3417,3614,3744,3806,3739
1873,0.8583,0.84988,0.05196,0.05605,149.43,442,516,1240,1358,1268,1399,1711,1425,1449,1470,2022,2020,2021,2018,2018,2018,2018,2143,2121,2638,2294,2986,2964,2981,3417,3417,3614,3744,3806,3739
1874,0.85831,0.85022,0.05196,0.05599,149.51,442,516,1241,1358,1269,1399,1712,1425,1449,1470,2022,2020,2021,2018,2018,2018,2018,2143,2121,2638,2293,2986,2964,2981,3417,3417,3614,3744,3806,3739
1875,0.85832,0.84989,0.05195,0.05605,149.6,442,516,1242,1359,1269,1399,1712,1425,1449,1470,2022,2020,2021,2018,2018,2018,2018,2143,2122,2638,2293,2986,2964,2981,3417,3417,3614,3744,3806,3739
1876,0.85833,0.85024,0.05195,0.05598,149.69,442,517,1243,1360,1270,1399,1713,1425,1449,1471,2022,2020,2021,2018,2018,2018,2018,2143,2122,2638,2292,2986,2964,2981,3417,3417,3614,3744,3806,3739
1877,0.85835,0.84992,0.05195,0.05604,149.78,442,517,1244,1360,1271,1399,1714,1425,1449,1471,2022,2020,2021,2018,2018,2018,2018,2143,2122,2638,2291,2986,2964,2981,3417,3417,3614,3744,3806,3739
1878,0.85836,0.85022,0.05195,0.05599,149.87,442,517,1245,1361,1271,1399,1714,1425,1449,1472,2022,2020,2021,2018,2018,2018,2018,2143,2122,2638,2291,2986,2964,2981,3417,3417,3614,3744,3806,3739
1879,0.85837,0.84999,0.05194,0.05603,149.96,442,517,1245,1362,1272,1399,1715,1425,1450,1472,2022,2020,2021,2018,2018,2018,2018,2143,2122,2638,2290,2986,2964,2981,3417,3417,3614,3744,3806,3739
1880,0.85838,0.85021,0.05194,0.05599,150.06,442,517,1246,1362,1273,1399,1716,1425,1450,1472,2022,2020,2021,2018,2018,2018,2018,2143,2122,2638,2290,2986,2964,2981,3417,3417,3614,3744,3806,3739
1881,0.8584,0.85006,0.05194,0.05602,150.15,442,517,1247,1363,1273,1399,1716,1425,1450,1473,2022,2020,2021,2018,2018,2018,2018,2143,2122,2638,2289,2986,2964,2981,3417,3417,3614,3744,3806,3739
1882,0.85841,0.8502,0.05194,0.05599,150.23,442,518,1248,1364,1274,1399,1717,1425,1450,1473,2022,2020,2021,2018,2018,2018,2018,2143,2121,2638,2289,2986,2964,2981,3417,3417,3614,3744,3806,3739
1883,0.85842,0.85011,0.05194,0.05601,150.32,442,518,1249,1364,1274,1399,1718,1425,1450,1473,2022,2020,2021,2018,2018,2018,2018,2143,2121,2638,2288,2986,2964,2981,3417,3417,3614,3744,3806,3739
1884,0.85843,0.85019,0.05193,0.05599,150.4,442,518,1250,1365,1275,1399,1718,1425,1450,1474,2022,2020,2021,2018,2018,2018,2018,2143,2121,2638,2288,2986,2964,2981,3417,3417,3614,3744,3806,3739
1885,0.85844,0.85014,0.05193,0.056,150.48,442,518,1251,1366,1276,1399,1719,1425,1450,1474,2022,2020,2021,2018,2018,2018,2018,2143,2121,2638,2287,2986,2964,2981,3417,3417,3614,3744,3806,3739
1886,0.85845,0.8502,0.05193,0.05599,150.57,442,518,1251,1366,1276,1399,1719,1425,1451,1474,2022,2020,2021,2018,2018,2018,2018,2143,2121,2638,2287,2986,2964,2981,3417,3417,3614,3744,3806,3739
1887,0.85846,0.85014,0.05193,0.056,150.66,442,519,1252,1367,1277,1399,1720,1425,1451,1475,2022,2020,2021,2018,2018,2018,2018,2143,2121,2638,2286,2986,2964,2981,3417,3417,3614,3744,3806,3739
1888,0.85847,0.85022,0.05193,0.05599,150.73,442,519,1253,1368,1277,1399,1721,1425,1451,1475,2022,2020,2021,2018,2018,2018,2018,2143,2121,2638,2285,2986,2964,2981,3417,3417,3614,3744,3806,3739
1889,0.85848,0.85014,0.05192,0.056,150.81,442,519,1254,1368,1278,1399,1721,1425,1451,1476,2022,2020,2021,2018,2018,2018,2018,2143,2122,2638,2285,2986,2964,2981,3417,3417,3614,3744,3806,3739
1890,0.85849,0.85026,0.05192,0.05598,150.91,442,519,1255,1369,1279,1399,1722,1425,1451,1476,2022,2020,2021,2018,2018,2018,2018,2143,2122,2638,2284,2986,2964,2981,3417,3417,3614,3744,3806,3739
1891,0.8585,0.85012,0.05192,0.05601,151.0,442,519,1256,1369,1279,1399,1723,1425,1451,1476,2022,2020,2021,2018,2018,2018,2018,2143,2122,2638,2284,2986,2964,2981,3417,3417,3614,3744,3806,3739
1892,0.85851,0.85031,0.05192,0.05597,151.08,442,520,1257,1370,1280,1399,1723,1425,1451,1477,2022,2020,2021,2018,2018,2018,2018,2143,2121,2638,2283,2986,2964,2981,3417,3417,3614,3744,3806,3739
1893,0.85851,0.85005,0.05192,0.05602,151.17,442,520,1257,1371,1280,1399,1724,1425,1451,1477,2022,2020,2021,2018,2018,2018,2018,2143,2122,2638,2283,2986,2964,2981,3417,3417,3614,3744,3806,3739
1894,0.85852,0.85038,0.05192,0.05596,151.25,442,520,1258,1371,1281,1399,1725,1425,1452,1477,2022,2020,2021,2018,2018,2018,2018,2143,2121,2638,2282,2986,2964,2981,3417,3417,3614,3744,3806,3739
1895,0.85852,0.84997,0.05192,0.05603,151.35,442,520,1259,1372,1282,1399,1725,1425,1452,1478,2022,2020,2021,2018,2018,2018,2018,2143,2121,2638,2282,2986,2964,2981,3417,3417,3614,3744,3806,3739
1896,0.85852,0.85047,0.05192,0.05594,151.44,442,520,1260,1373,1282,1399,1726,1425,1452,1478,2022,2020,2021,2018,2018,2018,2018,2143,2121,2638,2281,2986,2964,2981,3417,3417,3614,3744,3806,3739
1897,0.85851,0.84987,0.05192,0.05605,151.53,442,521,1261,1373,1283,1399,1726,1425,1452,1479,2022,2020,2021,2018,2018,2018,2018,2143,2122,2638,2281,2986,2964,2981,3417,3417,3614,3744,3806,3739
1898,0.8585,0.85057,0.05192,0.05592,151.61,442,521,1262,1374,1284,1399,1727,1425,1452,1479,2022,2020,2021,2018,2018,2018,2018,2143,2122,2638,2280,2986,2964,2981,3417,3417,3614,3744,3806,3739
1899,0.85848,0.84966,0.05192,0.05609,151.7,442,521,1262,1375,1284,1399,1728,1425,1452,1479,2022,2020,2021,2018,2018,2018,2018,2143,2122,2638,2280,2986,2964,2981,3417,3417,3614,3744,3806,3739
1900,0.85844,0.85067,0.05193,0.0559,151.79,442,521,1263,1375,1285,1399,1728,1425,1452,1480,2022,2020,2021,2018,2018,2018,2017,2143,2122,2638,2279,2986,2964,2981,3417,3417,3614,3744,3806,3739
1901,0.85839,0.84938,0.05194,0.05614,151.88,442,521,1264,1376,1285,1399,1729,1425,1453,1480,2022,2020,2021,2018,2018,2018,2018,2143,2122,2638,2279,2986,2964,2981,3417,3417,3614,3744,3806,3739
1902,0.85831,0.8508,0.05196,0.05588,151.97,442,522,1265,1377,1286,1399,1730,1425,1453,1481,2022,2020,2021,2018,2018,2018,2017,2143,2122,2638,2278,2986,2964,2981,3417,3417,3614,3744,3806,3739
1903,0.8582,0.84893,0.05197,0.05623,152.06,442,522,1266,1377,1287,1399,1730,1425,1453,1481,2022,2020,2021,2018,2018,2018,2018,2143,2122,2638,2278,2986,2965,2981,3417,3417,3614,3744,3806,3739
1904,0.85806,0.85086,0.052,0.05587,152.15,442,522,1267,1378,1287,1399,1731,1425,1453,1481,2022,2020,2021,2018,2018,2017,2017,2143,2122,2638,2277,2986,2964,2981,3417,3417,3614,3744,3806,3739
1905,0.85792,0.84835,0.05203,0.05634,152.23,442,522,1268,1379,1288,1399,1732,1425,1453,1482,2022,2020,2021,2018,2018,2018,2018,2143,2122,2638,2277,2986,2965,2982,3417,3417,3614,3744,3806,3739
1906,0.85781,0.85085,0.05205,0.05587,152.31,442,522,1268,1379,1288,1399,1732,1425,1453,1482,2022,2020,2021,2018,2017,2017,2017,2143,2122,2638,2276,2986,2964,2981,3417,3417,3614,3744,3806,3739
1907,0.85779,0.8481,0.05205,0.05638,152.4,442,523,1269,1380,1289,1399,1733,1425,1454,1482,2022,2020,2021,2018,2018,2018,2017,2143,2121,2638,2276,2986,2965,2982,3417,3417,3614,3745,3806,3739
1908,0.8579,0.85088,0.05203,0.05586,152.49,442,523,1270,1381,1290,1399,1733,1425,1454,1483,2022,2020,2021,2017,2017,2017,2017,2143,2121,2638,2275,2986,2964,2981,3417,3417,3614,3744,3806,3739
1909,0.85813,0.84871,0.05199,0.05627,152.59,442,523,1271,1381,1290,1399,1734,1425,1454,1483,2021,2020,2021,2018,2017,2017,2017,2143,2122,2638,2275,2986,2965,2982,3417,3417,3614,3744,3806,3739
1910,0.85841,0.85082,0.05194,0.05588,152.68,442,523,1272,1382,1291,1399,1735,1425,1454,1483,2021,2020,2021,2017,2017,2017,2017,2143,2122,2638,2274,2986,2965,2981,3417,3417,3614,3744,3806,3739
1911,0.85862,0.84985,0.0519,0.05606,152.77,442,523,1273,1383,1291,1399,1735,1425,1454,1484,2021,2020,2021,2018,2017,2017,2017,2143,2123,2638,2274,2986,2965,2982,3417,3417,3614,3744,3806,3739
1912,0.8587,0.85032,0.05188,0.05597,152.87,442,523,1274,1383,1292,1399,1736,1425,1454,1484,2021,2020,2021,2018,2017,2017,2017,2143,2124,2638,2273,2986,2965,2982,3417,3417,3614,3744,3806,3739
1913,0.85865,0.85067,0.05189,0.0559,152.96,442,524,1274,1384,1293,1399,1737,1425,1454,1485,2021,2020,2021,2018,2017,2017,2017,2143,2124,2638,2273,2986,2965,2982,3417,3417,3614,3744,3806,3739
1914,0.85853,0.84954,0.05192,0.05611,153.04,442,524,1275,1385,1293,1399,1737,1425,1455,1485,2021,2020,2021,2018,2018,2018,2018,2143,2125,2638,2272,2986,2965,2982,3417,3417,3614,3744,3806,3739
1915,0.85841,0.85094,0.05194,0.05585,153.14,442,524,1276,1385,1294,1399,1738,1425,1455,1485,2021,2020,2021,2018,2018,2018,2017,2143,2125,2638,2272,2986,2965,2981,3417,3417,3614,3744,3806,3739
1916,0.85835,0.84908,0.05195,0.0562,153.24,442,524,1277,1386,1294,1399,1739,1425,1455,1486,2021,2020,2021,2018,2018,2018,2018,2143,2126,2638,2271,2986,2965,2982,3417,3417,3614,3744,3806,3739
1917,0.8584,0.85094,0.05194,0.05585,153.33,442,524,1278,1386,1295,1399,1739,1425,1455,1486,2021,2020,2021,2018,2018,2018,2018,2143,2127,2638,2271,2986,2965,2981,3417,3417,3614,3744,3806,3739
1918,0.85852,0.84945,0.05192,0.05613,153.42,442,525,1279,1387,1296,1399,1740,1425,1455,1486,2021,2020,2021,2018,2018,2018,2018,2143,2129,2638,2270,2986,2965,2982,3417,3417,3614,3744,3806,3739
1919,0.85866,0.85081,0.05189,0.05588,153.51,442,525,1279,1388,1296,1399,1740,1425,1455,1487,2021,2020,2021,2018,2018,2018,2017,2143,2130,2638,2270,2986,2965,2981,3417,3417,3614,3744,3806,3739
1920,0.85876,0.85023,0.05187,0.05599,153.59,442,525,1280,1388,1297,1399,1741,1425,1455,1487,2021,2020,2021,2018,2018,2018,2017,2143,2132,2638,2270,2986,2965,2981,3417,3417,3614,3744,3806,3739
1921,0.85879,0.85036,0.05187,0.05596,153.68,442,525,1281,1389,1298,1399,1742,1425,1455,1488,2021,2020,2021,2018,2018,2018,2017,2143,2134,2638,2269,2986,2965,2981,3417,3417,3614,3744,3806,3739
1922,0.85874,0.85076,0.05188,0.05589,153.76,442,525,1282,1390,1298,1399,1742,1425,1456,1488,2021,2020,2021,2018,2018,2018,2017,2143,2135,2638,2269,2986,2965,2981,3417,3417,3614,3744,3806,3739
1923,0.85869,0.84984,0.05189,0.05606,153.84,442,526,1283,1390,1299,1399,1743,1425,1456,1488,2021,2020,2021,2018,2018,2018,2017,2143,2136,2638,2268,2986,2965,2981,3417,3417,3614,3744,3806,3739
1924,0.85865,0.85092,0.05189,0.05586,153.93,442,526,1284,1391,1299,1399,1744,1425,1456,1489,2021,2020,2021,2018,2018,2017,2017,2143,2137,2638,2268,2986,2965,2981,3417,3417,3614,3744,3806,3739
1925,0.85866,0.84966,0.05189,0.05609,154.02,442,526,1284,1392,1300,1399,1744,1425,1456,1489,2021,2020,2021,2018,2018,2018,2017,2143,2137,2638,2267,2986,2965,2981,3417,3417,3614,3744,3806,3739
1926,0.85871,0.85083,0.05188,0.05587,154.1,442,526,1285,1392,1301,1399,1745,1425,1456,1490,2021,2020,2021,2018,2017,2017,2017,2143,2138,2638,2267,2986,2965,2981,3417,3417,3614,3744,3806,3739
1927,0.85879,0.85001,0.05187,0.05603,154.18,442,526,1286,1393,1301,1399,1745,1425,1456,1490,2021,2020,2021,2018,2018,2017,2017,2143,2138,2638,2266,2986,2965,2981,3417,3417,3614,3744,3806,3739
1928,0.85884,0.85065,0.05186,0.05591,154.27,442,526,1287,1394,1302,1399,1746,1425,1456,1490,2021,2020,2021,2018,2018,2017,2017,2143,2138,2638,2266,2986,2965,2981,3417,3417,3614,3744,3806,3739
1929,0.85887,0.85051,0.05185,0.05593,154.35,442,527,1288,1394,1302,1399,1747,1425,1456,1491,2021,2020,2021,2018,2018,2018,2018,2143,2138,2638,2265,2985,2965,2981,3417,3417,3614,3744,3806,3739
1930,0.85886,0.8503,0.05185,0.05597,154.43,442,527,1289,1395,1303,1399,1747,1425,1457,1491,2021,2020,2021,2018,2018,2018,2018,2143,2138,2638,2265,2985,2965,2981,3417,3417,3614,3744,3806,3739
1931,0.85884,0.85076,0.05186,0.05589,154.52,442,527,1289,1396,1304,1399,1748,1425,1457,1491,2021,2020,2021,2018,2018,2018,2018,2143,2138,2638,2264,2985,2965,2981,3417,3417,3614,3744,3806,3739
1932,0.85883,0.85006,0.05186,0.05602,154.61,442,527,1290,1396,1304,1399,1749,1425,1457,1492,2021,2020,2021,2018,2018,2018,2018,2143,2138,2638,2264,2985,2965,2981,3417,3417,3614,3744,3806,3739
1933,0.85884,0.85084,0.05186,0.05587,154.7,442,527,1291,1397,1305,1399,1749,1425,1457,1492,2021,2020,2021,2018,2018,2018,2018,2143,2137,2638,2264,2985,2965,2981,3417,3417,3614,3744,3806,3739
1934,0.85886,0.85007,0.05185,0.05602,154.78,442,528,1292,1397,1305,1399,1750,1425,1457,1492,2021,2020,2021,2018,2018,2018,2018,2143,2137,2638,2263,2985,2965,2981,3417,3417,3614,3744,3806,3739
1935,0.85889,0.8508,0.05185,0.05588,154.87,442,528,1293,1398,1306,1399,1751,1425,1457,1493,2021,2020,2021,2018,2018,2018,2018,2143,2136,2638,2262,2985,2965,2981,3417,3417,3614,3744,3806,3739
1936,0.85892,0.85028,0.05184,0.05598,154.95,442,528,1294,1399,1307,1399,1751,1425,1457,1493,2021,2020,2021,2018,2018,2018,2018,2143,2136,2638,2262,2985,2965,2981,3417,3417,3614,3744,3806,3739
1937,0.85894,0.85067,0.05184,0.0559,155.03,442,528,1294,1399,1307,1399,1752,1425,1458,1494,2021,2020,2021,2018,2018,2018,2018,2143,2136,2638,2261,2985,2965,2981,3417,3417,3614,3744,3806,3739
1938,0.85895,0.8505,0.05184,0.05593,155.11,442,528,1295,1400,1308,1399,1752,1425,1458,1494,2021,2020,2021,2018,2018,2018,2018,2143,2135,2638,2261,2985,2965,2981,3417,3417,3614,3744,3806,3739
1939,0.85896,0.85057,0.05184,0.05592,155.2,442,529,1296,1400,1308,1399,1753,1425,1458,1494,2021,2020,2021,2018,2018,2018,2017,2143,2135,2638,2260,2985,2965,2981,3417,3417,3614,3744,3806,3739
1940,0.85897,0.85059,0.05183,0.05592,155.29,442,529,1297,1401,1309,1399,1754,1425,1458,1495,2021,2020,2021,2018,2018,2018,2017,2143,2135,2638,2260,2985,2965,2981,3417,3417,3614,3744,3806,3739
1941,0.85898,0.8505,0.05183,0.05594,155.38,442,529,1298,1401,1310,1399,1754,1425,1458,1495,2021,2020,2021,2018,2018,2018,2018,2143,2134,2638,2259,2985,2965,2981,3417,3417,3614,3744,3806,3739
1942,0.85898,0.85069,0.05183,0.0559,155.47,442,529,1298,1401,1310,1399,1755,1425,1458,1495,2021,2020,2021,2018,2018,2018,2018,2143,2133,2638,2259,2985,2965,2981,3417,3417,3614,3744,3806,3739
1943,0.85899,0.85046,0.05183,0.05594,155.56,442,529,1299,1402,1311,1399,1756,1425,1459,1496,2021,2020,2021,2018,2018,2018,2018,2143,2133,2638,2258,2985,2965,2982,3417,3417,3614,3744,3806,3739
1944,0.859,0.85074,0.05183,0.05589,155.64,442,530,1300,1402,1311,1399,1756,1425,1459,1496,2021,2020,2021,2018,2018,2018,2018,2143,2132,2638,2258,2985,2965,2982,3417,3417,3614,3744,3806,3739
1945,0.85901,0.85047,0.05183,0.05594,155.73,442,530,1301,1403,1312,1399,1757,1425,1459,1496,2021,2020,2021,2018,2018,2018,2018,2143,2131,2638,2257,2985,2965,2982,3417,3417,3614,3744,3806,3739
1946,0.85902,0.85077,0.05182,0.05588,155.82,442,530,1302,1403,1313,1399,1758,1425,1459,1497,2021,2020,2021,2018,2018,2018,2018,2143,2131,2638,2257,2985,2965,2982,3417,3417,3614,3744,3806,3739
1947,0.85903,0.85052,0.05182,0.05593,155.91,442,530,1303,1404,1313,1399,1758,1425,1459,1497,2021,2020,2021,2018,2018,2018,2018,2143,2130,2638,2256,2985,2965,2982,3417,3417,3614,3744,3806,3739
1948,0.85904,0.85078,0.05182,0.05588,156.0,442,530,1303,1404,1314,1399,1759,1425,1459,1498,2021,2020,2021,2018,2018,2018,2018,2143,2130,2638,2256,2985,2965,2982,3417,3417,3614,3744,3806,3739
1949,0.85905,0.85057,0.05182,0.05592,156.1,442,531,1304,1405,1314,1399,1759,1425,1460,1498,2021,2020,2021,2018,2018,2018,2018,2143,2130,2638,2255,2985,2965,2982,3417,3417,3614,3744,3806,3739
1950,0.85906,0.85075,0.05182,0.05589,156.2,442,531,1305,1405,1315,1399,1760,1425,1460,1498,2021,2020,2021,2018,2018,2018,2018,2143,2130,2638,2255,2985,2965,2982,3417,3417,3614,3744,3806,3739
1951,0.85908,0.85068,0.05181,0.0559,156.29,442,531,1306,1406,1316,1399,1761,1425,1460,1499,2021,2020,2021,2018,2018,2018,2018,2143,2130,2638,2254,2985,2965,2982,3417,3417,3614,3744,3806,3739
1952,0.85909,0.85073,0.05181,0.05589,156.37,442,531,1307,1406,1316,1399,1761,1425,1460,1499,2021,2020,2021,2018,2018,2018,2018,2143,2130,2638,2254,2985,2965,2982,3417,3417,3614,3744,3806,3739
1953,0.8591,0.85073,0.05181,0.05589,156.46,442,531,1307,1407,1317,1399,1762,1425,1460,1499,2021,2020,2021,2018,2018,2018,2017,2143,2129,2638,2253,2985,2965,2982,3417,3417,3614,3744,3806,3739
1954,0.85911,0.85069,0.05181,0.0559,156.55,442,532,1308,1407,1317,1399,1763,1425,1460,1500,2021,2020,2021,2018,2018,2018,2017,2143,2129,2638,2253,2985,2965,2982,3417,3417,3614,3744,3806,3739
1955,0.85912,0.85077,0.05181,0.05588,156.64,442,532,1309,1408,1318,1399,1763,1425,1460,1500,2021,2020,2021,2018,2018,2018,2017,2143,2129,2638,2252,2985,2965,2982,3417,3417,3614,3744,3806,3739
1956,0.85913,0.85068,0.05181,0.0559,156.73,442,532,1310,1409,1319,1399,1764,1425,1461,1500,2021,2020,2021,2018,2018,2018,2017,2143,2129,2638,2252,2985,2965,2982,3417,3417,3614,3744,3806,3739
1957,0.85914,0.85083,0.0518,0.05587,156.82,442,532,1311,1409,1319,1399,1765,1425,1461,1501,2021,2020,2021,2018,2018,2018,2017,2143,2128,2638,2251,2985,2965,2982,3417,3417,3614,3744,3806,3739
1958,0.85914,0.85065,0.0518,0.05591,156.91,442,532,1312,1410,1320,1399,1765,1425,1461,1501,2021,2020,2021,2018,2018,2018,2018,2143,2128,2638,2251,2985,2965,2982,3417,3417,3614,3744,3806,3739
1959,0.85915,0.85086,0.0518,0.05587,156.99,442,532,1312,1410,1320,1399,1766,1425,1461,1501,2021,2020,2021,2018,2018,2018,2018,2143,2128,2638,2250,2985,2965,2982,3417,3417,3614,3744,3806,3739
1960,0.85916,0.85063,0.0518,0.05591,157.08,442,533,1313,1411,1321,1399,1767,1425,1461,1502,2021,2020,2021,2018,2018,2018,2018,2143,2128,2638,2249,2985,2965,2982,3417,3417,3614,3744,3806,3739
1961,0.85917,0.85093,0.0518,0.05586,157.16,442,533,1314,1412,1322,1399,1767,1425,1461,1502,2021,2020,2021,2018,2018,2018,2018,2143,2127,2638,2249,2985,2965,2982,3417,3417,3614,3744,3806,3739
1962,0.85918,0.85061,0.0518,0.05592,157.24,442,533,1315,1412,1322,1399,1768,1425,1461,1503,2021,2020,2021,2018,2018,2018,2018,2143,2127,2638,2249,2985,2965,2982,3417,3417,3614,3744,3806,3739
1963,0.85918,0.85097,0.0518,0.05585,157.33,442,533,1316,1413,1323,1399,1768,1425,1462,1503,2021,2020,2021,2018,2018,2018,2018,2143,2127,2638,2248,2985,2965,2982,3417,3417,3614,3744,3806,3739
1964,0.85919,0.85057,0.05179,0.05592,157.42,442,534,1316,1413,1323,1399,1769,1425,1462,1503,2021,2020,2021,2018,2018,2018,2018,2143,2127,2638,2248,2985,2965,2982,3417,3417,3614,3744,3806,3739
1965,0.85919,0.85102,0.05179,0.05584,157.5,441,534,1317,1414,1324,1399,1770,1425,1462,1504,2021,2020,2021,2018,2018,2018,2018,2143,2127,2638,2247,2985,2965,2982,3417,3417,3614,3744,3806,3739
1966,0.85919,0.85054,0.05179,0.05593,157.59,441,534,1318,1414,1325,1399,1770,1425,1462,1504,2021,2020,2021,2018,2018,2018,2018,2143,2127,2638,2247,2985,2965,2982,3417,3417,3614,3744,3806,3739
1967,0.85919,0.85108,0.05179,0.05583,157.67,441,534,1319,1415,1325,1399,1771,1425,1462,1504,2021,2020,2021,2018,2018,2018,2018,2143,2126,2638,2246,2985,2965,2982,3417,3417,3614,3744,3806,3739
1968,0.85919,0.85045,0.05179,0.05594,157.77,441,534,1320,1416,1326,1399,1772,1425,1462,1505,2021,2020,2021,2018,2018,2018,2018,2143,2126,2638,2246,2985,2965,2982,3417,3417,3614,3744,3806,3739
1969,0.85919,0.85113,0.05179,0.05582,157.85,441,534,1320,1416,1326,1399,1772,1425,1463,1505,2021,2020,2021,2018,2018,2018,2017,2143,2126,2638,2245,2985,2965,2982,3417,3417,3614,3744,3806,3739
1970,0.85919,0.85036,0.05179,0.05596,157.95,441,535,1321,1417,1327,1399,1773,1425,1463,1505,2021,2020,2021,2018,2018,2018,2018,2143,2126,2638,2245,2985,2965,2982,3417,3417,3614,3744,3806,3739
1971,0.85918,0.85124,0.0518,0.0558,158.04,441,535,1322,1417,1327,1399,1774,1425,1463,1505,2021,2020,2021,2018,2018,2018,2017,2143,2126,2638,2244,2985,2965,2982,3417,3417,3614,3744,3806,3738
1972,0.85916,0.85026,0.0518,0.05598,158.12,441,535,1323,1418,1328,1399,1774,1425,1463,1506,2021,2020,2021,2018,2018,2018,2018,2143,2126,2638,2244,2985,2965,2982,3417,3417,3614,3744,3806,3739
1973,0.85914,0.85132,0.0518,0.05578,158.21,441,535,1324,1419,1329,1399,1775,1425,1463,1506,2021,2020,2021,2018,2018,2018,2017,2143,2126,2638,2243,2985,2965,2982,3417,3417,3614,3744,3806,3738
1974,0.85911,0.85005,0.05181,0.05602,158.29,441,535,1324,1419,1329,1399,1776,1425,1464,1506,2021,2020,2021,2018,2018,2018,2018,2143,2126,2638,2242,2985,2965,2982,3417,3417,3614,3744,3806,3739
1975,0.85908,0.8514,0.05181,0.05577,158.38,441,536,1325,1420,1330,1399,1776,1425,1464,1507,2021,2020,2021,2018,2018,2018,2017,2143,2126,2638,2242,2985,2965,2982,3417,3417,3614,3744,3806,3738
1976,0.85904,0.84986,0.05182,0.05606,158.47,441,536,1326,1420,1330,1399,1777,1425,1464,1507,2021,2020,2021,2018,2018,2018,2018,2143,2126,2638,2241,2985,2965,2982,3417,3417,3614,3744,3806,3739
1977,0.859,0.85149,0.05183,0.05575,158.56,441,536,1327,1421,1331,1399,1778,1425,1464,1507,2021,2020,2021,2018,2018,2017,2017,2143,2126,2638,2240,2985,2965,2982,3417,3417,3614,3744,3806,3738
1978,0.85898,0.84971,0.05183,0.05608,158.65,441,536,1328,1422,1332,1399,1778,1425,1464,1508,2021,2020,2021,2018,2018,2018,2018,2143,2126,2638,2240,2985,2965,2982,3417,3417,3614,3744,3806,3739
1979,0.85897,0.8515,0.05183,0.05575,158.73,441,536,1328,1422,1332,1399,1779,1425,1464,1508,2021,2020,2021,2018,2018,2017,2017,2143,2126,2638,2239,2985,2965,2982,3417,3417,3614,3744,3806,3738
1980,0.859,0.8497,0.05183,0.05609,158.82,441,537,1329,1423,1333,1399,1779,1425,1465,1508,2021,2020,2021,2018,2018,2018,2018,2143,2126,2638,2239,2985,2965,2982,3417,3417,3614,3744,3806,3738
1981,0.85904,0.8515,0.05182,0.05575,158.91,441,537,1330,1423,1333,1399,1780,1425,1465,1509,2021,2020,2021,2018,2017,2017,2017,2143,2126,2638,2238,2985,2965,2982,3417,3417,3614,3744,3806,3738
1982,0.85911,0.84995,0.05181,0.05604,158.99,441,537,1331,1424,1334,1399,1781,1425,1465,1509,2021,2020,2021,2018,2018,2018,2017,2143,2126,2638,2237,2985,2965,2982,3417,3417,3614,3744,3806,3738
1983,0.85919,0.85142,0.05179,0.05576,159.09,441,537,1331,1425,1335,1399,1781,1425,1465,1509,2021,2020,2021,2018,2018,2017,2017,2143,2126,2638,2237,2985,2965,2982,3417,3417,3614,3744,3806,3738
1984,0.85928,0.85037,0.05178,0.05596,159.18,441,537,1332,1425,1335,1399,1782,1425,1465,1510,2021,2020,2021,2018,2018,2018,2017,2143,2126,2638,2236,2985,2965,2982,3417,3417,3614,3744,3806,3738
1985,0.85935,0.85125,0.05177,0.0558,159.27,441,538,1333,1426,1336,1399,1783,1425,1465,1510,2021,2020,2021,2018,2018,2017,2017,2143,2126,2638,2236,2985,2965,2982,3417,3417,3614,3744,3806,3738
1986,0.85939,0.8508,0.05176,0.05588,159.35,441,538,1334,1426,1336,1399,1783,1425,1465,1510,2021,2020,2021,2018,2018,2018,2018,2143,2126,2638,2235,2985,2965,2982,3417,3417,3614,3744,3806,3738
1987,0.85941,0.85102,0.05175,0.05584,159.43,441,538,1335,1427,1337,1399,1784,1425,1465,1511,2021,2020,2021,2018,2018,2018,2018,2143,2126,2638,2234,2985,2965,2982,3417,3417,3614,3744,3806,3738
1988,0.85941,0.85111,0.05175,0.05582,159.51,441,538,1335,1428,1337,1399,1785,1425,1466,1511,2021,2020,2021,2018,2018,2018,2018,2143,2126,2638,2233,2985,2965,2982,3417,3417,3614,3744,3806,3738
1989,0.85941,0.85078,0.05175,0.05588,159.59,441,538,1336,1428,1338,1399,1785,1425,1466,1511,2021,2020,2021,2018,2018,2018,2018,2143,2126,2638,2233,2985,2965,2982,3417,3417,3614,3744,3806,3738
1990,0.85939,0.85133,0.05176,0.05578,159.68,441,539,1337,1429,1339,1399,1786,1425,1466,1512,2021,2020,2021,2018,2018,2018,2018,2143,2126,2638,2232,2985,2965,2982,3417,3417,3614,3744,3806,3738
1991,0.85937,0.85055,0.05176,0.05593,159.77,441,539,1338,1430,1339,1399,1786,1425,1466,1512,2021,2020,2021,2018,2018,2018,2018,2143,2126,2638,2232,2985,2965,2982,3417,3417,3614,3744,3806,3738
1992,0.85934,0.85148,0.05177,0.05575,159.88,441,539,1338,1430,1340,1399,1787,1425,1466,1512,2021,2020,2021,2018,2018,2018,2018,2143,2126,2638,2231,2985,2965,2982,3417,3417,3614,3744,3806,3738
1993,0.85932,0.85034,0.05177,0.05596,159.97,441,539,1339,1431,1340,1399,1788,1425,1466,1513,2021,2020,2021,2018,2018,2018,2018,2143,2126,2638,2230,2985,2965,2982,3417,3417,3614,3744,3806,3738
1994,0.8593,0.85153,0.05177,0.05574,160.05,441,539,1340,1431,1341,1399,1788,1425,1467,1513,2021,2020,2021,2018,2018,2018,2017,2143,2126,2638,2229,2985,2965,2982,3417,3417,3614,3744,3806,3738
1995,0.85931,0.85027,0.05177,0.05598,160.13,441,539,1341,1432,1342,1399,1789,1425,1467,1513,2021,2020,2021,2018,2018,2018,2018,2143,2126,2638,2229,2985,2965,2982,3417,3417,3614,3744,3806,3738
1996,0.85933,0.85154,0.05177,0.05574,160.23,441,540,1342,1433,1342,1399,1790,1425,1467,1514,2021,2020,2021,2018,2018,2018,2017,2143,2126,2638,2228,2985,2965,2982,3417,3417,3614,3744,3806,3738
1997,0.85937,0.85039,0.05176,0.05596,160.32,441,540,1342,1433,1343,1399,1790,1425,1467,1514,2021,2020,2021,2018,2018,2018,2018,2143,2126,2638,2227,2985,2965,2982,3417,3417,3614,3744,3806,3738
1998,0.85941,0.85149,0.05175,0.05575,160.4,441,540,1343,1434,1343,1399,1791,1425,1467,1514,2021,2020,2021,2018,2018,2017,2017,2143,2126,2638,2226,2985,2965,2982,3417,3417,3614,3744,3806,3738
1999,0.85946,0.85061,0.05175,0.05591,160.49,441,540,1344,1435,1344,1399,1791,1425,1467,1515,2021,2020,2021,2018,2018,2018,2017,2143,2126,2638,2226,2985,2965,2982,3417,3417,3614,3744,3806,3738
2000,0.85949,0.85136,0.05174,0.05578,160.58,441,540,1345,1435,1344,1399,1792,1425,1468,1515,2021,2020,2021,2018,2018,2017,2017,2143,2126,2638,2225,2985,2965,2982,3417,3417,3614,3744,3806,3738
2001,0.85953,0.85089,0.05173,0.05586,160.68,441,541,1345,1436,1345,1399,1793,1425,1468,1515,2021,2020,2021,2018,2018,2018,2017,2143,2126,2638,2224,2985,2965,2982,3417,3417,3614,3744,3806,3738
2002,0.85955,0.85123,0.05173,0.0558,160.78,441,541,1346,1437,1346,1399,1793,1425,1468,1515,2021,2020,2021,2018,2018,2018,2017,2143,2126,2638,2223,2985,2965,2982,3417,3417,3614,3744,3806,3738
2003,0.85956,0.85109,0.05173,0.05582,160.87,441,541,1347,1437,1346,1399,1794,1425,1468,1516,2021,2020,2021,2018,2018,2018,2018,2143,2126,2638,2223,2985,2965,2982,3417,3417,3614,3744,3806,3738
2004,0.85957,0.8511,0.05172,0.05582,160.95,441,541,1348,1438,1347,1399,1795,1425,1468,1516,2021,2020,2021,2018,2018,2018,2018,2143,2126,2638,2222,2985,2965,2982,3417,3417,3614,3744,3806,3738
2005,0.85958,0.85121,0.05172,0.0558,161.04,441,541,1349,1438,1347,1399,1795,1425,1469,1516,2021,2020,2021,2018,2018,2018,2018,2143,2126,2638,2221,2985,2965,2982,3417,3417,3614,3744,3806,3738
2006,0.85958,0.85102,0.05172,0.05584,161.14,441,542,1349,1439,1348,1399,1796,1425,1469,1517,2021,2020,2021,2018,2018,2018,2018,2143,2126,2638,2220,2985,2965,2982,3417,3417,3614,3744,3806,3738
2007,0.85958,0.85137,0.05172,0.05577,161.23,441,542,1350,1440,1349,1399,1796,1425,1469,1517,2021,2020,2021,2018,2018,2018,2018,2143,2126,2638,2219,2985,2965,2982,3417,3417,3614,3744,3806,3738
2008,0.85958,0.8509,0.05172,0.05586,161.32,441,542,1351,1440,1349,1399,1797,1425,1469,1517,2021,2020,2021,2018,2018,2018,2018,2143,2126,2638,2218,2985,2965,2982,3417,3417,3614,3744,3806,3738
2009,0.85957,0.85149,0.05172,0.05575,161.41,441,542,1352,1441,1350,1399,1798,1425,1469,1518,2021,2020,2021,2018,2018,2018,2018,2143,2126,2638,2218,2985,2965,2982,3417,3417,3614,3744,3806,3738
2010,0.85955,0.85069,0.05173,0.0559,161.51,441,542,1352,1442,1350,1399,1798,1425,1469,1518,2021,2020,2021,2018,2018,2018,2018,2143,2126,2638,2217,2985,2965,2982,3417,3417,3614,3744,3806,3738
2011,0.85953,0.85159,0.05173,0.05573,161.59,441,542,1353,1442,1351,1399,1799,1425,1469,1518,2021,2020,2021,2018,2018,2018,2017,2143,2126,2638,2216,2985,2965,2982,3417,3417,3614,3744,3806,3738
2012,0.85951,0.85054,0.05173,0.05593,161.68,441,543,1354,1443,1351,1399,1799,1425,1470,1519,2021,2020,2021,2018,2018,2018,2018,2143,2126,2638,2215,2985,2965,2982,3417,3417,3614,3744,3806,3738
2013,0.8595,0.85168,0.05174,0.05571,161.76,441,543,1355,1443,1352,1399,1800,1425,1470,1519,2021,2020,2021,2018,2018,2018,2017,2143,2126,2638,2214,2985,2965,2982,3417,3417,3614,3744,3806,3738
2014,0.85949,0.85042,0.05174,0.05595,161.85,441,543,1355,1444,1353,1399,1801,1425,1470,1519,2021,2020,2021,2018,2018,2018,2018,2143,2126,2638,2213,2985,2965,2982,3417,3417,3614,3744,3806,3738
2015,0.85948,0.85172,0.05174,0.05571,161.96,441,543,1356,1445,1353,1399,1801,1425,1470,1519,2021,2020,2021,2018,2018,2017,2017,2143,2126,2638,2212,2985,2965,2982,3417,3417,3614,3744,3806,3738
2016,0.85948,0.85036,0.05174,0.05596,162.05,441,543,1357,1445,1354,1399,1802,1425,1470,1520,2021,2020,2021,2018,2018,2018,2018,2143,2126,2638,2210,2985,2965,2982,3417,3417,3614,3744,3806,3738
2017,0.85948,0.85175,0.05174,0.0557,162.15,441,544,1358,1446,1354,1399,1803,1425,1470,1520,2021,2020,2021,2018,2018,2017,2017,2143,2126,2638,2209,2985,2965,2982,3417,3417,3614,3744,3806,3738
2018,0.85949,0.85036,0.05174,0.05596,162.24,441,544,1359,1447,1355,1399,1803,1425,1471,1520,2021,2020,2021,2018,2018,2018,2018,2143,2126,2638,2208,2985,2965,2982,3417,3417,3614,3744,3806,3738
2019,0.85951,0.85176,0.05174,0.0557,162.33,441,544,1359,1447,1355,1399,1804,1425,1471,1521,2021,2020,2021,2018,2018,2017,2017,2143,2127,2638,2207,2985,2965,2982,3417,3417,3614,3744,3806,3738
2020,0.85954,0.85045,0.05173,0.05594,162.41,441,544,1360,1448,1356,1399,1804,1425,1471,1521,2021,2020,2021,2018,2018,2018,2018,2143,2127,2638,2206,2985,2965,2982,3417,3417,3614,3744,3806,3738
2021,0.85957,0.85174,0.05172,0.0557,162.49,441,544,1361,1448,1357,1399,1805,1425,1471,1521,2021,2020,2021,2018,2018,2017,2017,2143,2127,2638,2205,2985,2965,2982,3417,3417,3614,3744,3806,3738
2022,0.85961,0.85062,0.05172,0.05591,162.58,441,545,1362,1449,1357,1399,1806,1425,1471,1521,2021,2020,2021,2018,2018,2018,2018,2143,2127,2638,2203,2985,2965,2982,3417,3417,3614,3744,3806,3738
2023,0.85965,0.85168,0.05171,0.05571,162.67,441,545,1362,1450,1358,1399,1806,1425,1472,1522,2021,2020,2021,2018,2018,2018,2017,2143,2126,2638,2202,2985,2965,2982,3417,3417,3614,3744,3806,3738
2024,0.85968,0.85083,0.0517,0.05587,162.76,441,545,1363,1450,1358,1399,1807,1425,1472,1522,2021,2020,2021,2018,2018,2018,2018,2143,2126,2638,2201,2985,2965,2982,3417,3417,3614,3744,3806,3738
2025,0.85972,0.8516,0.0517,0.05573,162.84,441,545,1364,1451,1359,1399,1807,1425,1472,1522,2021,2020,2021,2018,2018,2018,2018,2143,2126,2638,2200,2985,2965,2982,3417,3417,3614,3744,3806,3738
2026,0.85974,0.85103,0.05169,0.05584,162.92,441,545,1365,1452,1359,1399,1808,1425,1472,1523,2021,2020,2021,2018,2018,2018,2018,2143,2126,2638,2199,2985,2965,2982,3417,3417,3614,3744,3806,3738
2027,0.85976,0.85152,0.05169,0.05574,163.02,441,545,1365,1452,1360,1399,1809,1425,1472,1523,2021,2020,2021,2018,2018,2018,2018,2143,2126,2638,2198,2985,2965,2982,3417,3417,3614,3744,3806,3738
2028,0.85978,0.85119,0.05168,0.05581,163.1,441,546,1366,1453,1361,1399,1809,1425,1473,1523,2021,2020,2021,2018,2018,2018,2018,2143,2126,2638,2198,2985,2965,2982,3417,3417,3614,3744,3806,3738
2029,0.8598,0.85143,0.05168,0.05576,163.2,441,546,1367,1453,1361,1399,1810,1425,1473,1524,2021,2020,2021,2018,2018,2018,2018,2143,2126,2638,2197,2985,2965,2982,3417,3417,3614,3744,3806,3738
2030,0.85981,0.85135,0.05168,0.05578,163.29,441,546,1368,1454,1362,1399,1810,1425,1473,1524,2021,2020,2021,2018,2018,2018,2018,2143,2126,2638,2196,2985,2965,2982,3417,3417,3614,3744,3806,3738
2031,0.85982,0.85135,0.05168,0.05578,163.37,441,546,1368,1455,1362,1399,1811,1425,1473,1524,2021,2020,2021,2018,2018,2018,2018,2143,2126,2638,2195,2985,2965,2982,3417,3417,3614,3744,3806,3738
2032,0.85983,0.85149,0.05168,0.05575,163.46,441,546,1369,1455,1363,1399,1812,1425,1473,1524,2021,2020,2021,2018,2018,2018,2018,2143,2126,2638,2194,2985,2965,2982,3417,3417,3614,3744,3806,3738
2033,0.85983,0.85123,0.05168,0.0558,163.54,441,546,1370,1456,1364,1399,1812,1425,1473,1525,2021,2020,2021,2018,2018,2018,2018,2143,2126,2638,2193,2985,2965,2982,3417,3417,3614,3744,3806,3738
2034,0.85983,0.85156,0.05168,0.05574,163.63,441,547,1371,1456,1364,1399,1813,1425,1473,1525,2021,2020,2021,2018,2018,2018,2018,2143,2126,2638,2192,2985,2965,2982,3417,3417,3614,3744,3806,3738
2035,0.85983,0.85108,0.05168,0.05583,163.71,441,547,1371,1457,1365,1399,1813,1425,1474,1525,2021,2020,2021,2018,2018,2018,2018,2143,2126,2638,2191,2985,2965,2982,3417,3417,3614,3744,3806,3738
2036,0.85982,0.8517,0.05168,0.05571,163.79,441,547,1372,1458,1365,1399,1814,1425,1474,1526,2021,2020,2021,2018,2018,2018,2017,2143,2126,2638,2190,2985,2965,2982,3417,3417,3614,3744,3806,3738
2037,0.85981,0.85097,0.05168,0.05585,163.88,441,547,1373,1458,1366,1399,1814,1425,1474,1526,2021,2020,2021,2018,2018,2018,2018,2143,2126,2638,2189,2985,2965,2982,3417,3417,3614,3744,3806,3738
2038,0.85979,0.85182,0.05168,0.05569,163.96,441,547,1374,1459,1366,1399,1815,1425,1474,1526,2021,2020,2021,2018,2018,2018,2017,2143,2126,2638,2189,2985,2965,2982,3417,3417,3614,3744,3806,3738
2039,0.85977,0.85074,0.05169,0.05589,164.04,441,548,1375,1460,1367,1399,1816,1425,1474,1527,2021,2020,2021,2018,2018,2018,2018,2143,2126,2638,2188,2985,2965,2982,3417,3417,3614,3744,3806,3738
2040,0.85973,0.85191,0.05169,0.05567,164.13,441,548,1375,1460,1368,1399,1816,1425,1475,1527,2021,2020,2021,2018,2018,2018,2017,2143,2126,2638,2187,2985,2965,2982,3417,3417,3614,3744,3806,3738
2041,0.8597,0.85055,0.0517,0.05593,164.2,441,548,1376,1461,1368,1399,1817,1425,1475,1527,2021,2020,2021,2018,2018,2018,2018,2143,2126,2638,2186,2985,2965,2982,3417,3417,3614,3744,3806,3738
2042,0.85967,0.852,0.05171,0.05565,164.28,441,548,1377,1461,1369,1399,1817,1425,1475,1527,2021,2020,2021,2018,2018,2017,2017,2143,2126,2638,2185,2985,2965,2982,3417,3417,3614,3744,3806,3738
2043,0.85964,0.85038,0.05171,0.05596,164.38,441,548,1378,1462,1369,1399,1818,1425,1475,1528,2021,2020,2021,2018,2018,2018,2018,2143,2127,2638,2185,2985,2965,2982,3417,3417,3614,3744,3806,3738
2044,0.85962,0.85204,0.05171,0.05565,164.46,441,548,1378,1463,1370,1399,1818,1425,1475,1528,2021,2020,2021,2018,2018,2017,2017,2143,2126,2638,2184,2985,2965,2982,3417,3417,3614,3744,3806,3738
2045,0.85963,0.85035,0.05171,0.05596,164.53,441,549,1379,1463,1370,1399,1819,1425,1476,1528,2021,2020,2021,2018,2018,2018,2018,2143,2126,2638,2183,2985,2965,2982,3417,3417,3614,3744,3806,3738
2046,0.85965,0.85207,0.05171,0.05564,164.62,441,549,1380,1464,1371,1399,1820,1425,1476,1528,2021,2020,2021,2018,2018,2017,2017,2143,2126,2638,2182,2985,2965,2982,3417,3417,3614,3744,3806,3738
2047,0.8597,0.85046,0.0517,0.05594,164.71,441,549,1381,1464,1372,1399,1820,1425,1476,1529,2021,2020,2021,2018,2018,2018,2017,2143,2126,2638,2182,2985,2965,2982,3417,3417,3614,3744,3806,3738
2048,0.85975,0.85202,0.05169,0.05565,164.8,441,549,1381,1465,1372,1399,1821,1425,1476,1529,2021,2020,2021,2018,2018,2017,2017,2143,2126,2638,2181,2985,2965,2982,3417,3417,3614,3744,3806,3738
2049,0.85982,0.85076,0.05168,0.05589,164.89,441,549,1382,1466,1373,1399,1821,1425,1476,1529,2021,2020,2021,2018,2018,2018,2017,2143,2126,2638,2180,2985,2965,2982,3417,3417,3614,3744,3806,3738
2050,0.85989,0.85194,0.05166,0.05567,164.97,441,550,1383,1466,1373,1399,1822,1425,1477,1530,2021,2020,2021,2018,2018,2017,2017,2143,2126,2638,2179,2985,2965,2982,3417,3417,3614,3744,3806,3738
2051,0.85995,0.85117,0.05165,0.05581,165.06,441,550,1384,1467,1374,1399,1822,1425,1477,1530,2021,2020,2021,2018,2018,2018,2018,2143,2126,2638,2178,2985,2965,2982,3417,3417,3614,3744,3806,3738
2052,0.85999,0.85175,0.05165,0.0557,165.15,441,550,1384,1467,1374,1399,1823,1425,1477,1530,2021,2020,2021,2018,2018,2018,2017,2143,2126,2638,2178,2985,2965,2982,3417,3417,3614,3744,3806,3738
2053,0.86002,0.85156,0.05164,0.05574,165.24,441,550,1385,1468,1375,1399,1823,1425,1477,1530,2021,2020,2021,2018,2018,2018,2018,2143,2126,2638,2177,2985,2965,2982,3417,3417,3614,3744,3806,3738
2054,0.86003,0.85153,0.05164,0.05574,165.33,441,550,1386,1469,1375,1399,1824,1425,1477,1531,2021,2020,2021,2018,2018,2018,2018,2143,2126,2638,2176,2985,2965,2982,3417,3417,3614,3744,3806,3738
2055,0.86002,0.85185,0.05164,0.05568,165.41,441,550,1387,1469,1376,1399,1825,1425,1477,1531,2021,2020,2021,2018,2018,2018,2018,2143,2126,2638,2175,2985,2965,2982,3417,3417,3614,3744,3806,3738
2056,0.86,0.85128,0.05164,0.05579,165.48,441,551,1387,1470,1377,1399,1825,1425,1478,1531,2021,2020,2021,2018,2018,2018,2018,2143,2126,2638,2174,2985,2965,2982,3417,3417,3614,3744,3806,3738
2057,0.85998,0.85198,0.05165,0.05566,165.57,441,551,1388,1470,1377,1399,1826,1425,1478,1532,2021,2020,2021,2018,2018,2018,2018,2143,2126,2638,2174,2985,2965,2982,3417,3417,3614,3744,3806,3738
2058,0.85997,0.85107,0.05165,0.05583,165.65,441,551,1389,1471,1378,1399,1826,1425,1478,1532,2021,2020,2021,2018,2018,2018,2018,2143,2126,2638,2173,2985,2965,2982,3417,3417,3614,3744,3806,3738
2059,0.85996,0.85207,0.05165,0.05564,165.74,441,551,1390,1472,1378,1399,1827,1425,1478,1532,2021,2020,2021,2018,2018,2018,2018,2143,2126,2638,2172,2985,2965,2982,3417,3417,3614,3744,3806,3738
2060,0.85996,0.85102,0.05165,0.05584,165.82,441,551,1390,1472,1379,1399,1827,1425,1478,1532,2021,2020,2021,2018,2018,2018,2018,2143,2126,2638,2171,2985,2965,2982,3417,3417,3614,3744,3806,3738
2061,0.85997,0.85208,0.05165,0.05564,165.91,441,551,1391,1473,1379,1399,1828,1425,1479,1533,2021,2020,2021,2018,2018,2018,2017,2143,2126,2638,2170,2985,2965,2982,3417,3417,3614,3744,3806,3738
2062,0.86,0.85107,0.05165,0.05583,165.99,441,552,1392,1473,1380,1399,1828,1425,1479,1533,2021,2020,2021,2018,2018,2018,2018,2143,2126,2638,2170,2985,2965,2982,3417,3417,3614,3744,3806,3738
2063,0.86003,0.85206,0.05164,0.05564,166.08,441,552,1393,1474,1381,1399,1829,1425,1479,1533,2021,2020,2021,2018,2018,2018,2017,2143,2126,2638,2169,2985,2965,2982,3417,3417,3614,3744,3806,3738
2064,0.86006,0.85128,0.05163,0.05579,166.18,441,552,1393,1475,1381,1399,1829,1425,1479,1533,2021,2020,2021,2018,2018,2018,2017,2143,2126,2638,2168,2985,2965,2982,3417,3417,3614,3744,3806,3738
2065,0.86009,0.85198,0.05163,0.05566,166.26,441,552,1394,1475,1382,1399,1830,1425,1479,1534,2021,2020,2021,2018,2018,2017,2017,2143,2126,2638,2167,2985,2965,2982,3417,3417,3614,3744,3806,3738
2066,0.86012,0.85149,0.05162,0.05575,166.35,441,552,1395,1476,1382,1399,1831,1425,1479,1534,2021,2020,2021,2018,2018,2018,2017,2143,2126,2638,2167,2985,2965,2982,3417,3417,3614,3744,3806,3738
2067,0.86014,0.85185,0.05162,0.05568,166.44,441,553,1395,1476,1383,1399,1831,1425,1480,1534,2021,2020,2021,2018,2018,2018,2017,2143,2126,2638,2166,2985,2965,2982,3417,3417,3614,3744,3806,3738
2068,0.86016,0.85171,0.05162,0.05571,166.53,441,553,1396,1477,1383,1399,1832,1425,1480,1534,2021,2020,2021,2018,2018,2018,2018,2143,2126,2638,2165,2985,2965,2982,3417,3417,3614,3744,3806,3738
2069,0.86017,0.85177,0.05161,0.0557,166.61,441,553,1397,1478,1384,1399,1832,1425,1480,1535,2021,2020,2021,2018,2018,2018,2018,2143,2126,2638,2164,2985,2965,2982,3417,3417,3614,3744,3806,3738
2070,0.86018,0.85187,0.05161,0.05568,166.7,441,553,1398,1478,1385,1399,1833,1425,1480,1535,2021,2020,2021,2018,2018,2018,2018,2143,2126,2638,2164,2985,2965,2982,3417,3417,3614,3744,3806,3738
2071,0.86018,0.85166,0.05161,0.05572,166.79,441,553,1398,1479,1385,1399,1833,1425,1480,1535,2021,2020,2021,2018,2018,2018,2018,2143,2126,2638,2163,2985,2965,2982,3417,3417,3614,3744,3806,3738
2072,0.86018,0.852,0.05161,0.05565,166.88,441,553,1399,1479,1386,1399,1834,1425,1481,1535,2021,2020,2021,2018,2018,2018,2018,2143,2126,2638,2162,2985,2965,2982,3417,3417,3614,3744,3806,3738
2073,0.86017,0.85145,0.05161,0.05576,166.96,441,554,1400,1480,1386,1399,1834,1425,1481,1536,2021,2020,2021,2018,2018,2018,2018,2143,2126,2638,2162,2985,2965,2983,3417,3417,3614,3744,3806,3738
2074,0.86014,0.85213,0.05162,0.05563,167.05,441,554,1400,1480,1387,1399,1835,1425,1481,1536,2021,2020,2021,2018,2018,2018,2018,2143,2126,2638,2161,2985,2965,2982,3417,3417,3614,3744,3806,3738
2075,0.86009,0.85115,0.05163,0.05581,167.14,441,554,1401,1481,1387,1399,1835,1425,1481,1536,2021,2020,2021,2018,2018,2018,2018,2143,2126,2638,2160,2985,2965,2983,3417,3417,3614,3744,3806,3738
2076,0.86004,0.85229,0.05164,0.0556,167.23,441,554,1401,1482,1388,1399,1836,1425,1481,1537,2021,2020,2021,2018,2018,2018,2017,2143,2126,2638,2159,2985,2965,2982,3417,3417,3614,3744,3806,3738
2077,0.85998,0.85083,0.05165,0.05587,167.32,441,554,1401,1482,1388,1399,1836,1425,1482,1537,2021,2020,2021,2018,2018,2018,2018,2143,2126,2638,2159,2985,2965,2983,3417,3417,3614,3744,3806,3738
2078,0.85993,0.8524,0.05166,0.05558,167.4,441,554,1402,1483,1389,1399,1837,1425,1482,1537,2021,2020,2021,2018,2018,2017,2017,2143,2126,2638,2158,2985,2965,2982,3417,3417,3614,3744,3806,3738
2079,0.85987,0.85055,0.05167,0.05593,167.49,441,555,1402,1483,1390,1399,1837,1425,1482,1537,2021,2020,2021,2018,2018,2018,2018,2143,2126,2638,2157,2985,2965,2983,3417,3417,3614,3744,3806,3738
2080,0.85983,0.85244,0.05168,0.05557,167.58,441,555,1403,1484,1390,1399,1838,1425,1482,1538,2021,2020,2021,2018,2018,2017,2017,2143,2127,2638,2156,2985,2965,2982,3417,3417,3614,3744,3806,3738
2081,0.85983,0.85045,0.05168,0.05594,167.65,441,555,1403,1485,1391,1399,1838,1425,1482,1538,2021,2020,2021,2018,2018,2018,2017,2143,2127,2638,2156,2985,2965,2983,3417,3417,3614,3744,3806,3738
2082,0.85987,0.85245,0.05167,0.05557,167.73,441,555,1404,1485,1391,1399,1839,1425,1482,1538,2021,2020,2021,2018,2017,2017,2017,2143,2127,2638,2155,2985,2965,2982,3417,3417,3614,3744,3806,3738
2083,0.85996,0.8507,0.05165,0.0559,167.82,441,555,1405,1486,1392,1399,1839,1425,1482,1539,2021,2020,2021,2018,2018,2018,2017,2143,2126,2638,2154,2985,2965,2983,3417,3417,3614,3744,3806,3738
2084,0.86007,0.85236,0.05163,0.05559,167.91,441,555,1405,1486,1392,1399,1840,1425,1483,1539,2021,2020,2021,2018,2017,2017,2017,2143,2126,2638,2153,2985,2965,2983,3417,3417,3614,3744,3806,3738
2085,0.86019,0.85129,0.05161,0.05579,167.99,441,556,1406,1487,1393,1399,1840,1425,1483,1539,2021,2020,2021,2018,2018,2017,2017,2143,2126,2638,2153,2985,2965,2983,3417,3417,3614,3744,3806,3738
2086,0.86027,0.85218,0.05159,0.05562,168.07,441,556,1407,1488,1394,1399,1841,1425,1483,1540,2021,2020,2021,2018,2017,2017,2017,2143,2126,2638,2152,2985,2965,2983,3417,3417,3614,3744,3806,3738
2087,0.86032,0.85187,0.05159,0.05568,168.16,441,556,1407,1488,1394,1399,1842,1425,1483,1540,2021,2020,2021,2018,2018,2017,2018,2143,2126,2638,2152,2985,2965,2983,3417,3417,3614,3744,3806,3738
2088,0.86032,0.85182,0.05159,0.05569,168.27,441,556,1408,1489,1395,1399,1842,1425,1483,1540,2021,2020,2021,2018,2018,2018,2018,2143,2126,2638,2151,2985,2965,2983,3417,3417,3614,3744,3806,3738
2089,0.8603,0.85221,0.05159,0.05561,168.36,441,556,1408,1489,1395,1399,1843,1425,1484,1540,2021,2020,2021,2018,2018,2018,2018,2143,2126,2638,2150,2985,2965,2983,3417,3417,3614,3744,3806,3738
2090,0.86026,0.85143,0.0516,0.05576,168.45,441,557,1409,1490,1396,1399,1843,1425,1484,1541,2021,2020,2021,2018,2018,2018,2018,2143,2126,2638,2150,2985,2965,2983,3417,3417,3614,3744,3806,3738
2091,0.86021,0.85242,0.05161,0.05558,168.54,441,557,1410,1491,1396,1399,1844,1425,1484,1541,2021,2020,2021,2018,2018,2018,2018,2143,2126,2638,2149,2985,2965,2983,3417,3417,3614,3744,3806,3738
2092,0.86017,0.85115,0.05161,0.05581,168.62,441,557,1410,1491,1397,1399,1844,1425,1484,1541,2021,2020,2021,2018,2018,2018,2018,2143,2126,2638,2149,2985,2965,2983,3417,3417,3614,3744,3806,3738
2093,0.86014,0.85251,0.05162,0.05556,168.71,441,557,1411,1492,1398,1399,1845,1425,1484,1542,2021,2020,2021,2018,2018,2018,2018,2143,2126,2638,2148,2985,2965,2983,3417,3417,3614,3744,3806,3738
2094,0.86014,0.85102,0.05162,0.05584,168.82,441,557,1412,1492,1398,1399,1845,1425,1484,1542,2021,2020,2021,2018,2018,2018,2018,2143,2126,2638,2148,2985,2965,2983,3417,3417,3614,3744,3806,3738
2095,0.86016,0.85251,0.05162,0.05556,168.9,441,557,1412,1493,1399,1399,1846,1425,1485,1542,2021,2020,2021,2018,2018,2018,2017,2143,2127,2638,2147,2985,2965,2983,3417,3417,3614,3744,3806,3738
2096,0.8602,0.85117,0.05161,0.05581,168.98,441,558,1413,1493,1399,1399,1846,1425,1485,1542,2021,2020,2021,2018,2018,2018,2018,2143,2127,2638,2147,2985,2965,2983,3417,3417,3614,3744,3806,3738
2097,0.86025,0.8525,0.0516,0.05556,169.06,441,558,1414,1494,1400,1399,1847,1425,1485,1543,2021,2020,2021,2018,2018,2017,2017,2143,2127,2638,2146,2985,2965,2983,3417,3417,3614,3744,3806,3738
2098,0.86031,0.8515,0.05159,0.05575,169.14,441,558,1415,1495,1400,1399,1847,1425,1485,1543,2021,2020,2021,2018,2018,2018,2017,2143,2127,2638,2146,2985,2965,2983,3417,3417,3614,3744,3806,3738
2099,0.86036,0.85231,0.05158,0.0556,169.23,441,558,1415,1495,1400,1399,1848,1425,1485,1543,2021,2020,2021,2018,2018,2017,2017,2143,2126,2638,2146,2985,2965,2983,3417,3417,3614,3744,3806,3738
2100,0.8604,0.8518,0.05157,0.05569,169.32,441,558,1416,1496,1401,1399,1848,1425,1486,1543,2021,2020,2021,2018,2018,2017,2017,2143,2126,2638,2145,2985,2965,2983,3417,3417,3614,3744,3806,3738
2101,0.86043,0.85216,0.05157,0.05562,169.4,441,558,1417,1496,1401,1399,1848,1425,1486,1544,2021,2020,2021,2018,2018,2017,2017,2143,2126,2638,2145,2985,2965,2983,3417,3417,3614,3744,3806,3738
2102,0.86044,0.85217,0.05156,0.05562,169.48,441,559,1417,1497,1401,1399,1849,1425,1486,1544,2021,2020,2021,2018,2018,2017,2017,2143,2126,2638,2145,2985,2965,2983,3417,3417,3614,3744,3806,3738
2103,0.86044,0.85196,0.05156,0.05566,169.58,441,559,1418,1498,1402,1399,1849,1425,1486,1544,2021,2020,2021,2018,2018,2018,2018,2143,2126,2638,2145,2985,2965,2983,3417,3417,3614,3744,3806,3738
2104,0.86043,0.85229,0.05156,0.0556,169.67,441,559,1419,1498,1402,1399,1850,1425,1486,1544,2021,2020,2021,2018,2018,2018,2018,2143,2126,2638,2144,2985,2965,2983,3417,3417,3614,3744,3806,3738
2105,0.86042,0.85169,0.05157,0.05571,169.75,441,559,1419,1499,1403,1399,1850,1425,1486,1545,2021,2020,2021,2018,2018,2018,2018,2143,2126,2638,2144,2985,2965,2983,3417,3417,3614,3744,3806,3738
2106,0.8604,0.85248,0.05157,0.05556,169.85,441,559,1420,1499,1403,1399,1851,1425,1487,1545,2021,2020,2021,2018,2018,2018,2018,2143,2126,2638,2144,2985,2965,2983,3417,3417,3614,3744,3806,3738
2107,0.86039,0.85163,0.05157,0.05572,169.93,441,559,1421,1500,1403,1399,1851,1425,1487,1545,2021,2020,2021,2018,2018,2018,2018,2143,2126,2638,2144,2985,2965,2983,3417,3417,3614,3744,3806,3738
2108,0.86037,0.85263,0.05158,0.05554,170.02,441,560,1421,1501,1404,1399,1852,1425,1487,1546,2021,2020,2021,2018,2018,2018,2018,2143,2126,2638,2143,2985,2965,2983,3417,3417,3614,3744,3806,3738
2109,0.86036,0.85145,0.05158,0.05576,170.11,441,560,1422,1501,1404,1399,1852,1425,1487,1546,2021,2020,2021,2018,2018,2018,2018,2143,2126,2638,2143,2985,2965,2983,3417,3417,3614,3744,3806,3738
2110,0.86034,0.85263,0.05158,0.05554,170.2,441,560,1423,1502,1405,1399,1853,1425,1487,1546,2021,2020,2021,2018,2018,2018,2017,2143,2126,2638,2143,2985,2965,2983,3417,3417,3614,3744,3806,3738
2111,0.86034,0.85138,0.05158,0.05577,170.29,441,560,1423,1502,1405,1399,1853,1425,1488,1546,2021,2020,2021,2018,2018,2018,2018,2143,2126,2638,2143,2985,2965,2983,3417,3417,3614,3744,3806,3738
2112,0.86034,0.85272,0.05158,0.05552,170.37,441,560,1424,1503,1406,1399,1854,1425,1488,1547,2021,2020,2021,2018,2018,2017,2017,2143,2127,2637,2142,2985,2965,2983,3417,3417,3614,3744,3806,3738
2113,0.86036,0.85142,0.05158,0.05576,170.46,441,561,1425,1503,1406,1399,1854,1425,1488,1547,2021,2020,2021,2018,2018,2018,2017,2143,2127,2637,2142,2985,2965,2983,3417,3417,3614,3744,3806,3738
2114,0.86038,0.85266,0.05157,0.05553,170.55,441,561,1425,1504,1407,1399,1855,1425,1488,1547,2021,2020,2021,2018,2018,2017,2017,2143,2127,2637,2142,2985,2965,2983,3417,3417,3614,3744,3806,3738
2115,0.86042,0.85151,0.05157,0.05575,170.63,441,561,1426,1505,1407,1399,1855,1425,1488,1547,2021,2020,2021,2018,2018,2018,2017,2143,2127,2636,2142,2985,2965,2983,3417,3417,3614,3744,3806,3738
2116,0.86046,0.85264,0.05156,0.05553,170.71,441,561,1427,1505,1408,1399,1855,1425,1488,1548,2021,2020,2021,2018,2018,2017,2017,2143,2126,2635,2142,2985,2965,2983,3417,3417,3614,3744,3806,3738
2117,0.8605,0.8518,0.05155,0.05569,170.79,441,561,1427,1506,1408,1399,1856,1425,1489,1548,2021,2020,2021,2018,2018,2017,2017,2143,2126,2634,2142,2985,2965,2983,3417,3417,3614,3744,3806,3738
2118,0.86053,0.85255,0.05155,0.05555,170.87,441,561,1428,1506,1409,1399,1856,1425,1489,1548,2021,2020,2021,2018,2018,2017,2017,2143,2126,2633,2142,2985,2965,2983,3417,3417,3614,3744,3806,3738
2119,0.86056,0.852,0.05154,0.05565,170.95,441,562,1429,1507,1409,1399,1857,1425,1489,1549,2021,2020,2021,2018,2018,2018,2018,2143,2126,2633,2142,2985,2965,2983,3417,3417,3614,3744,3806,3738
2120,0.86059,0.8524,0.05154,0.05558,171.03,441,562,1430,1508,1410,1399,1857,1425,1489,1549,2021,2020,2021,2018,2018,2017,2018,2143,2126,2632,2142,2985,2965,2983,3417,3417,3614,3744,3806,3738
2121,0.8606,0.85227,0.05153,0.0556,171.11,441,562,1430,1508,1410,1399,1858,1425,1489,1549,2021,2020,2021,2018,2018,2018,2018,2143,2126,2631,2142,2985,2965,2983,3417,3417,3614,3744,3806,3738
2122,0.86061,0.85231,0.05153,0.0556,171.2,441,562,1431,1509,1411,1399,1858,1425,1490,1549,2021,2020,2021,2018,2018,2018,2018,2143,2126,2630,2142,2985,2965,2983,3417,3417,3614,3744,3806,3738
2123,0.86062,0.85242,0.05153,0.05558,171.28,441,562,1432,1509,1411,1399,1859,1425,1490,1550,2021,2020,2021,2018,2018,2018,2018,2143,2126,2629,2142,2985,2965,2983,3417,3417,3614,3744,3806,3738
2124,0.86062,0.85216,0.05153,0.05562,171.37,441,563,1432,1510,1412,1399,1859,1425,1490,1550,2021,2020,2021,2018,2018,2018,2018,2143,2126,2628,2142,2985,2965,2983,3417,3417,3614,3744,3806,3738
2125,0.86062,0.85255,0.05153,0.05555,171.46,441,563,1433,1510,1412,1399,1860,1425,1490,1550,2021,2020,2021,2018,2018,2018,2018,2143,2126,2626,2142,2984,2965,2983,3417,3417,3614,3744,3806,3738
2126,0.86061,0.85207,0.05153,0.05564,171.56,441,563,1434,1511,1413,1399,1860,1425,1490,1550,2021,2020,2021,2018,2018,2018,2018,2143,2126,2625,2141,2985,2965,2983,3417,3417,3614,3744,3806,3738
2127,0.8606,0.8527,0.05153,0.05552,171.64,441,563,1435,1512,1413,1399,1861,1425,1490,1551,2021,2020,2021,2018,2018,2018,2017,2143,2126,2624,2141,2984,2965,2983,3417,3417,3614,3744,3806,3738
2128,0.86059,0.85191,0.05154,0.05567,171.73,441,563,1435,1512,1414,1399,1861,1425,1490,1551,2021,2020,2021,2018,2018,2018,2018,2143,2126,2623,2141,2984,2965,2983,3417,3417,3614,3744,3806,3738
2129,0.86058,0.85275,0.05154,0.05551,171.82,441,563,1436,1513,1414,1399,1861,1425,1491,1551,2021,2020,2021,2018,2018,2018,2017,2143,2126,2622,2141,2984,2965,2983,3417,3417,3614,3744,3806,3738
2130,0.86057,0.85178,0.05154,0.05569,171.9,441,564,1437,1513,1415,1399,1862,1425,1491,1552,2021,2020,2021,2018,2018,2018,2017,2143,2126,2621,2141,2984,2965,2983,3417,3417,3614,3744,3806,3738
2131,0.86055,0.85288,0.05154,0.05549,172.0,441,564,1437,1514,1415,1399,1862,1425,1491,1552,2021,2020,2021,2018,2018,2017,2017,2143,2126,2620,2141,2984,2965,2983,3417,3417,3614,3744,3806,3738
2132,0.86054,0.85172,0.05154,0.05571,172.1,441,564,1438,1514,1416,1399,1863,1425,1491,1552,2021,2020,2021,2018,2018,2018,2017,2143,2127,2619,2142,2984,2965,2983,3417,3417,3614,3744,3806,3738
2133,0.86053,0.8529,0.05155,0.05548,172.19,441,564,1439,1515,1416,1399,1863,1425,1491,1552,2021,2020,2021,2018,2017,2017,2017,2143,2127,2618,2141,2984,2965,2983,3417,3417,3614,3744,3806,3738
2134,0.86052,0.85159,0.05155,0.05573,172.27,441,564,1440,1516,1417,1399,1864,1425,1491,1553,2021,2020,2021,2018,2018,2018,2017,2143,2127,2617,2142,2984,2965,2983,3417,3417,3614,3744,3806,3738
2135,0.86053,0.85292,0.05155,0.05548,172.37,441,564,1440,1516,1417,1399,1864,1425,1492,1553,2021,2020,2021,2018,2017,2017,2017,2143,2126,2616,2142,2984,2965,2983,3417,3417,3614,3744,3806,3738
2136,0.86055,0.85168,0.05154,0.05571,172.46,441,565,1441,1517,1418,1399,1864,1425,1492,1553,2021,2020,2021,2018,2018,2017,2018,2143,2126,2615,2142,2984,2965,2983,3417,3417,3614,3744,3806,3738
2137,0.86059,0.85294,0.05154,0.05548,172.54,441,565,1442,1517,1418,1399,1865,1425,1492,1554,2021,2020,2021,2018,2017,2017,2017,2143,2126,2614,2142,2984,2965,2983,3417,3417,3614,3744,3806,3738
2138,0.86062,0.85181,0.05153,0.05569,172.63,441,565,1442,1518,1419,1399,1865,1425,1492,1554,2021,2020,2021,2018,2018,2018,2018,2143,2126,2612,2142,2984,2965,2983,3417,3417,3614,3744,3806,3738
2139,0.86065,0.85289,0.05153,0.05549,172.71,441,565,1443,1518,1420,1399,1866,1425,1493,1554,2021,2020,2021,2018,2018,2017,2017,2143,2126,2611,2142,2984,2965,2983,3417,3417,3614,3744,3806,3738
2140,0.86067,0.85197,0.05152,0.05566,172.81,441,565,1444,1519,1420,1399,1866,1425,1493,1554,2021,2020,2021,2018,2018,2018,2018,2143,2126,2610,2142,2984,2965,2983,3417,3417,3614,3744,3806,3738
2141,0.8607,0.85286,0.05152,0.05549,172.9,441,565,1445,1520,1421,1399,1866,1425,1493,1555,2021,2020,2021,2018,2018,2017,2017,2143,2126,2609,2142,2984,2965,2983,3417,3417,3614,3744,3806,3738
2142,0.86073,0.85211,0.05151,0.05563,172.99,441,566,1445,1520,1421,1399,1867,1425,1493,1555,2021,2020,2021,2018,2018,2018,2018,2143,2126,2608,2142,2984,2965,2983,3417,3417,3614,3744,3806,3738
2143,0.86075,0.85282,0.05151,0.0555,173.08,441,566,1446,1521,1422,1399,1867,1425,1493,1555,2021,2020,2021,2018,2018,2018,2017,2143,2126,2607,2142,2984,2965,2983,3417,3417,3614,3744,3806,3738
2144,0.86077,0.85225,0.0515,0.05561,173.16,441,566,1447,1521,1422,1399,1868,1425,1493,1555,2021,2020,2021,2018,2018,2018,2018,2143,2126,2606,2142,2984,2965,2983,3417,3417,3614,3744,3806,3738
2145,0.86079,0.85276,0.0515,0.05551,173.25,441,566,1447,1522,1423,1399,1868,1425,1494,1556,2021,2020,2021,2018,2018,2018,2017,2143,2126,2604,2142,2984,2965,2983,3417,3417,3614,3744,3806,3738
2146,0.8608,0.85238,0.0515,0.05558,173.33,441,566,1448,1522,1423,1399,1869,1425,1494,1556,2021,2020,2021,2018,2018,2018,2017,2143,2126,2603,2142,2984,2965,2983,3417,3417,3614,3744,3806,3738
2147,0.86082,0.85271,0.05149,0.05552,173.41,441,566,1449,1523,1424,1399,1869,1425,1494,1556,2021,2020,2021,2018,2018,2018,2017,2143,2126,2602,2142,2984,2965,2983,3417,3417,3614,3744,3806,3738
2148,0.86083,0.85251,0.05149,0.05556,173.5,441,567,1450,1524,1424,1399,1869,1425,1494,1556,2021,2020,2021,2018,2018,2018,2017,2143,2126,2601,2142,2984,2965,2983,3417,3417,3614,3744,3806,3738
2149,0.86085,0.85266,0.05149,0.05553,173.59,441,567,1450,1524,1425,1399,1870,1425,1494,1557,2021,2020,2021,2018,2018,2018,2017,2143,2126,2599,2142,2984,2965,2983,3417,3417,3614,3744,3806,3738
2150,0.86086,0.85259,0.05149,0.05554,173.68,441,567,1451,1525,1425,1399,1870,1425,1495,1557,2021,2020,2021,2018,2018,2018,2017,2143,2126,2598,2142,2984,2965,2983,3417,3417,3614,3744,3806,3738
2151,0.86087,0.85262,0.05148,0.05554,173.77,441,567,1452,1525,1426,1399,1870,1425,1495,1557,2021,2020,2021,2018,2018,2018,2017,2143,2126,2597,2142,2984,2965,2983,3417,3417,3614,3744,3806,3738
2152,0.86087,0.85268,0.05148,0.05553,173.87,441,567,1453,1526,1426,1399,1871,1425,1495,1558,2021,2020,2021,2018,2018,2017,2017,2143,2126,2595,2142,2984,2965,2983,3417,3417,3614,3744,3806,3738
2153,0.86088,0.8526,0.05148,0.05554,173.96,441,568,1453,1526,1427,1399,1871,1425,1495,1558,2021,2020,2021,2018,2018,2018,2017,2142,2126,2594,2142,2984,2965,2983,3417,3417,3614,3744,3806,3738
2154,0.86089,0.85275,0.05148,0.05551,174.04,441,568,1454,1527,1428,1399,1872,1425,1495,1558,2021,2020,2021,2018,2018,2017,2017,2142,2126,2592,2142,2984,2965,2983,3417,3417,3614,3744,3806,3738
2155,0.8609,0.85253,0.05148,0.05556,174.13,440,568,1455,1528,1428,1399,1872,1425,1495,1558,2021,2020,2021,2018,2018,2018,2018,2142,2126,2591,2142,2984,2965,2983,3417,3417,3614,3744,3806,3738
2156,0.8609,0.85284,0.05148,0.0555,174.21,440,568,1455,1528,1429,1399,1873,1425,1496,1559,2021,2020,2021,2018,2018,2017,2017,2142,2126,2589,2142,2984,2965,2983,3417,3417,3614,3744,3806,3738
2157,0.8609,0.85243,0.05148,0.05557,174.31,440,568,1456,1529,1429,1399,1873,1425,1496,1559,2021,2020,2021,2018,2018,2018,2018,2142,2126,2588,2142,2984,2965,2983,3417,3417,3614,3744,3806,3738
2158,0.8609,0.85296,0.05148,0.05547,174.38,440,568,1457,1529,1430,1399,1873,1425,1496,1559,2021,2020,2021,2018,2018,2017,2017,2142,2126,2586,2142,2984,2965,2983,3417,3417,3614,3744,3806,3738
2159,0.86089,0.85229,0.05148,0.0556,174.47,440,569,1458,1530,1430,1399,1874,1425,1496,1559,2021,2020,2021,2018,2018,2018,2018,2141,2126,2585,2142,2984,2965,2983,3417,3417,3614,3744,3806,3738
2160,0.86087,0.8531,0.05148,0.05545,174.57,440,569,1458,1530,1431,1399,1874,1425,1496,1560,2021,2020,2021,2018,2018,2017,2017,2141,2126,2583,2142,2984,2965,2983,3417,3417,3614,3744,3806,3738
2161,0.86083,0.85203,0.05149,0.05565,174.65,440,569,1459,1531,1431,1399,1874,1425,1496,1560,2021,2020,2021,2018,2018,2018,2018,2141,2126,2581,2142,2984,2965,2983,3417,3417,3614,3744,3806,3738
2162,0.86078,0.85321,0.0515,0.05543,174.73,440,569,1460,1532,1432,1399,1875,1425,1497,1560,2021,2020,2021,2018,2018,2017,2017,2141,2126,2580,2142,2984,2965,2983,3417,3417,3614,3744,3806,3738
2163,0.86071,0.85167,0.05151,0.05572,174.82,440,569,1460,1532,1432,1399,1875,1425,1497,1561,2021,2020,2021,2018,2018,2018,2018,2140,2127,2578,2142,2984,2965,2983,3417,3417,3614,3744,3806,3738
2164,0.86059,0.85338,0.05154,0.05539,174.9,440,569,1461,1533,1433,1399,1876,1425,1497,1561,2021,2020,2021,2018,2017,2017,2017,2140,2126,2576,2142,2984,2965,2983,3417,3417,3614,3744,3806,3738
2165,0.86043,0.85107,0.05157,0.05583,174.99,440,570,1462,1533,1433,1399,1876,1425,1497,1561,2021,2020,2021,2018,2018,2018,2018,2140,2126,2575,2142,2984,2965,2983,3417,3417,3614,3744,3806,3738
2166,0.86021,0.85341,0.05161,0.05539,175.09,440,570,1462,1534,1434,1399,1876,1425,1497,1561,2021,2020,2021,2018,2017,2017,2017,2140,2126,2573,2142,2984,2965,2983,3417,3417,3614,3744,3806,3738
2167,0.86,0.85027,0.05165,0.05598,175.18,440,570,1463,1534,1434,1399,1876,1425,1498,1562,2021,2021,2021,2018,2018,2018,2018,2141,2126,2571,2142,2984,2965,2983,3417,3417,3614,3744,3806,3738
2168,0.85983,0.85337,0.05168,0.0554,175.26,440,570,1464,1535,1435,1399,1877,1425,1498,1562,2021,2020,2021,2017,2017,2017,2017,2141,2127,2570,2141,2984,2965,2983,3417,3418,3614,3744,3806,3738
2169,0.85989,0.85014,0.05166,0.056,175.35,440,570,1465,1536,1435,1399,1877,1425,1498,1562,2021,2021,2021,2018,2017,2017,2017,2142,2127,2568,2141,2984,2965,2983,3417,3418,3614,3744,3806,3738
2170,0.86015,0.85344,0.05162,0.05538,175.44,440,570,1465,1536,1436,1399,1878,1425,1498,1563,2021,2020,2021,2017,2017,2017,2017,2141,2126,2566,2141,2984,2965,2983,3417,3418,3614,3744,3806,3738
2171,0.86057,0.85128,0.05154,0.05579,175.52,440,571,1466,1537,1436,1399,1878,1425,1498,1563,2021,2021,2021,2018,2017,2017,2017,2140,2126,2564,2141,2984,2965,2983,3417,3418,3614,3744,3806,3738
2172,0.86092,0.85325,0.05147,0.05542,175.62,440,571,1467,1537,1437,1399,1878,1425,1498,1563,2021,2020,2021,2017,2017,2017,2017,2139,2125,2562,2141,2984,2965,2983,3417,3418,3614,3744,3806,3738
2173,0.86108,0.85281,0.05145,0.0555,175.7,440,571,1467,1538,1438,1399,1879,1425,1499,1563,2021,2020,2021,2017,2017,2017,2017,2139,2125,2560,2141,2984,2965,2983,3417,3418,3614,3744,3806,3738
2174,0.86101,0.8524,0.05146,0.05558,175.79,440,571,1468,1538,1438,1399,1879,1425,1499,1564,2021,2020,2021,2018,2017,2017,2017,2138,2125,2558,2141,2984,2965,2983,3417,3418,3614,3744,3806,3738
2175,0.86083,0.85344,0.05149,0.05538,175.88,440,571,1469,1539,1439,1399,1879,1425,1499,1564,2021,2020,2021,2018,2017,2017,2017,2137,2125,2556,2141,2984,2965,2983,3417,3418,3614,3744,3806,3738
2176,0.86068,0.85145,0.05152,0.05576,175.96,440,572,1469,1540,1439,1399,1880,1425,1499,1564,2021,2020,2021,2018,2018,2018,2018,2137,2126,2554,2141,2984,2965,2983,3417,3418,3614,3744,3806,3738
2177,0.86065,0.8535,0.05153,0.05537,176.04,440,572,1470,1540,1440,1399,1880,1425,1499,1565,2021,2020,2021,2018,2018,2017,2018,2136,2126,2552,2141,2984,2965,2983,3417,3418,3614,3744,3806,3738
2178,0.86076,0.85163,0.0515,0.05572,176.13,440,572,1471,1541,1440,1399,1880,1425,1500,1565,2021,2020,2021,2018,2018,2018,2018,2136,2127,2550,2141,2984,2965,2983,3417,3417,3614,3744,3806,3738
2179,0.86095,0.85346,0.05147,0.05538,176.21,440,572,1471,1541,1441,1399,1881,1425,1500,1565,2021,2020,2021,2018,2018,2018,2018,2137,2127,2547,2141,2984,2965,2983,3417,3417,3614,3744,3806,3738
2180,0.86112,0.85255,0.05144,0.05555,176.29,440,572,1472,1542,1441,1399,1881,1425,1500,1565,2021,2020,2021,2018,2018,2018,2018,2137,2127,2545,2141,2984,2965,2983,3417,3417,3614,3744,3806,3738
2181,0.86119,0.85297,0.05143,0.05547,176.39,440,572,1473,1542,1442,1399,1881,1425,1500,1566,2021,2020,2021,2018,2018,2018,2018,2137,2127,2543,2141,2984,2965,2983,3417,3417,3614,3744,3806,3738
2182,0.86115,0.85329,0.05143,0.05541,176.47,440,573,1474,1543,1442,1399,1882,1425,1500,1566,2021,2020,2021,2018,2018,2018,2017,2138,2127,2540,2141,2984,2965,2983,3417,3417,3614,3744,3806,3738
2183,0.86105,0.8523,0.05145,0.0556,176.56,440,573,1474,1543,1443,1399,1882,1425,1500,1566,2021,2020,2021,2018,2018,2018,2017,2138,2127,2538,2141,2984,2965,2983,3417,3417,3614,3744,3806,3738
2184,0.86096,0.85357,0.05147,0.05536,176.65,440,573,1475,1544,1443,1399,1882,1425,1501,1567,2021,2020,2021,2018,2018,2017,2017,2138,2127,2536,2141,2984,2965,2983,3417,3417,3614,3744,3806,3738
2185,0.86093,0.85193,0.05147,0.05567,176.74,440,573,1476,1545,1444,1399,1882,1425,1501,1567,2021,2020,2021,2018,2018,2018,2017,2138,2126,2534,2141,2984,2965,2983,3417,3417,3614,3744,3806,3738
2186,0.86099,0.85355,0.05146,0.05536,176.82,440,573,1476,1545,1444,1399,1883,1425,1501,1567,2021,2020,2021,2018,2017,2017,2017,2137,2126,2532,2141,2984,2965,2983,3417,3417,3614,3744,3806,3738
2187,0.86111,0.85236,0.05144,0.05559,176.91,440,574,1477,1546,1445,1399,1883,1425,1501,1567,2021,2020,2021,2018,2017,2017,2017,2137,2126,2530,2142,2984,2965,2983,3417,3417,3614,3744,3806,3738
2188,0.86121,0.85337,0.05142,0.0554,177.0,440,574,1478,1546,1445,1399,1883,1425,1501,1568,2021,2020,2021,2018,2017,2017,2017,2137,2126,2528,2142,2984,2965,2983,3417,3417,3614,3744,3806,3738
2189,0.86127,0.85303,0.05141,0.05546,177.08,440,574,1478,1547,1446,1399,1884,1425,1501,1568,2021,2020,2021,2018,2017,2017,2017,2137,2126,2526,2142,2984,2965,2983,3417,3417,3614,3744,3806,3738
2190,0.86126,0.85288,0.05141,0.05549,177.18,440,574,1479,1547,1446,1399,1884,1425,1502,1568,2021,2020,2021,2018,2017,2017,2017,2137,2126,2524,2142,2984,2965,2983,3417,3417,3614,3744,3806,3738
2191,0.86122,0.85345,0.05142,0.05538,177.27,440,574,1480,1548,1447,1399,1884,1425,1502,1569,2021,2020,2021,2018,2017,2017,2017,2136,2126,2523,2142,2984,2965,2983,3417,3417,3614,3744,3806,3738
2192,0.86118,0.85249,0.05143,0.05556,177.37,440,574,1480,1548,1447,1399,1885,1425,1502,1569,2021,2020,2021,2018,2018,2018,2018,2137,2127,2521,2142,2984,2965,2983,3417,3417,3614,3744,3806,3738
2193,0.86117,0.85355,0.05143,0.05536,177.46,440,575,1481,1549,1448,1399,1885,1425,1502,1569,2021,2020,2021,2018,2018,2017,2018,2137,2127,2519,2142,2984,2965,2983,3417,3418,3614,3744,3806,3738
2194,0.8612,0.8525,0.05142,0.05556,177.55,440,575,1482,1550,1448,1399,1885,1425,1502,1569,2021,2020,2021,2018,2018,2018,2018,2137,2127,2518,2142,2984,2965,2983,3417,3417,3614,3744,3806,3738
2195,0.86126,0.85347,0.05141,0.05538,177.64,440,575,1482,1550,1449,1399,1886,1425,1502,1570,2021,2020,2021,2018,2018,2018,2018,2137,2127,2516,2142,2984,2965,2983,3417,3418,3614,3744,3806,3738
2196,0.86131,0.85288,0.0514,0.05549,177.72,440,575,1483,1551,1449,1399,1886,1425,1503,1570,2021,2020,2021,2018,2018,2018,2018,2137,2127,2515,2142,2984,2965,2983,3417,3418,3614,3744,3806,3738
2197,0.86134,0.85326,0.0514,0.05542,177.82,440,575,1484,1551,1450,1399,1886,1425,1503,1570,2021,2020,2021,2018,2018,2018,2018,2137,2127,2514,2142,2984,2965,2983,3417,3418,3614,3744,3806,3738
2198,0.86135,0.85323,0.05139,0.05542,177.91,440,576,1484,1552,1450,1399,1886,1425,1503,1570,2021,2020,2021,2018,2018,2018,2017,2137,2126,2513,2142,2984,2965,2983,3417,3418,3614,3744,3806,3738
2199,0.86134,0.85293,0.0514,0.05548,177.99,439,576,1485,1552,1451,1399,1887,1425,1503,1571,2021,2020,2021,2018,2018,2018,2017,2137,2126,2512,2142,2984,2965,2983,3417,3417,3614,3744,3806,3738
2200,0.86133,0.85346,0.0514,0.05538,178.08,439,576,1486,1553,1451,1399,1887,1425,1503,1571,2021,2020,2021,2018,2018,2018,2017,2137,2126,2511,2142,2984,2965,2983,3417,3417,3614,3744,3806,3738
2201,0.86131,0.85274,0.0514,0.05552,178.16,439,576,1486,1553,1452,1399,1887,1425,1504,1571,2021,2020,2021,2018,2018,2018,2017,2137,2126,2510,2142,2984,2965,2983,3417,3417,3614,3744,3806,3738
2202,0.86131,0.85357,0.0514,0.05536,178.25,439,576,1487,1554,1452,1399,1887,1425,1504,1571,2021,2020,2021,2018,2018,2017,2017,2137,2126,2509,2142,2984,2965,2983,3417,3417,3614,3744,3806,3738
2203,0.86132,0.85272,0.0514,0.05552,178.34,439,577,1488,1554,1453,1399,1888,1425,1504,1572,2021,2020,2021,2018,2018,2018,2017,2137,2126,2508,2142,2984,2965,2983,3417,3417,3614,3744,3806,3738
2204,0.86135,0.85352,0.0514,0.05537,178.43,439,577,1488,1555,1453,1399,1888,1425,1504,1572,2021,2020,2021,2018,2018,2017,2017,2137,2126,2507,2142,2984,2965,2983,3417,3417,3614,3744,3806,3738
2205,0.86138,0.85291,0.05139,0.05548,178.52,439,577,1489,1556,1454,1399,1888,1425,1504,1572,2021,2020,2021,2018,2018,2018,2017,2137,2127,2506,2142,2984,2965,2983,3417,3417,3614,3744,3806,3738
2206,0.8614,0.85346,0.05138,0.05538,178.6,439,577,1490,1556,1454,1399,1889,1425,1504,1572,2021,2020,2021,2018,2018,2017,2017,2137,2127,2505,2142,2984,2965,2983,3417,3417,3614,3744,3806,3738
2207,0.86143,0.85314,0.05138,0.05544,178.69,439,577,1490,1557,1455,1399,1889,1425,1504,1573,2021,2020,2021,2018,2018,2017,2018,2137,2127,2504,2142,2984,2965,2983,3417,3417,3614,3744,3806,3738
2208,0.86144,0.8533,0.05138,0.05541,178.77,439,577,1491,1557,1455,1399,1889,1425,1505,1573,2021,2020,2021,2018,2018,2017,2018,2137,2127,2503,2142,2984,2965,2983,3417,3417,3614,3744,3806,3738
2209,0.86145,0.85329,0.05138,0.05541,178.86,439,578,1492,1558,1456,1399,1889,1425,1505,1573,2021,2020,2021,2018,2018,2017,2018,2137,2127,2503,2142,2984,2965,2983,3417,3417,3614,3744,3806,3738
2210,0.86146,0.8532,0.05137,0.05543,178.95,439,578,1492,1558,1456,1399,1890,1425,1505,1574,2021,2020,2021,2018,2018,2018,2018,2137,2127,2502,2142,2984,2965,2983,3417,3417,3614,3744,3806,3738
2211,0.86146,0.85345,0.05137,0.05538,179.05,439,578,1493,1559,1457,1399,1890,1425,1505,1574,2021,2020,2021,2018,2018,2018,2018,2137,2127,2501,2142,2984,2965,2983,3417,3417,3614,3744,3806,3738
2212,0.86147,0.8531,0.05137,0.05545,179.13,439,578,1494,1559,1457,1399,1890,1425,1505,1574,2021,2020,2021,2018,2018,2018,2018,2137,2127,2500,2142,2984,2965,2983,3417,3417,3614,3744,3806,3738
2213,0.86147,0.85352,0.05137,0.05537,179.22,439,578,1494,1560,1458,1399,1890,1425,1505,1574,2021,2020,2021,2018,2018,2018,2017,2137,2126,2499,2142,2984,2965,2983,3417,3417,3614,3744,3806,3738
2214,0.86148,0.85304,0.05137,0.05546,179.3,439,579,1495,1561,1458,1399,1891,1425,1505,1575,2021,2020,2021,2018,2018,2018,2018,2137,2126,2499,2142,2984,2965,2983,3417,3417,3614,3744,3806,3738
2215,0.86148,0.8536,0.05137,0.05535,179.39,439,579,1496,1561,1459,1399,1891,1425,1505,1575,2021,2020,2021,2018,2018,2018,2017,2137,2126,2498,2142,2984,2965,2983,3417,3417,3614,3744,3806,3738
2216,0.86149,0.85306,0.05137,0.05545,179.48,439,579,1496,1562,1459,1399,1891,1425,1506,1575,2021,2020,2021,2018,2018,2018,2018,2137,2126,2497,2142,2984,2965,2983,3417,3417,3614,3744,3806,3738
2217,0.8615,0.8536,0.05137,0.05535,179.56,439,579,1497,1562,1460,1399,1891,1425,1506,1575,2021,2020,2021,2018,2018,2018,2017,2137,2126,2496,2142,2984,2965,2983,3417,3417,3614,3744,3806,3738
2218,0.86151,0.85307,0.05136,0.05545,179.65,439,579,1498,1563,1460,1399,1892,1425,1506,1576,2021,2020,2021,2018,2018,2018,2017,2137,2126,2495,2142,2984,2965,2983,3417,3417,3614,3744,3806,3738
2219,0.86152,0.85362,0.05136,0.05535,179.74,439,579,1498,1563,1461,1399,1892,1425,1506,1576,2021,2020,2021,2018,2018,2017,2017,2137,2126,2495,2142,2984,2965,2983,3417,3417,3614,3744,3806,3738
2220,0.86154,0.85312,0.05136,0.05544,179.82,439,580,1499,1564,1461,1399,1892,1425,1506,1576,2021,2020,2021,2018,2018,2018,2017,2137,2126,2494,2142,2984,2965,2983,3417,3417,3614,3744,3806,3738
2221,0.86155,0.85361,0.05136,0.05535,179.91,439,580,1500,1564,1462,1399,1892,1425,1506,1577,2021,2020,2021,2018,2018,2017,2017,2137,2127,2493,2142,2984,2965,2983,3417,3417,3614,3744,3806,3738
2222,0.86156,0.85314,0.05136,0.05544,180.01,439,580,1500,1565,1462,1399,1893,1425,1507,1577,2021,2020,2021,2018,2018,2018,2018,2137,2127,2492,2142,2984,2966,2983,3417,3417,3614,3744,3806,3738
2223,0.86157,0.85362,0.05135,0.05535,180.09,439,580,1501,1565,1463,1399,1893,1425,1507,1577,2021,2020,2021,2018,2018,2017,2017,2137,2127,2491,2142,2984,2965,2983,3417,3417,3614,3744,3806,3738
2224,0.86158,0.85317,0.05135,0.05543,180.17,439,581,1502,1566,1463,1399,1893,1425,1507,1577,2021,2020,2021,2018,2018,2018,2018,2137,2127,2490,2142,2984,2966,2983,3417,3417,3614,3744,3806,3738
2225,0.86159,0.85364,0.05135,0.05534,180.25,439,581,1502,1566,1464,1399,1893,1425,1507,1578,2021,2020,2021,2018,2018,2017,2017,2137,2127,2489,2141,2984,2965,2983,3417,3417,3614,3744,3806,3738
2226,0.86159,0.85317,0.05135,0.05543,180.34,439,581,1503,1567,1464,1399,1894,1425,1507,1578,2021,2020,2021,2018,2018,2018,2018,2137,2127,2488,2141,2984,2966,2983,3417,3417,3614,3744,3806,3738
2227,0.8616,0.85367,0.05135,0.05534,180.43,439,581,1503,1568,1465,1399,1894,1425,1508,1578,2021,2020,2021,2018,2018,2017,2017,2137,2127,2487,2141,2984,2966,2983,3417,3417,3614,3744,3806,3738
2228,0.86161,0.85317,0.05135,0.05543,180.52,439,581,1504,1568,1465,1399,1894,1425,1508,1579,2021,2020,2021,2018,2018,2018,2018,2137,2127,2486,2141,2984,2966,2983,3417,3417,3614,3744,3806,3738
2229,0.86161,0.85374,0.05135,0.05533,180.61,439,581,1505,1569,1466,1399,1894,1425,1508,1579,2021,2020,2021,2018,2018,2017,2017,2137,2127,2485,2141,2984,2966,2983,3417,3417,3614,3744,3806,3738
2230,0.86162,0.85314,0.05135,0.05544,180.69,438,582,1505,1569,1466,1399,1895,1425,1508,1579,2021,2020,2021,2018,2018,2018,2018,2137,2126,2484,2141,2984,2966,2983,3417,3417,3614,3744,3806,3738
2231,0.86162,0.8538,0.05135,0.05532,180.77,438,582,1506,1570,1467,1399,1895,1425,1508,1579,2021,2020,2021,2018,2018,2018,2017,2137,2126,2483,2141,2984,2966,2983,3417,3417,3614,3744,3806,3738
2232,0.86162,0.85307,0.05135,0.05545,180.86,438,582,1507,1570,1467,1399,1895,1425,1508,1580,2021,2020,2021,2018,2018,2018,2018,2137,2126,2482,2141,2984,2966,2983,3417,3417,3614,3744,3806,3738
2233,0.86161,0.85387,0.05135,0.0553,180.96,438,582,1507,1571,1468,1399,1895,1425,1509,1580,2021,2020,2021,2018,2018,2017,2017,2137,2126,2481,2141,2984,2966,2983,3417,3417,3614,3744,3806,3738
2234,0.86161,0.85299,0.05135,0.05547,181.05,438,583,1508,1571,1468,1399,1896,1425,1509,1580,2021,2020,2021,2018,2018,2018,2018,2137,2126,2480,2141,2984,2966,2983,3417,3417,3614,3744,3806,3738
2235,0.8616,0.85394,0.05135,0.05529,181.14,438,583,1509,1572,1469,1399,1896,1425,1509,1581,2021,2020,2021,2018,2018,2017,2017,2137,2127,2479,2141,2984,2966,2983,3417,3417,3614,3744,3806,3738
2236,0.8616,0.85292,0.05135,0.05548,181.22,438,583,1509,1572,1469,1399,1896,1425,1509,1581,2021,2020,2021,2018,2018,2018,2018,2137,2127,2477,2141,2984,2966,2983,3417,3417,3614,3744,3806,3738
2237,0.86158,0.85401,0.05135,0.05527,181.3,438,583,1510,1573,1470,1399,1896,1425,1509,1581,2021,2020,2021,2018,2018,2017,2017,2137,2127,2476,2141,2984,2966,2983,3417,3418,3614,3744,3806,3738
2238,0.86158,0.85287,0.05135,0.05549,181.4,438,583,1511,1573,1470,1399,1897,1425,1509,1582,2021,2020,2021,2018,2018,2018,2018,2137,2127,2475,2141,2984,2966,2983,3417,3417,3614,3744,3806,3738
2239,0.86158,0.85406,0.05135,0.05527,181.48,438,584,1511,1574,1471,1399,1897,1425,1510,1582,2021,2020,2021,2018,2017,2017,2017,2137,2127,2473,2141,2984,2966,2983,3417,3418,3614,3744,3806,3738
2240,0.86158,0.85282,0.05135,0.0555,181.56,438,584,1512,1574,1471,1399,1897,1425,1510,1582,2021,2020,2021,2018,2018,2018,2018,2137,2127,2472,2141,2984,2966,2983,3417,3417,3614,3744,3806,3738
2241,0.86158,0.85408,0.05135,0.05526,181.64,438,584,1513,1575,1472,1399,1897,1425,1510,1582,2021,2020,2021,2018,2017,2017,2017,2137,2126,2470,2141,2984,2966,2983,3417,3418,3614,3744,3806,3738
2242,0.8616,0.85285,0.05135,0.05549,181.72,438,584,1513,1576,1472,1399,1898,1425,1510,1583,2021,2020,2021,2018,2018,2018,2018,2137,2127,2469,2141,2984,2966,2983,3417,3417,3614,3744,3806,3738
2243,0.86161,0.85412,0.05135,0.05525,181.81,438,584,1514,1576,1473,1399,1898,1425,1510,1583,2021,2020,2021,2018,2017,2017,2017,2137,2126,2467,2141,2984,2965,2983,3417,3418,3614,3744,3806,3738
2244,0.86163,0.8529,0.05134,0.05549,181.9,438,585,1515,1577,1473,1399,1898,1425,1511,1583,2021,2020,2021,2018,2018,2018,2018,2137,2127,2466,2141,2984,2966,2983,3417,3418,3614,3744,3806,3738
2245,0.86165,0.8541,0.05134,0.05526,181.99,438,585,1515,1577,1474,1399,1898,1425,1511,1583,2021,2020,2021,2018,2017,2017,2017,2137,2127,2464,2141,2984,2965,2983,3417,3418,3614,3744,3806,3738
2246,0.86168,0.85299,0.05133,0.05547,182.07,438,585,1516,1578,1474,1399,1898,1425,1511,1584,2021,2020,2021,2018,2018,2018,2018,2137,2127,2462,2141,2984,2966,2983,3417,3418,3614,3744,3806,3738
2247,0.8617,0.8541,0.05133,0.05526,182.15,438,585,1517,1578,1475,1399,1899,1425,1511,1584,2021,2020,2021,2018,2018,2017,2017,2137,2127,2461,2141,2984,2965,2983,3417,3418,3614,3744,3806,3738
2248,0.86173,0.85312,0.05132,0.05544,182.23,438,585,1517,1579,1475,1399,1899,1425,1511,1584,2021,2020,2021,2018,2018,2018,2018,2137,2127,2459,2141,2984,2966,2983,3417,3417,3614,3744,3806,3738
2249,0.86176,0.85405,0.05132,0.05527,182.32,438,586,1518,1579,1476,1399,1899,1425,1511,1585,2021,2020,2021,2018,2018,2017,2017,2137,2127,2457,2141,2984,2965,2983,3417,3418,3614,3744,3806,3738
2250,0.86179,0.85328,0.05131,0.05541,182.4,438,586,1519,1580,1476,1399,1899,1425,1512,1585,2021,2020,2021,2018,2018,2018,2018,2137,2127,2456,2141,2984,2966,2983,3417,3417,3614,3744,3806,3738
2251,0.86181,0.85403,0.05131,0.05527,182.48,438,586,1519,1580,1477,1399,1899,1425,1512,1585,2021,2020,2021,2018,2018,2017,2017,2137,2127,2454,2141,2984,2965,2983,3417,3417,3614,3744,3806,3738
2252,0.86183,0.85341,0.05131,0.05539,182.57,438,586,1520,1581,1477,1399,1899,1425,1512,1585,2021,2020,2021,2018,2018,2018,2018,2137,2127,2452,2141,2984,2966,2983,3417,3417,3614,3744,3806,3738
2253,0.86185,0.85398,0.0513,0.05528,182.66,438,586,1521,1581,1478,1399,1900,1425,1512,1586,2021,2020,2021,2018,2018,2018,2017,2137,2127,2450,2141,2984,2965,2983,3417,3417,3614,3744,3806,3738
2254,0.86187,0.85349,0.0513,0.05537,182.74,438,587,1521,1582,1478,1399,1900,1425,1512,1586,2021,2020,2021,2018,2018,2018,2018,2137,2127,2448,2141,2984,2966,2983,3417,3417,3614,3744,3806,3738
2255,0.86188,0.85398,0.0513,0.05528,182.83,438,587,1522,1582,1479,1399,1900,1425,1512,1586,2021,2020,2021,2018,2018,2018,2018,2137,2127,2446,2141,2984,2965,2983,3417,3417,3614,3744,3806,3738
2256,0.86189,0.85354,0.05129,0.05536,182.93,438,587,1523,1583,1479,1399,1900,1425,1513,1587,2021,2020,2021,2018,2018,2018,2018,2137,2127,2444,2141,2984,2966,2983,3417,3417,3614,3744,3806,3738
2257,0.8619,0.85399,0.05129,0.05528,183.02,438,587,1523,1583,1480,1399,1900,1425,1513,1587,2021,2020,2021,2018,2018,2018,2017,2137,2127,2442,2141,2984,2966,2983,3417,3417,3614,3744,3806,3737
2258,0.86191,0.85355,0.05129,0.05536,183.1,438,587,1524,1584,1480,1399,1901,1425,1513,1587,2021,2020,2021,2018,2018,2018,2018,2137,2127,2440,2141,2984,2966,2983,3417,3417,3614,3744,3806,3737
2259,0.86192,0.85404,0.05129,0.05527,183.19,438,588,1525,1585,1481,1399,1901,1425,1513,1587,2021,2020,2021,2018,2018,2017,2017,2137,2127,2437,2141,2984,2966,2983,3417,3417,3614,3744,3806,3737
2260,0.86193,0.85353,0.05129,0.05537,183.27,438,588,1525,1585,1481,1399,1901,1425,1513,1588,2021,2020,2021,2018,2018,2018,2018,2137,2127,2435,2141,2984,2966,2983,3417,3417,3614,3744,3806,3737
2261,0.86193,0.85409,0.05129,0.05526,183.36,438,588,1526,1586,1482,1399,1901,1425,1514,1588,2021,2020,2021,2018,2018,2017,2017,2137,2127,2433,2141,2984,2966,2983,3417,3417,3614,3744,3806,3737
2262,0.86193,0.85347,0.05129,0.05538,183.45,438,588,1527,1586,1482,1399,1901,1425,1514,1588,2021,2020,2021,2018,2018,2018,2018,2137,2127,2431,2142,2984,2966,2983,3417,3417,3614,3744,3806,3737
2263,0.86193,0.85418,0.05129,0.05524,183.53,438,588,1527,1587,1483,1399,1902,1425,1514,1589,2021,2020,2021,2018,2018,2017,2017,2137,2127,2429,2141,2984,2966,2983,3417,3417,3614,3744,3806,3737
2264,0.86192,0.85337,0.05129,0.0554,183.61,438,589,1528,1587,1483,1399,1902,1425,1514,1589,2021,2020,2021,2018,2018,2018,2018,2137,2127,2427,2142,2984,2966,2983,3417,3417,3614,3744,3806,3737
2265,0.8619,0.85429,0.05129,0.05522,183.7,438,589,1529,1588,1484,1399,1902,1425,1514,1589,2021,2020,2021,2018,2018,2017,2017,2137,2127,2424,2141,2984,2966,2983,3417,3417,3614,3744,3806,3737
2266,0.86188,0.85317,0.0513,0.05543,183.8,438,589,1529,1588,1484,1399,1902,1425,1514,1590,2021,2020,2021,2018,2018,2018,2018,2137,2127,2422,2142,2984,2966,2983,3417,3417,3614,3744,3806,3737
2267,0.86184,0.8544,0.0513,0.0552,183.88,438,589,1530,1589,1485,1399,1902,1425,1515,1590,2021,2020,2021,2018,2018,2017,2017,2137,2127,2420,2141,2984,2966,2983,3417,3418,3614,3744,3806,3737
2268,0.8618,0.85296,0.05131,0.05547,183.95,438,590,1531,1589,1485,1399,1902,1425,1515,1590,2021,2020,2021,2018,2018,2018,2018,2137,2127,2418,2141,2984,2966,2983,3417,3418,3614,3744,3806,3737
2269,0.86175,0.8545,0.05132,0.05518,184.03,438,590,1531,1590,1486,1399,1902,1425,1515,1591,2021,2020,2021,2018,2017,2017,2017,2137,2126,2416,2141,2984,2965,2983,3417,3418,3614,3744,3806,3737
2270,0.86172,0.85274,0.05133,0.05552,184.11,438,590,1532,1590,1486,1399,1903,1425,1515,1591,2021,2020,2021,2018,2018,2018,2018,2137,2127,2413,2141,2984,2966,2983,3417,3418,3614,3744,3806,3737
2271,0.8617,0.85453,0.05133,0.05518,184.2,438,590,1532,1591,1487,1399,1903,1425,1515,1591,2021,2020,2021,2018,2017,2017,2017,2137,2127,2411,2141,2984,2965,2983,3417,3418,3614,3744,3806,3737
2272,0.86169,0.85266,0.05133,0.05553,184.29,438,590,1533,1591,1487,1399,1903,1425,1515,1591,2021,2020,2021,2018,2018,2018,2018,2137,2127,2409,2141,2984,2966,2983,3417,3418,3614,3744,3806,3737
2273,0.86171,0.85458,0.05133,0.05517,184.38,438,591,1534,1592,1488,1399,1903,1425,1516,1592,2021,2020,2021,2018,2017,2017,2017,2137,2126,2407,2141,2984,2965,2983,3417,3418,3614,3744,3806,3737
2274,0.86176,0.85275,0.05132,0.05551,184.47,438,591,1534,1592,1488,1399,1903,1425,1516,1592,2021,2020,2021,2018,2018,2017,2017,2137,2127,2405,2141,2984,2966,2983,3417,3418,3614,3744,3806,3737
2275,0.86181,0.85456,0.05131,0.05517,184.55,438,591,1535,1593,1489,1399,1903,1425,1516,1592,2021,2020,2021,2018,2017,2017,2017,2137,2127,2402,2141,2984,2965,2983,3417,3418,3614,3744,3806,3737
2276,0.86189,0.85305,0.05129,0.05546,184.64,438,591,1536,1593,1489,1399,1904,1425,1516,1593,2021,2020,2021,2018,2018,2017,2017,2137,2127,2400,2141,2984,2966,2983,3417,3418,3614,3744,3806,3737
2277,0.86198,0.8545,0.05128,0.05518,184.72,438,591,1536,1594,1490,1399,1904,1425,1516,1593,2021,2020,2021,2018,2017,2017,2017,2137,2127,2398,2141,2984,2965,2983,3417,3418,3614,3744,3806,3737
2278,0.86206,0.85348,0.05126,0.05538,184.81,438,592,1537,1594,1490,1399,1904,1425,1516,1593,2021,2020,2021,2018,2018,2017,2017,2137,2127,2396,2141,2984,2966,2983,3417,3418,3614,3744,3806,3737
2279,0.86212,0.85432,0.05125,0.05522,184.9,438,592,1538,1595,1491,1399,1904,1425,1517,1594,2021,2020,2021,2018,2017,2017,2017,2137,2127,2394,2141,2984,2965,2983,3417,3418,3614,3744,3806,3737
2280,0.86217,0.8539,0.05124,0.0553,184.98,438,592,1538,1596,1491,1399,1904,1425,1517,1594,2021,2020,2021,2018,2018,2018,2018,2137,2127,2391,2141,2984,2965,2983,3417,3418,3614,3744,3806,3737
2281,0.86219,0.85407,0.05124,0.05526,185.07,438,592,1539,1596,1492,1399,1905,1425,1517,1594,2021,2020,2021,2018,2018,2018,2018,2137,2127,2389,2141,2984,2965,2983,3417,3417,3614,3744,3806,3737
2282,0.86219,0.85419,0.05124,0.05524,185.15,438,592,1540,1597,1492,1399,1905,1425,1517,1594,2021,2020,2021,2018,2018,2018,2018,2137,2127,2387,2141,2984,2965,2983,3417,3417,3614,3744,3806,3737
2283,0.86218,0.8538,0.05124,0.05532,185.24,438,593,1540,1597,1493,1399,1905,1425,1517,1595,2021,2020,2021,2018,2018,2018,2018,2137,2127,2385,2141,2984,2966,2983,3417,3417,3614,3744,3806,3737
2284,0.86217,0.8544,0.05124,0.0552,185.33,438,593,1541,1598,1493,1399,1905,1425,1517,1595,2021,2020,2021,2018,2018,2018,2018,2137,2127,2382,2142,2984,2965,2983,3417,3417,3614,3744,3806,3737
2285,0.86215,0.85362,0.05125,0.05535,185.42,438,593,1542,1598,1494,1399,1905,1425,1518,1595,2021,2020,2021,2018,2018,2018,2018,2137,2127,2380,2142,2984,2966,2983,3417,3417,3614,3744,3806,3737
2286,0.86213,0.85453,0.05125,0.05518,185.51,438,593,1542,1599,1494,1399,1906,1425,1518,1596,2021,2020,2021,2018,2018,2018,2018,2137,2127,2378,2142,2984,2965,2983,3417,3417,3614,3744,3806,3737
2287,0.86211,0.85343,0.05125,0.05538,185.59,438,593,1543,1599,1495,1399,1906,1425,1518,1596,2021,2020,2021,2018,2018,2018,2018,2137,2127,2376,2142,2984,2966,2983,3417,3417,3614,3744,3806,3737
2288,0.8621,0.8546,0.05126,0.05516,185.68,438,594,1544,1600,1495,1399,1906,1425,1518,1596,2021,2020,2021,2018,2018,2018,2017,2137,2127,2374,2142,2984,2965,2983,3417,3417,3614,3744,3806,3737
2289,0.86209,0.85338,0.05126,0.05539,185.76,438,594,1544,1600,1495,1399,1906,1425,1518,1596,2021,2020,2021,2018,2018,2018,2018,2137,2126,2373,2142,2984,2966,2983,3417,3417,3614,3744,3806,3737
2290,0.86209,0.85467,0.05126,0.05515,185.85,438,594,1545,1601,1496,1399,1906,1425,1518,1597,2021,2020,2021,2018,2018,2017,2017,2137,2126,2371,2142,2984,2965,2983,3417,3417,3614,3744,3806,3737
2291,0.86211,0.85336,0.05125,0.0554,185.94,438,594,1546,1601,1496,1399,1907,1425,1519,1597,2021,2020,2021,2018,2018,2018,2017,2137,2126,2369,2142,2984,2966,2983,3417,3417,3614,3744,3806,3737
2292,0.86213,0.85465,0.05125,0.05515,186.03,438,594,1546,1602,1497,1399,1907,1425,1519,1597,2021,2020,2021,2018,2017,2017,2017,2137,2127,2367,2141,2984,2965,2983,3417,3418,3614,3744,3806,3737
2293,0.86216,0.85349,0.05124,0.05537,186.12,438,595,1547,1602,1497,1399,1907,1425,1519,1598,2021,2020,2021,2018,2018,2017,2017,2137,2127,2365,2141,2984,2966,2983,3417,3418,3614,3744,3806,3737
2294,0.86219,0.85466,0.05124,0.05515,186.2,438,595,1548,1603,1498,1399,1907,1425,1519,1598,2021,2020,2021,2018,2017,2017,2017,2137,2127,2363,2141,2984,2965,2983,3417,3418,3614,3744,3806,3737
2295,0.86223,0.85367,0.05123,0.05534,186.28,438,595,1548,1603,1498,1399,1907,1425,1519,1598,2021,2020,2021,2018,2018,2017,2017,2137,2127,2362,2141,2984,2966,2983,3417,3418,3614,3744,3806,3737
2296,0.86227,0.85455,0.05122,0.05517,186.37,438,595,1549,1604,1499,1399,1907,1425,1519,1599,2021,2020,2021,2018,2017,2017,2017,2137,2127,2360,2141,2984,2965,2983,3417,3418,3614,3744,3806,3737
2297,0.86231,0.85392,0.05122,0.05529,186.46,438,596,1550,1604,1499,1399,1907,1425,1519,1599,2021,2020,2021,2018,2018,2017,2018,2137,2127,2358,2141,2984,2966,2983,3417,3418,3614,3744,3806,3737
2298,0.86234,0.85445,0.05121,0.05519,186.55,438,596,1550,1605,1500,1399,1908,1425,1520,1599,2021,2020,2021,2018,2018,2017,2018,2137,2127,2357,2141,2984,2966,2983,3417,3418,3614,3744,3806,3737
2299,0.86236,0.85418,0.05121,0.05524,186.63,438,596,1551,1605,1500,1399,1908,1425,1520,1599,2021,2020,2021,2018,2018,2018,2018,2137,2127,2355,2141,2984,2966,2983,3417,3418,3614,3744,3806,3737
2300,0.86237,0.85426,0.05121,0.05523,186.72,438,596,1551,1606,1501,1399,1908,1425,1520,1600,2021,2020,2021,2018,2018,2018,2018,2137,2127,2354,2141,2984,2966,2983,3417,3418,3614,3744,3806,3737
2301,0.86238,0.85437,0.0512,0.05521,186.8,438,596,1552,1606,1501,1399,1908,1425,1520,1600,2021,2020,2021,2018,2018,2018,2018,2137,2127,2353,2141,2984,2966,2983,3417,3417,3614,3744,3806,3737
2302,0.86238,0.8541,0.0512,0.05526,186.89,438,597,1553,1607,1502,1399,1908,1425,1520,1600,2021,2020,2021,2018,2018,2018,2018,2137,2127,2351,2141,2984,2966,2983,3417,3417,3614,3744,3806,3737
2303,0.86237,0.85453,0.05121,0.05518,186.98,438,597,1553,1607,1502,1399,1908,1425,1520,1601,2021,2020,2021,2018,2018,2018,2018,2137,2127,2350,2141,2984,2966,2983,3417,3417,3614,3744,3806,3737
2304,0.86236,0.85395,0.05121,0.05529,187.07,438,597,1554,1608,1503,1399,1909,1425,1520,1601,2021,2020,2021,2018,2018,2018,2018,2137,2127,2349,2141,2984,2966,2983,3417,3417,3614,3744,3806,3737
2305,0.86235,0.85463,0.05121,0.05516,187.16,438,597,1555,1608,1503,1399,1909,1425,1521,1601,2021,2020,2021,2018,2018,2018,2018,2137,2127,2347,2141,2984,2966,2983,3417,3417,3614,3744,3806,3737
2306,0.86233,0.85376,0.05121,0.05532,187.24,438,597,1555,1609,1504,1399,1909,1425,1521,1601,2021,2020,2021,2018,2018,2018,2018,2137,2127,2346,2142,2984,2966,2983,3417,3417,3614,3744,3806,3737
2307,0.86231,0.85474,0.05122,0.05514,187.32,438,598,1556,1609,1504,1399,1909,1425,1521,1602,2021,2020,2021,2018,2018,2018,2017,2137,2127,2345,2142,2984,2966,2983,3417,3417,3614,3744,3806,3737
2308,0.86229,0.85363,0.05122,0.05535,187.42,438,598,1557,1610,1505,1399,1909,1425,1521,1602,2021,2020,2021,2018,2018,2018,2018,2137,2127,2344,2142,2984,2966,2983,3417,3417,3614,3744,3806,3737
2309,0.86227,0.85483,0.05122,0.05512,187.5,438,598,1557,1610,1505,1399,1910,1425,1521,1602,2021,2020,2021,2018,2018,2017,2017,2137,2127,2342,2142,2984,2966,2983,3417,3417,3614,3744,3806,3737
2310,0.86225,0.85346,0.05123,0.05538,187.6,438,598,1558,1611,1506,1399,1910,1425,1521,1603,2021,2020,2021,2018,2018,2018,2017,2137,2126,2341,2142,2984,2966,2983,3417,3417,3614,3744,3806,3737
2311,0.86223,0.85488,0.05123,0.05511,187.69,438,599,1559,1611,1506,1399,1910,1425,1522,1603,2021,2020,2021,2018,2017,2017,2017,2137,2126,2339,2142,2984,2966,2983,3417,3418,3614,3744,3806,3737
2312,0.86223,0.8534,0.05123,0.05539,187.78,438,599,1559,1612,1507,1399,1910,1425,1522,1603,2021,2020,2021,2018,2018,2017,2017,2137,2127,2338,2142,2984,2966,2983,3417,3418,3614,3744,3806,3737
2313,0.86222,0.85492,0.05123,0.0551,187.86,438,599,1560,1612,1507,1399,1910,1425,1522,1604,2021,2020,2021,2018,2017,2017,2017,2137,2127,2337,2141,2984,2966,2983,3417,3418,3614,3744,3806,3737
2314,0.86225,0.85343,0.05123,0.05539,187.94,438,599,1561,1613,1508,1399,1911,1425,1522,1604,2021,2020,2021,2018,2018,2017,2017,2137,2127,2335,2141,2984,2966,2983,3417,3418,3614,3744,3806,3737
2315,0.86228,0.85491,0.05122,0.0551,188.02,438,599,1561,1613,1508,1399,1911,1425,1522,1604,2021,2020,2021,2018,2017,2017,2017,2137,2127,2334,2141,2984,2966,2983,3417,3418,3614,3744,3806,3737
2316,0.86232,0.85358,0.05121,0.05536,188.11,438,600,1562,1614,1509,1399,1911,1425,1522,1605,2021,2020,2021,2018,2018,2017,2018,2137,2127,2333,2141,2984,2966,2983,3417,3418,3614,3744,3806,3737
2317,0.86236,0.85487,0.05121,0.05511,188.21,438,600,1562,1614,1509,1399,1911,1425,1523,1605,2021,2020,2021,2018,2017,2017,2017,2137,2127,2331,2141,2984,2966,2983,3417,3418,3614,3744,3806,3737
2318,0.86241,0.85383,0.0512,0.05531,188.28,438,600,1563,1615,1509,1399,1911,1425,1523,1605,2021,2020,2021,2018,2018,2018,2018,2137,2127,2330,2141,2984,2966,2983,3417,3418,3614,3744,3806,3737
2319,0.86246,0.85477,0.05119,0.05513,188.36,438,600,1564,1615,1510,1399,1912,1425,1523,1605,2021,2020,2021,2018,2018,2017,2017,2137,2127,2329,2141,2984,2966,2983,3417,3418,3614,3744,3806,3737
2320,0.86249,0.85407,0.05118,0.05526,188.45,438,601,1564,1616,1510,1399,1912,1425,1523,1606,2021,2020,2021,2018,2018,2018,2018,2137,2127,2327,2141,2984,2966,2983,3417,3418,3614,3744,3806,3737
2321,0.86252,0.85468,0.05118,0.05515,188.53,438,601,1565,1616,1511,1399,1912,1425,1523,1606,2021,2020,2021,2018,2018,2018,2018,2137,2127,2326,2141,2984,2966,2983,3417,3418,3614,3744,3806,3737
2322,0.86254,0.85434,0.05117,0.05521,188.61,438,601,1566,1617,1511,1399,1912,1425,1524,1606,2021,2020,2021,2018,2018,2018,2018,2137,2127,2325,2141,2984,2966,2983,3417,3417,3614,3744,3806,3737
2323,0.86256,0.85453,0.05117,0.05518,188.69,438,601,1566,1617,1512,1399,1913,1425,1524,1606,2021,2020,2021,2018,2018,2018,2018,2137,2127,2324,2141,2984,2966,2983,3417,3417,3614,3744,3806,3737
2324,0.86257,0.85447,0.05117,0.05519,188.77,438,601,1567,1618,1512,1399,1913,1425,1524,1607,2021,2020,2021,2018,2018,2018,2018,2137,2127,2323,2141,2984,2966,2983,3417,3417,3614,3744,3806,3737
2325,0.86258,0.85437,0.05117,0.05521,188.85,438,602,1568,1618,1513,1399,1913,1425,1524,1607,2021,2020,2021,2018,2018,2018,2018,2137,2127,2322,2141,2984,2966,2983,3417,3417,3614,3744,3806,3737
2326,0.86258,0.85465,0.05117,0.05515,188.94,437,602,1568,1619,1513,1399,1913,1425,1524,1607,2021,2020,2021,2018,2018,2018,2018,2137,2127,2322,2141,2984,2966,2983,3417,3417,3614,3744,3806,3737
2327,0.86258,0.8543,0.05117,0.05522,189.02,437,602,1569,1619,1514,1399,1913,1425,1524,1608,2021,2020,2021,2018,2018,2018,2018,2137,2127,2321,2142,2984,2966,2983,3417,3417,3614,3744,3806,3737
2328,0.86258,0.85474,0.05117,0.05514,189.11,437,602,1569,1620,1514,1399,1914,1425,1524,1608,2021,2020,2021,2018,2018,2018,2017,2137,2127,2320,2142,2984,2966,2983,3417,3417,3614,3744,3806,3737
2329,0.86257,0.85416,0.05117,0.05525,189.2,437,603,1570,1620,1515,1399,1914,1425,1525,1608,2021,2020,2021,2018,2018,2018,2018,2137,2127,2319,2142,2984,2966,2983,3417,3417,3614,3744,3806,3737
2330,0.86257,0.85483,0.05117,0.05512,189.27,437,603,1571,1621,1515,1399,1914,1425,1525,1609,2021,2020,2021,2018,2018,2017,2017,2137,2127,2319,2142,2984,2966,2983,3417,3417,3614,3744,3806,3736
2331,0.86256,0.8541,0.05117,0.05526,189.36,437,603,1571,1621,1516,1399,1914,1425,1525,1609,2021,2020,2021,2018,2018,2018,2018,2137,2127,2318,2142,2984,2966,2983,3417,3417,3614,3744,3806,3737
2332,0.86255,0.85494,0.05117,0.0551,189.44,437,603,1572,1622,1516,1399,1914,1425,1525,1609,2021,2020,2021,2018,2017,2017,2017,2137,2127,2317,2142,2984,2966,2983,3417,3418,3614,3744,3806,3736
2333,0.86254,0.85395,0.05117,0.05529,189.53,437,603,1573,1622,1517,1399,1915,1425,1525,1610,2021,2020,2021,2018,2018,2018,2018,2137,2127,2317,2142,2984,2966,2983,3417,3418,3614,3744,3806,3736
2334,0.86252,0.85499,0.05118,0.05509,189.62,437,604,1573,1623,1517,1399,1915,1425,1526,1610,2021,2020,2021,2018,2017,2017,2017,2137,2126,2316,2142,2984,2966,2983,3417,3418,3614,3744,3806,3736
2335,0.8625,0.85382,0.05118,0.05531,189.7,437,604,1574,1623,1518,1399,1915,1425,1526,1610,2021,2020,2021,2018,2018,2018,2018,2137,2126,2316,2142,2984,2966,2983,3417,3418,3614,3744,3806,3736
2336,0.86246,0.85513,0.05119,0.05506,189.79,437,604,1574,1624,1518,1399,1915,1425,1526,1611,2021,2020,2021,2018,2017,2017,2017,2137,2127,2315,2142,2984,2966,2983,3417,3418,3614,3744,3806,3736
2337,0.86243,0.8536,0.05119,0.05535,189.88,437,604,1575,1624,1518,1399,1916,1425,1526,1611,2021,2020,2021,2018,2018,2018,2018,2137,2127,2315,2142,2984,2966,2983,3417,3418,3614,3744,3806,3736
2338,0.86239,0.85514,0.0512,0.05506,189.99,437,605,1576,1625,1519,1399,1916,1425,1526,1611,2021,2020,2021,2018,2017,2017,2017,2137,2127,2314,2141,2984,2966,2983,3417,3418,3614,3744,3806,3736
2339,0.86238,0.85347,0.0512,0.05538,190.09,437,605,1576,1625,1519,1399,1916,1425,1526,1612,2021,2020,2021,2018,2018,2018,2018,2137,2127,2314,2141,2984,2966,2983,3417,3418,3614,3744,3806,3736
2340,0.86237,0.85523,0.05121,0.05504,190.18,437,605,1577,1626,1520,1399,1916,1425,1527,1612,2021,2020,2021,2018,2017,2017,2017,2137,2127,2313,2141,2984,2966,2983,3417,3418,3614,3744,3806,3736
2341,0.86239,0.85347,0.0512,0.05538,190.27,437,605,1578,1626,1520,1399,1917,1425,1527,1612,2021,2020,2021,2018,2018,2018,2018,2137,2126,2313,2141,2984,2966,2983,3417,3418,3614,3744,3806,3736
2342,0.86243,0.85518,0.05119,0.05505,190.36,437,606,1578,1627,1521,1399,1917,1425,1527,1613,2021,2020,2021,2018,2017,2017,2017,2137,2126,2312,2141,2984,2966,2983,3417,3418,3614,3744,3806,3736
2343,0.86249,0.85366,0.05118,0.05534,190.45,437,606,1579,1627,1521,1399,1917,1425,1527,1613,2021,2020,2021,2018,2018,2017,2017,2137,2127,2312,2141,2984,2966,2983,3417,3418,3614,3744,3806,3736
2344,0.86256,0.85516,0.05117,0.05506,190.54,437,606,1579,1628,1522,1399,1917,1425,1527,1613,2021,2020,2021,2018,2017,2017,2017,2137,2127,2312,2141,2984,2966,2983,3417,3418,3614,3744,3806,3736
2345,0.86264,0.85408,0.05116,0.05526,190.63,437,606,1580,1628,1522,1399,1918,1425,1527,1614,2021,2020,2021,2018,2018,2017,2017,2137,2127,2311,2141,2984,2966,2983,3417,3418,3614,3744,3806,3736
2346,0.8627,0.855,0.05114,0.05509,190.71,437,606,1581,1629,1523,1399,1918,1425,1527,1614,2021,2020,2021,2018,2017,2017,2017,2137,2127,2311,2141,2984,2966,2983,3417,3418,3614,3744,3806,3736
2347,0.86275,0.85442,0.05113,0.0552,190.8,437,607,1581,1629,1523,1399,1918,1425,1527,1614,2021,2020,2021,2018,2018,2017,2018,2137,2127,2311,2141,2984,2966,2983,3417,3418,3614,3744,3806,3736
2348,0.86278,0.85482,0.05113,0.05512,190.89,437,607,1582,1630,1524,1399,1919,1425,1528,1615,2021,2020,2021,2018,2018,2017,2018,2137,2127,2310,2141,2984,2966,2983,3417,3418,3614,3744,3806,3736
2349,0.8628,0.85474,0.05113,0.05514,190.97,437,607,1583,1630,1524,1399,1919,1425,1528,1615,2021,2020,2021,2018,2018,2018,2018,2137,2127,2310,2141,2984,2966,2983,3417,3418,3614,3744,3806,3736
2350,0.8628,0.85461,0.05113,0.05516,191.07,437,607,1583,1631,1525,1399,1919,1425,1528,1615,2021,2020,2021,2018,2018,2018,2018,2137,2127,2309,2141,2984,2966,2983,3417,3418,3614,3744,3806,3736
2351,0.86279,0.85493,0.05113,0.0551,191.15,437,608,1584,1631,1525,1399,1919,1425,1528,1616,2021,2020,2021,2018,2018,2018,2018,2137,2127,2309,2141,2984,2966,2983,3417,3417,3614,3744,3806,3736
2352,0.86279,0.85443,0.05113,0.05519,191.23,437,608,1584,1632,1525,1399,1920,1425,1528,1616,2021,2020,2021,2018,2018,2018,2018,2137,2127,2309,2141,2984,2966,2983,3417,3417,3614,3744,3806,3736
2353,0.86277,0.85511,0.05113,0.05507,191.32,437,608,1585,1632,1526,1399,1920,1425,1528,1616,2021,2020,2021,2018,2018,2018,2018,2137,2127,2309,2141,2984,2966,2983,3417,3417,3614,3744,3806,3736
2354,0.86275,0.85425,0.05113,0.05523,191.42,437,608,1586,1633,1526,1399,1920,1425,1529,1616,2021,2020,2021,2018,2018,2018,2018,2137,2127,2309,2142,2984,2966,2983,3417,3417,3614,3744,3806,3736
2355,0.86273,0.85519,0.05114,0.05505,191.51,436,609,1586,1633,1527,1399,1921,1425,1529,1617,2021,2020,2021,2018,2018,2018,2018,2137,2127,2308,2142,2984,2966,2983,3417,3417,3614,3744,3806,3736
2356,0.86271,0.85408,0.05114,0.05526,191.6,436,609,1587,1634,1527,1399,1921,1425,1529,1617,2021,2020,2021,2018,2018,2018,2018,2137,2127,2308,2142,2984,2966,2983,3417,3417,3614,3744,3806,3736
2357,0.86269,0.85529,0.05115,0.05503,191.7,436,609,1587,1634,1528,1399,1921,1425,1529,1617,2021,2020,2021,2018,2018,2017,2017,2137,2127,2308,2142,2984,2966,2983,3417,3417,3614,3744,3806,3736
2358,0.86268,0.85397,0.05115,0.05528,191.78,436,609,1588,1635,1528,1399,1922,1425,1529,1618,2021,2020,2021,2018,2018,2018,2018,2137,2126,2308,2142,2984,2966,2983,3417,3417,3614,3744,3806,3736
2359,0.86267,0.85534,0.05115,0.05502,191.87,436,609,1589,1635,1529,1399,1922,1425,1529,1618,2021,2020,2021,2018,2017,2017,2017,2137,2126,2308,2141,2984,2966,2983,3417,3418,3614,3744,3806,3736
2360,0.86268,0.85391,0.05115,0.05529,191.97,436,610,1589,1635,1529,1399,1922,1425,1530,1619,2021,2020,2021,2018,2018,2017,2017,2137,2126,2307,2141,2984,2966,2983,3417,3418,3614,3744,3806,3736
2361,0.8627,0.85534,0.05114,0.05502,192.06,436,610,1590,1636,1530,1399,1923,1425,1530,1619,2021,2020,2021,2018,2017,2017,2017,2137,2127,2307,2141,2984,2966,2983,3417,3418,3614,3744,3806,3736
2362,0.86274,0.85405,0.05114,0.05527,192.16,436,610,1591,1636,1530,1399,1923,1425,1530,1619,2021,2020,2021,2018,2018,2017,2017,2137,2127,2307,2141,2984,2966,2983,3417,3418,3614,3744,3806,3736
2363,0.86278,0.85536,0.05113,0.05502,192.26,436,610,1591,1637,1531,1399,1923,1425,1530,1620,2021,2020,2021,2018,2017,2017,2017,2137,2127,2306,2141,2984,2966,2983,3417,3418,3614,3744,3806,3736
2364,0.86283,0.85425,0.05112,0.05523,192.35,436,611,1592,1637,1531,1399,1924,1425,1530,1620,2021,2020,2021,2018,2018,2017,2017,2137,2127,2306,2141,2984,2966,2983,3417,3418,3614,3744,3806,3736
2365,0.86287,0.85523,0.05111,0.05504,192.44,436,611,1592,1638,1531,1399,1924,1425,1530,1621,2021,2020,2021,2018,2017,2017,2017,2137,2127,2306,2141,2984,2966,2983,3417,3418,3614,3744,3806,3736
2366,0.86292,0.85453,0.0511,0.05518,192.53,436,611,1593,1638,1532,1399,1925,1425,1530,1621,2021,2020,2021,2018,2018,2017,2018,2137,2127,2305,2141,2984,2966,2983,3417,3418,3614,3744,3806,3736
2367,0.86295,0.85516,0.0511,0.05506,192.62,436,611,1594,1639,1532,1399,1925,1425,1531,1621,2021,2020,2021,2018,2018,2017,2018,2137,2127,2305,2141,2984,2966,2983,3417,3418,3614,3744,3806,3736
2368,0.86298,0.85478,0.05109,0.05513,192.7,436,612,1594,1639,1533,1399,1925,1425,1531,1622,2021,2020,2021,2018,2018,2018,2018,2137,2127,2305,2141,2984,2966,2983,3417,3418,3614,3744,3806,3736
2369,0.86299,0.85499,0.05109,0.05509,192.79,436,612,1595,1640,1533,1399,1926,1425,1531,1622,2021,2020,2021,2018,2018,2018,2018,2137,2127,2304,2141,2984,2966,2983,3417,3418,3614,3744,3806,3736
2370,0.863,0.85496,0.05109,0.05509,192.89,436,612,1595,1640,1534,1399,1926,1425,1531,1622,2021,2020,2021,2018,2018,2018,2018,2137,2127,2304,2141,2984,2966,2983,3417,3417,3614,3744,3806,3736
2371,0.86301,0.8549,0.05109,0.05511,192.98,436,612,1596,1641,1534,1399,1927,1425,1531,1623,2021,2020,2021,2018,2018,2018,2018,2137,2127,2304,2141,2984,2966,2983,3417,3417,3614,3744,3806,3736
2372,0.86301,0.85514,0.05109,0.05506,193.07,436,613,1597,1641,1535,1399,1927,1425,1531,1623,2021,2020,2021,2018,2018,2018,2018,2137,2127,2303,2141,2984,2966,2983,3417,3417,3614,3744,3806,3736
2373,0.86301,0.85475,0.05109,0.05513,193.15,436,613,1597,1642,1535,1399,1928,1425,1532,1623,2021,2020,2021,2018,2018,2018,2018,2137,2127,2303,2141,2984,2966,2983,3417,3417,3614,3744,3806,3736
2374,0.86301,0.85522,0.05109,0.05505,193.24,436,613,1598,1642,1536,1399,1928,1425,1532,1624,2021,2020,2021,2018,2018,2018,2018,2137,2127,2303,2141,2984,2966,2983,3417,3417,3614,3744,3806,3736
2375,0.86301,0.85467,0.05109,0.05515,193.32,436,613,1598,1643,1536,1399,1929,1425,1532,1624,2021,2020,2021,2018,2018,2018,2018,2137,2127,2303,2141,2984,2966,2983,3417,3417,3614,3744,3806,3736
2376,0.863,0.85534,0.05109,0.05502,193.41,435,614,1599,1643,1536,1399,1929,1425,1532,1624,2021,2020,2021,2018,2018,2018,2017,2137,2127,2302,2141,2984,2966,2983,3417,3417,3614,3744,3806,3736
2377,0.863,0.85457,0.05109,0.05517,193.5,435,614,1600,1644,1537,1399,1930,1425,1532,1625,2021,2020,2021,2018,2018,2018,2018,2137,2127,2302,2141,2984,2966,2983,3417,3417,3614,3744,3806,3736
2378,0.86299,0.85541,0.05109,0.05501,193.59,435,614,1600,1644,1537,1399,1930,1425,1532,1625,2021,2020,2021,2018,2018,2017,2017,2137,2127,2302,2141,2984,2966,2983,3417,3417,3614,3744,3806,3736
2379,0.86298,0.85446,0.05109,0.05519,193.68,435,614,1601,1645,1538,1399,1931,1425,1533,1626,2021,2020,2021,2018,2018,2018,2018,2137,2127,2302,2142,2984,2966,2983,3417,3417,3614,3744,3806,3736
2380,0.86296,0.85551,0.0511,0.05499,193.76,435,615,1601,1645,1538,1399,1931,1425,1533,1626,2021,2020,2021,2018,2017,2017,2017,2137,2127,2301,2141,2984,2966,2983,3417,3418,3614,3744,3806,3736
2381,0.86295,0.85434,0.0511,0.05521,193.84,435,615,1602,1645,1539,1399,1932,1425,1533,1626,2021,2020,2021,2018,2018,2017,2018,2137,2126,2301,2141,2984,2966,2983,3417,3418,3614,3744,3806,3736
2382,0.86293,0.85556,0.0511,0.05498,193.92,435,615,1603,1646,1539,1399,1932,1425,1533,1627,2021,2020,2021,2018,2017,2017,2017,2137,2126,2301,2141,2984,2966,2983,3417,3418,3614,3744,3806,3736
2383,0.86291,0.8542,0.0511,0.05524,194.0,435,615,1603,1646,1540,1399,1933,1425,1533,1627,2021,2020,2021,2018,2018,2017,2018,2137,2126,2300,2141,2984,2966,2983,3417,3418,3614,3744,3806,3736
2384,0.86289,0.85563,0.05111,0.05497,194.08,435,616,1604,1647,1540,1399,1933,1425,1533,1628,2021,2020,2021,2018,2017,2017,2017,2137,2127,2300,2141,2984,2966,2983,3417,3418,3614,3744,3806,3736
2385,0.86288,0.85412,0.05111,0.05525,194.16,435,616,1605,1647,1541,1399,1934,1425,1533,1628,2021,2020,2021,2018,2018,2017,2018,2137,2127,2300,2141,2984,2966,2983,3417,3418,3614,3744,3806,3736
2386,0.86286,0.85569,0.05111,0.05496,194.24,435,616,1605,1648,1541,1399,1935,1425,1534,1628,2021,2020,2021,2018,2017,2017,2017,2137,2127,2299,2141,2984,2966,2983,3417,3418,3614,3744,3806,3736
2387,0.86285,0.85401,0.05112,0.05527,194.32,435,617,1606,1648,1541,1399,1935,1425,1534,1629,2021,2020,2021,2018,2018,2018,2018,2137,2127,2299,2141,2984,2966,2983,3417,3418,3614,3744,3806,3736
2388,0.86285,0.85569,0.05112,0.05496,194.42,435,617,1606,1649,1542,1399,1936,1425,1534,1629,2021,2020,2021,2018,2017,2017,2017,2137,2126,2299,2141,2984,2966,2983,3417,3418,3614,3744,3806,3736
2389,0.86289,0.8541,0.05111,0.05526,194.5,435,617,1607,1649,1542,1399,1936,1425,1534,1629,2021,2020,2021,2018,2018,2018,2018,2137,2126,2298,2141,2984,2966,2983,3417,3418,3614,3744,3806,3736
2390,0.86293,0.85571,0.0511,0.05495,194.59,435,617,1608,1650,1543,1399,1937,1425,1534,1630,2021,2020,2021,2018,2017,2017,2017,2137,2126,2298,2141,2984,2966,2983,3417,3418,3614,3744,3806,3736
2391,0.86299,0.85428,0.05109,0.05522,194.68,435,618,1608,1650,1543,1399,1938,1425,1534,1630,2021,2020,2021,2018,2018,2018,2018,2137,2127,2298,2141,2984,2966,2983,3417,3418,3614,3744,3806,3736
2392,0.86304,0.85561,0.05108,0.05497,194.78,435,618,1609,1651,1544,1399,1938,1425,1534,1631,2021,2020,2021,2018,2017,2017,2017,2137,2127,2298,2141,2984,2966,2983,3417,3418,3614,3744,3806,3736
2393,0.86311,0.85461,0.05107,0.05516,194.87,435,618,1609,1651,1544,1399,1939,1425,1535,1631,2021,2020,2021,2018,2018,2017,2017,2137,2127,2297,2141,2984,2966,2983,3417,3418,3614,3744,3806,3736
2394,0.86315,0.85555,0.05106,0.05498,194.95,435,618,1610,1651,1545,1399,1940,1425,1535,1631,2021,2020,2021,2018,2017,2017,2017,2137,2127,2297,2141,2984,2966,2983,3417,3418,3614,3744,3806,3736
2395,0.8632,0.85494,0.05105,0.0551,195.03,435,619,1610,1652,1545,1399,1940,1425,1535,1632,2021,2020,2021,2018,2018,2017,2018,2137,2127,2297,2141,2984,2966,2983,3417,3418,3614,3744,3806,3736
2396,0.86323,0.85534,0.05105,0.05502,195.12,435,619,1611,1652,1546,1399,1941,1425,1535,1632,2021,2020,2021,2018,2018,2017,2017,2137,2127,2297,2141,2984,2966,2983,3417,3418,3614,3744,3806,3736
2397,0.86325,0.85521,0.05104,0.05505,195.21,435,619,1612,1653,1546,1399,1942,1425,1535,1633,2021,2020,2021,2018,2018,2018,2018,2137,2127,2296,2141,2984,2966,2983,3417,3418,3614,3744,3806,3736
2398,0.86325,0.85519,0.05104,0.05505,195.29,435,619,1612,1653,1546,1399,1942,1425,1535,1633,2021,2020,2021,2018,2018,2018,2018,2137,2127,2296,2141,2984,2966,2983,3417,3417,3614,3744,3806,3736
2399,0.86325,0.85544,0.05104,0.055,195.38,435,620,1613,1654,1547,1399,1943,1425,1536,1633,2021,2020,2021,2018,2018,2018,2018,2137,2127,2296,2141,2984,2966,2983,3417,3417,3614,3744,3806,3736
2400,0.86325,0.85498,0.05104,0.05509,195.46,435,620,1613,1654,1547,1399,1944,1425,1536,1634,2021,2020,2021,2018,2018,2018,2018,2137,2127,2295,2141,2984,2966,2983,3417,3417,3614,3744,3806,3736
2401,0.86324,0.85555,0.05104,0.05498,195.55,435,620,1614,1655,1548,1399,1945,1425,1536,1634,2021,2020,2021,2018,2018,2018,2018,2137,2127,2295,2141,2984,2966,2983,3417,3417,3614,3744,3806,3736
2402,0.86323,0.85485,0.05105,0.05511,195.63,435,620,1615,1655,1548,1399,1945,1425,1536,1635,2021,2020,2021,2018,2018,2018,2018,2137,2127,2294,2141,2984,2966,2983,3417,3417,3614,3744,3806,3736
2403,0.86322,0.8557,0.05105,0.05495,195.73,435,621,1615,1656,1549,1399,1946,1425,1536,1635,2021,2020,2021,2018,2018,2017,2017,2137,2127,2294,2141,2984,2966,2983,3417,3418,3614,3744,3806,3736
2404,0.86321,0.85474,0.05105,0.05514,195.82,435,621,1616,1656,1549,1399,1947,1425,1536,1635,2021,2020,2021,2018,2018,2018,2018,2137,2127,2294,2141,2984,2966,2983,3417,3417,3614,3744,3806,3736
2405,0.8632,0.85574,0.05105,0.05495,195.91,434,621,1616,1657,1550,1399,1948,1425,1537,1636,2021,2020,2021,2018,2018,2017,2017,2137,2127,2293,2141,2984,2966,2983,3417,3418,3614,3744,3806,3736
2406,0.86319,0.85462,0.05105,0.05516,195.99,434,621,1617,1657,1550,1399,1948,1425,1537,1636,2021,2020,2021,2018,2018,2018,2018,2137,2127,2293,2141,2984,2966,2983,3417,3418,3614,3743,3806,3736
2407,0.86318,0.85582,0.05105,0.05493,196.08,434,622,1618,1658,1551,1399,1949,1425,1537,1637,2021,2020,2021,2018,2017,2017,2017,2137,2126,2293,2141,2984,2966,2983,3417,3418,3614,3743,3806,3736
2408,0.86318,0.85458,0.05105,0.05517,196.17,434,622,1618,1658,1551,1399,1950,1425,1537,1637,2021,2020,2021,2018,2018,2018,2018,2137,2126,2293,2141,2984,2966,2983,3417,3418,3614,3743,3806,3736
2409,0.86318,0.85585,0.05106,0.05493,196.27,434,622,1619,1658,1551,1399,1951,1425,1537,1637,2021,2020,2021,2018,2017,2017,2017,2137,2127,2292,2141,2984,2966,2983,3417,3418,3614,3743,3806,3736
2410,0.86319,0.85455,0.05105,0.05517,196.36,434,623,1619,1659,1552,1399,1952,1425,1538,1638,2021,2020,2021,2018,2018,2017,2018,2137,2127,2292,2141,2984,2966,2983,3417,3418,3614,3743,3806,3736
2411,0.8632,0.85585,0.05105,0.05492,196.45,434,623,1620,1659,1552,1399,1953,1425,1538,1638,2021,2020,2021,2018,2017,2017,2017,2137,2127,2291,2141,2984,2966,2983,3417,3418,3614,3743,3806,3736
2412,0.86323,0.85465,0.05105,0.05515,196.53,434,623,1620,1660,1553,1399,1953,1425,1538,1639,2021,2020,2021,2018,2018,2017,2018,2137,2127,2291,2141,2984,2966,2983,3417,3418,3614,3743,3806,3736
2413,0.86326,0.85588,0.05104,0.05492,196.62,434,623,1621,1660,1553,1399,1954,1425,1538,1639,2021,2020,2021,2018,2017,2017,2017,2137,2127,2291,2141,2984,2966,2983,3417,3418,3614,3743,3806,3736
2414,0.86329,0.85477,0.05103,0.05513,196.71,434,624,1622,1661,1554,1399,1955,1425,1538,1640,2021,2020,2021,2018,2018,2017,2018,2137,2127,2291,2141,2984,2966,2983,3417,3418,3614,3743,3806,3736
2415,0.86332,0.85579,0.05103,0.05494,196.8,434,624,1622,1661,1554,1399,1956,1425,1538,1640,2021,2020,2021,2018,2017,2017,2017,2137,2127,2291,2141,2984,2966,2983,3417,3418,3614,3743,3806,3736
2416,0.86336,0.85499,0.05102,0.05509,196.88,434,624,1623,1662,1555,1399,1957,1425,1539,1641,2021,2020,2021,2018,2018,2017,2018,2137,2127,2291,2141,2984,2966,2983,3417,3418,3614,3743,3806,3736
2417,0.86339,0.85578,0.05102,0.05494,196.97,434,625,1623,1662,1555,1399,1958,1425,1539,1641,2021,2020,2021,2018,2018,2017,2017,2137,2127,2291,2141,2984,2966,2983,3417,3418,3614,3743,3806,3736
2418,0.86342,0.85518,0.05101,0.05505,197.05,434,625,1624,1663,1555,1399,1959,1425,1539,1641,2021,2020,2021,2018,2018,2018,2018,2137,2127,2291,2141,2984,2966,2983,3417,3418,3614,3743,3806,3736
2419,0.86344,0.85564,0.05101,0.05497,197.14,434,625,1624,1663,1556,1399,1960,1425,1539,1642,2021,2020,2021,2018,2018,2017,2018,2137,2127,2291,2141,2984,2966,2983,3417,3418,3614,3743,3806,3736
2420,0.86346,0.85532,0.051,0.05503,197.23,434,625,1625,1664,1556,1399,1961,1425,1539,1642,2021,2020,2021,2018,2018,2018,2018,2137,2127,2292,2141,2984,2966,2983,3417,3418,3614,3743,3806,3736
2421,0.86347,0.85561,0.051,0.05497,197.31,434,626,1626,1664,1557,1399,1961,1425,1539,1643,2021,2020,2021,2018,2018,2018,2018,2137,2127,2292,2141,2984,2966,2983,3417,3418,3614,3743,3806,3736
2422,0.86349,0.8555,0.051,0.05499,197.42,434,626,1626,1664,1557,1399,1962,1425,1540,1643,2021,2020,2021,2018,2018,2018,2018,2137,2127,2292,2141,2984,2966,2983,3417,3417,3614,3743,3806,3736
2423,0.8635,0.85553,0.051,0.05499,197.5,433,626,1627,1665,1558,1399,1963,1425,1540,1644,2021,2020,2021,2018,2018,2018,2018,2137,2127,2292,2141,2984,2966,2983,3417,3417,3614,3743,3806,3736
2424,0.86351,0.85554,0.05099,0.05498,197.59,433,627,1627,1665,1558,1399,1964,1425,1540,1644,2021,2020,2021,2018,2018,2018,2018,2137,2127,2292,2141,2984,2966,2983,3417,3417,3614,3743,3806,3736
2425,0.86352,0.85549,0.05099,0.05499,197.67,433,627,1628,1666,1559,1399,1965,1425,1540,1645,2021,2020,2021,2018,2018,2018,2018,2137,2127,2292,2141,2984,2966,2983,3417,3417,3614,3742,3806,3736
2426,0.86352,0.85568,0.05099,0.05496,197.76,433,627,1628,1666,1559,1399,1966,1425,1540,1645,2021,2020,2021,2018,2018,2017,2018,2137,2127,2291,2141,2984,2966,2983,3417,3417,3614,3742,3806,3736
2427,0.86353,0.85544,0.05099,0.055,197.85,433,627,1629,1667,1559,1399,1967,1425,1540,1645,2021,2020,2021,2018,2018,2017,2018,2137,2127,2291,2141,2984,2966,2983,3417,3417,3614,3742,3806,3736
2428,0.86353,0.8557,0.05099,0.05495,197.94,433,628,1629,1667,1560,1399,1968,1425,1540,1646,2021,2020,2021,2018,2018,2017,2017,2137,2127,2291,2141,2984,2966,2983,3417,3417,3614,3742,3806,3736
2429,0.86354,0.85537,0.05099,0.05502,198.02,433,628,1630,1668,1560,1399,1969,1425,1541,1646,2021,2020,2021,2018,2018,2017,2018,2137,2127,2291,2141,2984,2966,2983,3417,3417,3614,3742,3806,3736
2430,0.86354,0.85582,0.05099,0.05493,198.11,433,628,1631,1668,1561,1399,1970,1425,1541,1647,2021,2020,2021,2018,2018,2017,2017,2137,2127,2291,2141,2984,2966,2983,3417,3417,3614,3742,3806,3736
2431,0.86354,0.85532,0.05099,0.05503,198.2,433,629,1631,1669,1561,1399,1971,1425,1541,1647,2021,2020,2021,2018,2018,2017,2018,2137,2127,2291,2141,2984,2966,2983,3417,3417,3614,3742,3806,3736
2432,0.86354,0.85588,0.05099,0.05492,198.28,433,629,1632,1669,1562,1399,1973,1425,1541,1648,2021,2020,2021,2018,2018,2017,2017,2137,2127,2292,2141,2984,2966,2983,3417,3418,3614,3742,3806,3736
2433,0.86353,0.85515,0.05099,0.05506,198.36,433,629,1632,1670,1562,1399,1974,1425,1541,1648,2021,2020,2021,2018,2018,2017,2018,2137,2127,2292,2141,2984,2966,2983,3417,3418,3614,3742,3806,3736
2434,0.86351,0.85603,0.05099,0.05489,198.45,433,630,1633,1670,1563,1399,1975,1425,1542,1649,2021,2020,2021,2018,2017,2017,2017,2137,2127,2292,2141,2984,2966,2983,3417,3418,3614,3742,3806,3736
2435,0.86348,0.85497,0.051,0.05509,198.52,433,630,1633,1670,1563,1399,1976,1425,1542,1649,2021,2020,2021,2018,2018,2018,2018,2137,2127,2292,2141,2984,2966,2983,3417,3418,3614,3742,3806,3736
2436,0.86342,0.85616,0.05101,0.05487,198.6,433,630,1634,1671,1563,1399,1977,1425,1542,1649,2021,2020,2021,2018,2017,2017,2017,2137,2126,2292,2141,2984,2966,2983,3417,3418,3614,3742,3806,3736
2437,0.86334,0.85456,0.05102,0.05517,198.69,433,630,1634,1671,1564,1399,1978,1425,1542,1650,2021,2020,2021,2018,2018,2018,2018,2137,2126,2291,2141,2984,2966,2983,3417,3418,3614,3742,3806,3736
2438,0.86322,0.85625,0.05105,0.05485,198.77,433,631,1635,1672,1564,1399,1979,1425,1542,1650,2021,2020,2021,2018,2017,2017,2017,2137,2127,2291,2141,2984,2966,2983,3417,3418,3614,3741,3806,3736
2439,0.86306,0.85397,0.05108,0.05528,198.86,433,631,1635,1672,1565,1399,1980,1425,1542,1651,2021,2020,2021,2018,2018,2018,2018,2137,2127,2291,2141,2984,2966,2983,3417,3418,3614,3741,3806,3736
2440,0.86285,0.85629,0.05112,0.05484,198.94,433,631,1636,1673,1565,1399,1981,1425,1543,1651,2021,2020,2021,2018,2017,2017,2017,2137,2126,2291,2141,2984,2966,2983,3417,3418,3614,3741,3806,3736
2441,0.86266,0.85324,0.05115,0.05542,199.02,433,632,1637,1673,1566,1399,1982,1425,1543,1652,2021,2020,2021,2018,2018,2017,2017,2137,2126,2291,2141,2984,2966,2983,3417,3418,3614,3741,3806,3736
2442,0.8625,0.85624,0.05118,0.05485,199.1,433,632,1637,1674,1566,1399,1983,1425,1543,1652,2021,2020,2021,2017,2017,2017,2017,2137,2127,2292,2141,2984,2966,2983,3418,3418,3614,3741,3806,3736
2443,0.86246,0.85289,0.05119,0.05549,199.18,433,632,1638,1674,1567,1399,1984,1425,1543,1653,2021,2021,2021,2018,2017,2017,2017,2137,2127,2292,2141,2984,2966,2983,3418,3418,3614,3741,3806,3736
2444,0.86258,0.85628,0.05117,0.05484,199.26,433,633,1638,1675,1567,1399,1985,1425,1543,1653,2021,2020,2021,2017,2017,2017,2017,2137,2126,2292,2141,2984,2966,2983,3418,3418,3614,3741,3806,3736
2445,0.8629,0.85361,0.05111,0.05535,199.35,433,633,1639,1675,1567,1399,1986,1425,1543,1653,2021,2021,2021,2017,2017,2017,2017,2137,2126,2292,2141,2984,2966,2983,3418,3418,3614,3741,3806,3736
2446,0.86329,0.85626,0.05103,0.05485,199.43,433,633,1639,1676,1568,1399,1987,1425,1544,1654,2021,2020,2021,2017,2017,2017,2017,2137,2125,2291,2141,2984,2965,2983,3418,3418,3614,3741,3806,3736
2447,0.86361,0.85512,0.05097,0.05506,199.52,433,634,1640,1676,1568,1399,1988,1425,1544,1654,2021,2020,2021,2017,2017,2017,2017,2137,2125,2291,2141,2984,2966,2983,3418,3418,3614,3741,3806,3736
2448,0.86371,0.85569,0.05096,0.05496,199.59,433,634,1640,1676,1569,1399,1989,1425,1544,1655,2021,2020,2021,2017,2017,2017,2017,2137,2126,2291,2141,2984,2965,2983,3418,3418,3614,3741,3806,3736
2449,0.86361,0.85618,0.05098,0.05486,199.68,433,634,1641,1677,1569,1399,1990,1425,1544,1655,2021,2020,2021,2017,2017,2017,2017,2137,2126,2291,2141,2984,2965,2983,3417,3418,3614,3741,3806,3736
2450,0.86341,0.85463,0.05101,0.05516,199.76,433,635,1641,1677,1570,1399,1991,1425,1544,1656,2021,2020,2021,2018,2018,2017,2018,2137,2126,2291,2141,2984,2965,2983,3417,3418,3614,3741,3806,3736
2451,0.86324,0.85642,0.05104,0.05482,199.84,433,635,1642,1678,1570,1400,1992,1425,1544,1656,2021,2020,2021,2018,2018,2017,2018,2137,2127,2292,2141,2984,2965,2983,3417,3418,3614,3741,3806,3736
2452,0.86318,0.85408,0.05105,0.05526,199.92,433,635,1642,1678,1571,1399,1993,1425,1544,1657,2021,2020,2021,2018,2018,2018,2018,2137,2127,2292,2141,2984,2965,2983,3417,3418,3614,3741,3806,3736
2453,0.86327,0.85639,0.05104,0.05482,200.01,433,635,1643,1679,1571,1399,1994,1425,1544,1657,2021,2020,2021,2018,2018,2018,2018,2137,2127,2292,2141,2984,2965,2983,3417,3418,3614,3741,3806,3736
2454,0.86347,0.85479,0.051,0.05513,200.1,433,636,1643,1679,1571,1399,1994,1425,1545,1658,2021,2020,2021,2018,2018,2018,2018,2137,2127,2292,2141,2984,2965,2983,3417,3418,3614,3741,3806,3736
2455,0.86367,0.8563,0.05096,0.05484,200.19,433,636,1644,1680,1572,1399,1995,1425,1545,1658,2021,2020,2021,2018,2018,2018,2018,2137,2127,2292,2141,2984,2965,2983,3417,3418,3614,3741,3806,3736
2456,0.86377,0.85575,0.05094,0.05494,200.28,433,636,1645,1680,1572,1399,1996,1425,1545,1659,2021,2020,2021,2018,2018,2018,2018,2137,2126,2291,2141,2984,2965,2983,3417,3418,3614,3741,3806,3736
2457,0.86376,0.85557,0.05095,0.05498,200.36,433,637,1645,1681,1573,1399,1997,1425,1545,1659,2021,2020,2021,2018,2018,2018,2018,2137,2126,2291,2141,2984,2965,2983,3417,3418,3614,3741,3806,3736
2458,0.86367,0.85636,0.05096,0.05483,200.45,433,637,1646,1681,1573,1400,1998,1425,1545,1659,2021,2020,2021,2018,2017,2017,2017,2137,2126,2291,2141,2984,2965,2983,3417,3418,3614,3741,3806,3736
2459,0.86357,0.85497,0.05098,0.05509,200.54,433,637,1646,1682,1574,1400,1998,1425,1545,1660,2021,2020,2021,2018,2018,2017,2017,2137,2126,2291,2141,2984,2965,2983,3417,3418,3614,3741,3806,3736
2460,0.86353,0.85649,0.05099,0.0548,200.62,433,638,1647,1682,1574,1400,1999,1425,1545,1660,2021,2020,2021,2018,2017,2017,2017,2137,2126,2291,2141,2984,2965,2983,3417,3418,3614,3741,3806,3736
2461,0.86356,0.85476,0.05098,0.05513,200.72,433,638,1647,1683,1574,1399,2000,1425,1546,1661,2021,2020,2021,2018,2017,2017,2017,2137,2127,2292,2141,2984,2966,2983,3417,3418,3614,3741,3806,3736
2462,0.86365,0.85635,0.05097,0.05483,200.8,433,638,1648,1683,1575,1399,2001,1425,1546,1661,2021,2020,2021,2017,2017,2017,2017,2137,2127,2292,2141,2984,2965,2983,3417,3418,3614,3741,3806,3736
2463,0.86377,0.85548,0.05094,0.055,200.89,433,639,1648,1683,1575,1399,2001,1425,1546,1662,2021,2020,2021,2018,2017,2017,2017,2137,2127,2292,2141,2984,2966,2983,3417,3418,3614,3741,3806,3736
2464,0.86384,0.85616,0.05093,0.05487,200.98,433,639,1649,1684,1576,1399,2002,1425,1546,1662,2021,2020,2021,2017,2017,2017,2017,2137,2127,2292,2141,2984,2965,2983,3417,3418,3614,3740,3806,3736
2465,0.86386,0.85607,0.05093,0.05488,201.08,433,639,1649,1684,1576,1399,2003,1425,1546,1663,2021,2020,2021,2018,2017,2017,2017,2137,2127,2292,2141,2984,2966,2983,3417,3418,3614,3740,3806,3736
2466,0.86382,0.85552,0.05094,0.05499,201.16,433,639,1650,1685,1577,1399,2004,1425,1547,1663,2021,2020,2021,2018,2017,2017,2018,2137,2127,2291,2141,2984,2966,2983,3417,3417,3614,3740,3806,3736
2467,0.86377,0.8564,0.05094,0.05482,201.25,433,640,1650,1685,1577,1399,2004,1425,1547,1664,2021,2020,2021,2018,2017,2017,2018,2137,2127,2291,2141,2984,2966,2983,3417,3417,3614,3740,3806,3736
2468,0.86375,0.85535,0.05095,0.05502,201.33,433,640,1651,1686,1578,1399,2005,1425,1547,1664,2021,2020,2021,2018,2018,2018,2018,2137,2127,2291,2141,2984,2966,2983,3417,3417,3614,3740,3806,3736
2469,0.86376,0.8565,0.05095,0.0548,201.43,433,640,1651,1686,1578,1400,2006,1425,1547,1665,2021,2020,2021,2018,2018,2017,2018,2137,2127,2291,2141,2984,2966,2983,3417,3418,3614,3740,3806,3736
2470,0.86381,0.8554,0.05094,0.05501,201.53,433,641,1652,1687,1578,1399,2006,1425,1547,1665,2021,2020,2021,2018,2018,2018,2018,2137,2127,2292,2141,2984,2966,2983,3417,3417,3614,3740,3806,3736
2471,0.86387,0.85629,0.05093,0.05484,201.62,433,641,1652,1687,1579,1399,2007,1425,1547,1666,2021,2020,2021,2018,2018,2017,2018,2137,2127,2292,2141,2984,2966,2983,3417,3418,3614,3740,3806,3736
2472,0.86391,0.8559,0.05092,0.05492,201.7,433,641,1653,1688,1579,1399,2007,1425,1548,1666,2021,2020,2021,2018,2018,2018,2018,2137,2126,2292,2141,2984,2966,2983,3417,3418,3614,3740,3806,3736
2473,0.86393,0.85612,0.05091,0.05487,201.78,433,642,1653,1688,1580,1399,2008,1425,1548,1666,2021,2020,2021,2018,2018,2017,2017,2137,2126,2292,2141,2984,2966,2983,3417,3418,3614,3740,3806,3736
2474,0.86393,0.85624,0.05091,0.05485,201.86,432,642,1654,1689,1580,1399,2009,1425,1548,1667,2021,2020,2021,2018,2018,2017,2017,2137,2126,2292,2141,2984,2966,2983,3417,3418,3614,3740,3806,3736
2475,0.86392,0.85573,0.05092,0.05495,201.95,432,642,1654,1689,1581,1399,2009,1425,1548,1667,2021,2020,2021,2018,2018,2017,2017,2137,2126,2291,2141,2984,2966,2983,3417,3418,3614,3740,3806,3736
2476,0.86391,0.85638,0.05092,0.05482,202.04,432,643,1655,1689,1581,1399,2010,1425,1548,1668,2021,2020,2021,2018,2017,2017,2017,2137,2127,2291,2141,2984,2966,2983,3417,3418,3614,3740,3806,3736
2477,0.86391,0.85569,0.05092,0.05496,202.12,432,643,1655,1690,1582,1399,2011,1425,1548,1668,2021,2020,2021,2018,2018,2017,2017,2137,2127,2291,2141,2984,2966,2983,3417,3418,3614,3740,3806,3736
2478,0.86392,0.85647,0.05092,0.05481,202.21,432,643,1656,1690,1582,1399,2011,1425,1548,1669,2021,2020,2021,2018,2017,2017,2017,2137,2127,2291,2141,2984,2966,2983,3417,3418,3614,3740,3806,3736
2479,0.86395,0.85576,0.05091,0.05494,202.29,432,644,1656,1691,1582,1399,2012,1425,1549,1669,2021,2020,2021,2018,2018,2017,2017,2137,2127,2291,2141,2984,2966,2983,3417,3418,3614,3740,3806,3736
2480,0.86397,0.85634,0.05091,0.05483,202.37,432,644,1657,1691,1583,1399,2012,1425,1549,1670,2021,2020,2021,2018,2017,2017,2017,2137,2127,2292,2141,2984,2966,2983,3417,3418,3614,3740,3806,3736
2481,0.864,0.85602,0.0509,0.05489,202.47,432,644,1657,1692,1583,1399,2013,1425,1549,1670,2021,2020,2021,2018,2017,2017,2018,2137,2127,2292,2141,2984,2966,2983,3417,3417,3614,3740,3806,3736
2482,0.86401,0.85623,0.0509,0.05485,202.55,432,645,1658,1692,1584,1399,2014,1425,1549,1670,2021,2020,2021,2018,2017,2017,2018,2137,2127,2292,2141,2984,2966,2983,3417,3418,3614,3740,3806,3736
2483,0.86402,0.85622,0.0509,0.05485,202.64,432,645,1659,1693,1584,1399,2014,1425,1549,1671,2021,2020,2021,2018,2018,2017,2018,2137,2127,2292,2141,2984,2966,2983,3417,3417,3614,3740,3806,3736
2484,0.86402,0.856,0.0509,0.0549,202.72,432,646,1659,1693,1585,1399,2015,1425,1549,1671,2021,2020,2021,2018,2018,2017,2018,2137,2127,2292,2141,2984,2966,2983,3417,3417,3614,3740,3806,3736
2485,0.86402,0.85639,0.0509,0.05482,202.81,432,646,1660,1694,1585,1399,2015,1425,1550,1672,2021,2020,2021,2018,2018,2017,2018,2137,2127,2291,2141,2984,2966,2983,3417,3417,3614,3740,3806,3736
2486,0.86402,0.85599,0.0509,0.0549,202.89,432,646,1660,1694,1585,1399,2016,1425,1550,1672,2021,2020,2021,2018,2018,2018,2018,2137,2127,2291,2141,2984,2966,2983,3417,3417,3614,3740,3806,3736
2487,0.86403,0.8565,0.0509,0.0548,202.99,432,647,1661,1694,1586,1399,2017,1425,1550,1673,2021,2020,2021,2018,2018,2017,2018,2137,2127,2291,2141,2984,2966,2983,3417,3417,3614,3740,3806,3736
2488,0.86404,0.85591,0.05089,0.05491,203.08,432,647,1661,1695,1586,1399,2017,1425,1550,1673,2021,2020,2021,2018,2018,2018,2018,2137,2127,2291,2141,2984,2966,2983,3417,3417,3614,3740,3806,3736
2489,0.86405,0.85645,0.05089,0.05481,203.16,432,647,1662,1695,1587,1399,2018,1425,1550,1674,2021,2020,2021,2018,2018,2017,2017,2137,2127,2292,2141,2984,2966,2983,3417,3418,3614,3740,3806,3736
2490,0.86407,0.85608,0.05089,0.05488,203.25,432,648,1662,1696,1587,1399,2018,1425,1550,1674,2021,2020,2021,2018,2018,2017,2018,2137,2127,2292,2141,2984,2966,2983,3417,3418,3614,3740,3806,3736
2491,0.86408,0.85647,0.05089,0.05481,203.34,432,648,1663,1696,1588,1399,2019,1425,1551,1675,2021,2020,2021,2018,2018,2017,2017,2137,2127,2292,2141,2984,2966,2983,3417,3418,3614,3740,3806,3736
2492,0.8641,0.85616,0.05088,0.05487,203.41,432,648,1663,1697,1588,1399,2019,1425,1551,1675,2021,2020,2021,2018,2018,2017,2017,2137,2127,2292,2141,2984,2966,2983,3417,3418,3614,3740,3806,3736
2493,0.86411,0.85631,0.05088,0.05484,203.5,432,649,1664,1697,1589,1399,2019,1425,1551,1675,2021,2020,2021,2018,2018,2017,2017,2137,2127,2292,2141,2984,2966,2983,3417,3418,3614,3740,3806,3736
2494,0.86412,0.85629,0.05088,0.05484,203.58,432,649,1664,1698,1589,1399,2020,1425,1551,1676,2021,2020,2021,2018,2017,2017,2017,2137,2127,2292,2141,2984,2966,2983,3417,3418,3614,3740,3806,3736
2495,0.86413,0.85636,0.05088,0.05483,203.67,432,649,1665,1698,1589,1399,2020,1425,1551,1676,2021,2020,2021,2018,2017,2017,2017,2137,2127,2291,2141,2984,2966,2983,3417,3418,3614,3740,3806,3736
2496,0.86414,0.85645,0.05088,0.05481,203.77,432,650,1665,1699,1590,1399,2021,1425,1551,1677,2021,2020,2021,2018,2017,2017,2017,2137,2127,2291,2141,2984,2966,2983,3417,3418,3614,3740,3806,3736
2497,0.86415,0.85624,0.05087,0.05485,203.86,432,650,1666,1699,1590,1399,2021,1425,1551,1677,2021,2020,2021,2018,2017,2017,2017,2137,2127,2291,2141,2984,2966,2983,3417,3418,3614,3740,3806,3736
2498,0.86415,0.85643,0.05087,0.05482,203.94,432,650,1666,1699,1591,1399,2021,1425,1552,1678,2021,2020,2021,2018,2017,2017,2017,2137,2127,2291,2141,2984,2966,2983,3417,3418,3614,3740,3806,3736
2499,0.86416,0.85627,0.05087,0.05484,204.03,432,651,1667,1700,1591,1399,2022,1425,1552,1678,2021,2020,2021,2018,2018,2017,2018,2137,2127,2292,2141,2984,2966,2983,3417,3418,3614,3740,3806,3736
2500,0.86416,0.8566,0.05087,0.05478,204.11,432,651,1667,1700,1592,1400,2022,1425,1552,1679,2021,2020,2021,2018,2017,2017,2018,2137,2127,2292,2141,2984,2966,2983,3417,3418,3614,3740,3806,3736
2501,0.86417,0.8562,0.05087,0.05486,204.2,432,651,1668,1701,1592,1399,2022,1425,1552,1679,2021,2020,2021,2018,2018,2017,2018,2137,2127,2292,2141,2984,2966,2983,3417,3418,3614,3740,3806,3736
2502,0.86417,0.85656,0.05087,0.05479,204.29,432,652,1668,1701,1593,1399,2022,1425,1552,1679,2021,2020,2021,2018,2018,2017,2018,2137,2127,2292,2141,2984,2966,2983,3417,3418,3614,3740,3806,3736
2503,0.86418,0.8562,0.05087,0.05486,204.38,432,652,1669,1702,1593,1399,2023,1425,1552,1680,2021,2020,2021,2018,2018,2017,2018,2137,2127,2292,2141,2984,2966,2983,3417,3418,3614,3740,3806,3736
2504,0.86419,0.8567,0.05087,0.05476,204.47,432,652,1669,1702,1593,1399,2023,1425,1553,1680,2021,2020,2021,2018,2018,2017,2017,2137,2127,2292,2141,2984,2966,2983,3417,3418,3614,3740,3806,3736
2505,0.8642,0.85622,0.05086,0.05486,204.56,432,653,1670,1703,1594,1399,2023,1425,1553,1681,2021,2020,2021,2018,2018,2017,2017,2137,2127,2292,2141,2984,2966,2983,3417,3418,3614,3740,3806,3736
2506,0.86421,0.85664,0.05086,0.05478,204.64,432,653,1670,1703,1594,1399,2023,1425,1553,1681,2021,2020,2021,2018,2017,2017,2017,2137,2127,2292,2141,2984,2966,2983,3417,3418,3614,3739,3806,3736
2507,0.86422,0.85619,0.05086,0.05486,204.72,432,653,1671,1704,1595,1399,2023,1425,1553,1681,2021,2020,2021,2018,2018,2017,2017,2137,2127,2292,2141,2984,2966,2983,3417,3418,3614,3739,3806,3736
2508,0.86423,0.85669,0.05086,0.05477,204.79,432,654,1671,1704,1595,1399,2023,1425,1553,1682,2021,2020,2021,2018,2017,2017,2017,2137,2127,2292,2141,2984,2966,2983,3417,3418,3614,3739,3806,3736
2509,0.86424,0.85632,0.05086,0.05484,204.88,432,654,1672,1705,1596,1399,2023,1425,1553,1682,2021,2020,2021,2018,2018,2017,2017,2137,2127,2292,2141,2984,2966,2983,3417,3418,3614,3739,3806,3736
2510,0.86425,0.85667,0.05085,0.05477,204.96,432,655,1672,1705,1596,1399,2023,1425,1554,1683,2021,2020,2021,2018,2017,2017,2017,2137,2127,2292,2141,2984,2966,2983,3417,3418,3614,3739,3806,3736
2511,0.86426,0.85631,0.05085,0.05484,205.04,432,655,1673,1705,1597,1399,2023,1425,1554,1683,2021,2020,2021,2018,2018,2017,2017,2137,2127,2292,2141,2984,2966,2983,3417,3418,3614,3739,3806,3736
2512,0.86427,0.85665,0.05085,0.05477,205.14,432,655,1673,1706,1597,1399,2023,1425,1554,1683,2021,2020,2021,2018,2017,2017,2017,2137,2127,2292,2141,2984,2966,2983,3417,3418,3614,3739,3806,3736
2513,0.86428,0.8564,0.05085,0.05482,205.22,432,656,1674,1706,1597,1399,2023,1425,1554,1684,2021,2020,2021,2018,2018,2017,2018,2137,2127,2292,2141,2984,2966,2983,3417,3418,3614,3739,3806,3736
2514,0.86429,0.85668,0.05085,0.05477,205.31,432,656,1674,1707,1598,1399,2023,1425,1554,1684,2021,2020,2021,2018,2017,2017,2017,2137,2127,2292,2141,2984,2966,2983,3417,3418,3614,3739,3806,3736
2515,0.8643,0.8564,0.05085,0.05482,205.4,432,656,1675,1707,1598,1399,2023,1425,1554,1685,2021,2020,2021,2018,2018,2017,2018,2137,2127,2292,2141,2984,2966,2983,3417,3418,3614,3739,3806,3736
2516,0.86431,0.85666,0.05084,0.05477,205.49,431,657,1675,1708,1599,1399,2023,1425,1554,1685,2021,2020,2021,2018,2018,2017,2018,2137,2127,2292,2141,2984,2966,2983,3417,3418,3614,3739,3806,3736
2517,0.86432,0.85645,0.05084,0.05481,205.58,431,657,1676,1708,1599,1399,2023,1425,1555,1685,2021,2020,2021,2018,2018,2017,2018,2137,2127,2292,2141,2984,2966,2983,3417,3418,3614,3739,3806,3736
2518,0.86432,0.85677,0.05084,0.05475,205.66,431,657,1676,1709,1600,1399,2023,1425,1555,1686,2021,2020,2021,2018,2018,2017,2017,2137,2127,2292,2141,2984,2966,2983,3417,3418,3614,3739,3806,3736
2519,0.86433,0.85637,0.05084,0.05483,205.74,431,658,1677,1709,1600,1399,2023,1425,1555,1686,2021,2020,2021,2018,2018,2017,2018,2137,2127,2292,2141,2984,2966,2983,3417,3418,3614,3739,3806,3736
2520,0.86433,0.85676,0.05084,0.05475,205.82,431,658,1677,1709,1600,1399,2023,1425,1555,1687,2021,2020,2021,2018,2017,2017,2017,2137,2127,2292,2141,2984,2966,2982,3417,3418,3614,3739,3806,3736
2521,0.86433,0.85632,0.05084,0.05483,205.92,431,659,1678,1710,1601,1399,2023,1425,1555,1687,2021,2020,2021,2018,2018,2017,2017,2137,2127,2292,2141,2984,2966,2982,3417,3418,3614,3739,3806,3736
2522,0.86433,0.85695,0.05084,0.05472,206.01,431,659,1678,1710,1601,1399,2023,1425,1555,1687,2021,2020,2021,2018,2017,2017,2017,2137,2127,2292,2141,2984,2966,2982,3417,3418,3614,3739,3806,3736
2523,0.86432,0.85617,0.05084,0.05486,206.09,431,659,1679,1711,1602,1399,2023,1425,1555,1688,2021,2020,2021,2018,2018,2017,2018,2137,2127,2292,2141,2984,2966,2982,3417,3418,3614,3739,3806,3736
2524,0.8643,0.85698,0.05085,0.05471,206.18,431,660,1679,1711,1602,1399,2022,1425,1556,1688,2021,2020,2021,2018,2017,2017,2017,2137,2127,2292,2141,2984,2966,2982,3417,3418,3614,3739,3806,3736
2525,0.86427,0.85599,0.05085,0.0549,206.26,431,660,1680,1712,1603,1399,2022,1425,1556,1689,2021,2020,2021,2018,2018,2017,2018,2137,2127,2292,2141,2984,2966,2982,3417,3418,3614,3739,3806,3736
2526,0.86424,0.85717,0.05086,0.05467,206.34,431,660,1680,1712,1603,1399,2022,1425,1556,1689,2021,2020,2021,2018,2017,2017,2017,2137,2127,2292,2141,2984,2966,2982,3417,3418,3614,3739,3806,3736
2527,0.86419,0.85571,0.05087,0.05495,206.43,431,661,1681,1713,1604,1399,2022,1425,1556,1689,2021,2020,2021,2018,2018,2017,2018,2137,2127,2292,2141,2984,2966,2982,3417,3418,3614,3739,3806,3736
2528,0.86412,0.8572,0.05088,0.05467,206.52,431,661,1681,1713,1604,1399,2022,1425,1556,1690,2021,2020,2021,2018,2017,2017,2017,2137,2126,2292,2141,2984,2966,2982,3417,3418,3614,3739,3806,3736
2529,0.86403,0.8553,0.0509,0.05503,206.61,431,662,1682,1714,1604,1399,2022,1425,1556,1690,2021,2020,2021,2018,2018,2017,2018,2137,2126,2292,2141,2984,2966,2982,3417,3418,3614,3739,3806,3736
2530,0.86392,0.85732,0.05092,0.05464,206.69,431,662,1682,1714,1605,1399,2022,1425,1557,1691,2021,2020,2021,2017,2017,2017,2017,2137,2126,2292,2141,2984,2966,2982,3417,3418,3614,3739,3806,3736
2531,0.8638,0.85483,0.05094,0.05512,206.78,431,662,1683,1714,1605,1399,2022,1425,1557,1691,2021,2021,2021,2018,2018,2017,2018,2137,2127,2292,2141,2984,2966,2982,3417,3418,3614,3739,3806,3736
2532,0.86368,0.85728,0.05096,0.05465,206.86,431,663,1683,1715,1606,1399,2022,1425,1557,1691,2021,2020,2021,2017,2017,2017,2017,2137,2127,2292,2141,2984,2966,2982,3418,3418,3614,3739,3806,3736
2533,0.86362,0.85447,0.05097,0.05519,206.94,431,663,1684,1715,1606,1399,2022,1425,1557,1692,2021,2021,2021,2018,2017,2017,2017,2137,2127,2291,2141,2984,2966,2982,3417,3418,3614,3739,3806,3736
2534,0.86365,0.85734,0.05097,0.05464,207.03,431,663,1684,1716,1607,1399,2022,1425,1557,1692,2021,2020,2021,2017,2017,2017,2017,2137,2126,2292,2141,2984,2966,2982,3418,3418,3614,3739,3806,3736
2535,0.86379,0.85481,0.05094,0.05512,207.11,431,664,1685,1716,1607,1399,2022,1425,1557,1693,2021,2021,2021,2018,2017,2017,2017,2137,2126,2292,2141,2984,2966,2982,3418,3418,3614,3739,3806,3736
2536,0.86401,0.85733,0.0509,0.05464,207.2,431,664,1685,1717,1607,1399,2022,1425,1558,1693,2021,2020,2021,2017,2017,2017,2017,2137,2127,2292,2141,2984,2966,2982,3418,3418,3614,3739,3806,3736
2537,0.86426,0.85571,0.05085,0.05495,207.28,431,665,1686,1717,1608,1399,2022,1425,1558,1694,2021,2020,2021,2017,2017,2017,2017,2137,2127,2292,2141,2984,2966,2982,3418,3418,3614,3739,3806,3736
2538,0.86444,0.85713,0.05082,0.05468,207.36,431,665,1687,1718,1608,1399,2022,1425,1558,1694,2021,2020,2020,2017,2017,2017,2017,2137,2127,2292,2141,2984,2966,2982,3418,3418,3614,3739,3806,3736
2539,0.86453,0.8567,0.0508,0.05476,207.45,431,665,1687,1718,1609,1399,2022,1425,1558,1694,2021,2020,2020,2017,2017,2017,2017,2137,2127,2292,2141,2984,2966,2982,3418,3418,3614,3739,3806,3736
2540,0.86452,0.85654,0.0508,0.05479,207.55,431,666,1688,1718,1609,1399,2022,1425,1558,1695,2021,2020,2020,2018,2017,2017,2017,2137,2127,2292,2141,2984,2966,2982,3417,3418,3614,3739,3806,3736
2541,0.86444,0.85721,0.05082,0.05466,207.64,431,666,1688,1719,1610,1400,2022,1425,1558,1695,2021,2020,2021,2018,2017,2017,2017,2137,2127,2292,2141,2984,2966,2982,3417,3418,3614,3739,3806,3736
2542,0.86433,0.85586,0.05084,0.05492,207.73,431,666,1689,1719,1610,1399,2022,1425,1558,1696,2021,2020,2021,2018,2018,2018,2018,2137,2127,2292,2142,2984,2966,2982,3417,3418,3614,3739,3806,3736
2543,0.86423,0.85746,0.05086,0.05462,207.82,431,667,1689,1720,1611,1400,2022,1425,1559,1696,2021,2020,2021,2018,2018,2017,2018,2137,2127,2292,2141,2984,2966,2982,3417,3418,3614,3739,3806,3736
2544,0.86416,0.85546,0.05087,0.055,207.9,431,667,1690,1720,1611,1399,2022,1425,1559,1696,2021,2020,2021,2018,2018,2018,2018,2137,2127,2292,2141,2984,2966,2982,3417,3418,3614,3739,3806,3736
2545,0.86413,0.85748,0.05088,0.05461,207.98,431,668,1690,1721,1611,1399,2022,1425,1559,1697,2021,2020,2021,2018,2018,2017,2017,2137,2126,2292,2141,2984,2966,2982,3417,3418,3614,3739,3806,3736
2546,0.8642,0.85554,0.05086,0.05498,208.07,431,668,1691,1721,1612,1399,2022,1425,1559,1697,2021,2020,2021,2018,2018,2018,2018,2137,2126,2291,2141,2984,2966,2982,3417,3418,3614,3739,3806,3736
2547,0.8643,0.85747,0.05084,0.05462,208.15,431,668,1691,1722,1612,1399,2022,1425,1559,1698,2021,2020,2021,2018,2017,2017,2017,2137,2126,2291,2141,2984,2966,2982,3417,3418,3614,3739,3806,3736
2548,0.86444,0.85607,0.05082,0.05488,208.23,431,669,1692,1722,1613,1399,2022,1425,1559,1698,2021,2020,2021,2018,2018,2017,2017,2137,2126,2292,2141,2984,2966,2982,3417,3418,3614,3739,3806,3736
2549,0.86456,0.85725,0.0508,0.05466,208.31,431,669,1692,1723,1613,1399,2022,1425,1559,1698,2021,2020,2021,2018,2017,2017,2017,2137,2127,2292,2141,2984,2966,2982,3417,3418,3614,3739,3806,3736
2550,0.86463,0.85678,0.05078,0.05475,208.4,431,670,1693,1723,1614,1399,2022,1425,1560,1699,2021,2020,2021,2018,2017,2017,2017,2137,2127,2292,2141,2984,2966,2982,3417,3418,3614,3739,3806,3736
2551,0.86464,0.85685,0.05078,0.05474,208.48,431,670,1693,1723,1614,1399,2022,1425,1560,1699,2021,2020,2021,2018,2017,2017,2017,2137,2127,2292,2141,2984,2966,2982,3417,3418,3614,3739,3806,3736
2552,0.86461,0.85723,0.05079,0.05466,208.56,431,670,1694,1724,1615,1400,2022,1425,1560,1700,2021,2020,2021,2018,2017,2017,2017,2137,2127,2292,2141,2984,2966,2982,3417,3418,3614,3739,3806,3736
2553,0.86456,0.85632,0.0508,0.05484,208.64,431,671,1694,1724,1615,1400,2022,1425,1560,1700,2021,2020,2021,2018,2017,2017,2017,2137,2127,2292,2141,2984,2966,2982,3417,3418,3614,3739,3806,3736
2554,0.86451,0.85746,0.05081,0.05462,208.72,430,671,1695,1725,1615,1400,2022,1425,1560,1700,2021,2020,2021,2018,2017,2017,2017,2137,2127,2292,2141,2984,2966,2982,3417,3418,3614,3739,3806,3736
2555,0.86447,0.85603,0.05081,0.05489,208.8,430,671,1695,1725,1616,1400,2022,1425,1560,1701,2021,2020,2021,2018,2018,2017,2018,2137,2127,2292,2141,2984,2966,2982,3417,3418,3614,3739,3806,3736
2556,0.86445,0.85756,0.05082,0.0546,208.89,430,672,1696,1726,1616,1400,2022,1425,1561,1701,2021,2020,2021,2018,2017,2017,2017,2137,2127,2292,2141,2984,2966,2982,3418,3418,3614,3739,3806,3736
2557,0.86446,0.85598,0.05082,0.0549,208.98,430,672,1696,1726,1617,1399,2022,1425,1561,1702,2021,2020,2021,2018,2018,2018,2018,2137,2127,2292,2141,2984,2966,2982,3417,3418,3614,3739,3806,3736
2558,0.86451,0.85752,0.05081,0.05461,209.06,430,673,1697,1727,1617,1399,2022,1425,1561,1702,2021,2020,2021,2018,2017,2017,2017,2137,2127,2292,2141,2984,2966,2982,3418,3418,3614,3739,3806,3736
2559,0.86458,0.8563,0.05079,0.05484,209.14,430,673,1697,1727,1618,1399,2022,1425,1561,1702,2021,2020,2021,2018,2018,2017,2018,2137,2127,2292,2141,2984,2966,2982,3417,3418,3614,3739,3806,3736
2560,0.86466,0.85738,0.05078,0.05463,209.22,430,673,1698,1727,1618,1399,2022,1425,1561,1703,2021,2020,2021,2018,2017,2017,2017,2137,2127,2292,2141,2984,2966,2982,3417,3418,3614,3739,3806,3736
2561,0.86472,0.85676,0.05077,0.05475,209.31,430,674,1698,1728,1619,1399,2022,1425,1561,1703,2021,2020,2021,2018,2018,2017,2017,2137,2127,2292,2141,2984,2966,2982,3417,3418,3614,3739,3806,3736
2562,0.86475,0.85706,0.05076,0.05469,209.38,430,674,1699,1728,1619,1399,2022,1425,1562,1704,2021,2020,2021,2018,2017,2017,2017,2137,2126,2292,2141,2984,2966,2982,3417,3418,3614,3739,3806,3736
2563,0.86475,0.8572,0.05076,0.05467,209.45,430,675,1699,1729,1619,1399,2022,1425,1562,1704,2021,2020,2021,2018,2017,2017,2017,2137,2126,2292,2141,2984,2966,2982,3417,3418,3614,3739,3806,3736
2564,0.86474,0.85676,0.05076,0.05475,209.54,430,675,1700,1729,1620,1399,2022,1425,1562,1704,2021,2020,2021,2018,2018,2017,2017,2137,2126,2292,2141,2984,2966,2982,3417,3418,3614,3739,3806,3736
2565,0.86471,0.85744,0.05077,0.05462,209.63,430,675,1700,1730,1620,1399,2022,1425,1562,1705,2021,2020,2021,2018,2017,2017,2017,2137,2126,2292,2141,2984,2966,2982,3417,3418,3614,3739,3806,3736
2566,0.86469,0.8565,0.05077,0.0548,209.72,430,676,1701,1730,1621,1399,2022,1425,1562,1705,2021,2020,2021,2018,2018,2017,2017,2137,2127,2292,2141,2984,2966,2982,3417,3418,3614,3739,3806,3736
2567,0.86468,0.85754,0.05077,0.0546,209.8,430,676,1701,1730,1621,1400,2022,1425,1562,1705,2021,2020,2021,2018,2017,2017,2017,2137,2127,2292,2141,2984,2966,2982,3417,3418,3614,3739,3806,3736
2568,0.86469,0.85646,0.05077,0.05481,209.88,430,677,1702,1731,1622,1399,2022,1425,1563,1706,2021,2020,2021,2018,2018,2017,2018,2137,2127,2292,2141,2984,2966,2982,3417,3418,3614,3739,3806,3736
2569,0.8647,0.8576,0.05077,0.05459,209.97,430,677,1702,1731,1622,1400,2022,1425,1563,1706,2021,2020,2021,2018,2017,2017,2017,2137,2127,2292,2141,2984,2966,2982,3417,3418,3614,3739,3806,3736
2570,0.86473,0.85657,0.05076,0.05479,210.05,430,678,1703,1732,1623,1399,2022,1425,1563,1707,2021,2020,2021,2018,2018,2017,2018,2137,2127,2292,2141,2984,2966,2982,3417,3418,3614,3739,3806,3736
2571,0.86476,0.85753,0.05076,0.0546,210.16,430,678,1703,1732,1623,1399,2022,1425,1563,1707,2021,2020,2021,2018,2017,2017,2017,2137,2127,2292,2141,2984,2966,2982,3417,3418,3614,3739,3806,3736
2572,0.8648,0.85676,0.05075,0.05475,210.24,430,678,1704,1733,1624,1399,2022,1425,1563,1707,2021,2020,2021,2018,2018,2017,2018,2137,2127,2292,2141,2984,2966,2982,3417,3418,3614,3739,3806,3736
2573,0.86484,0.85742,0.05074,0.05463,210.33,430,679,1704,1733,1624,1399,2022,1425,1563,1708,2021,2020,2021,2018,2017,2017,2017,2137,2127,2292,2141,2984,2966,2982,3417,3418,3614,3739,3806,3736
2574,0.86487,0.85703,0.05074,0.0547,210.41,430,679,1705,1733,1624,1399,2022,1425,1564,1708,2021,2020,2021,2018,2017,2017,2017,2137,2127,2292,2141,2984,2966,2982,3417,3418,3614,3739,3806,3736
2575,0.86488,0.85726,0.05074,0.05466,210.5,430,680,1705,1734,1625,1399,2022,1425,1564,1709,2021,2020,2021,2018,2017,2017,2017,2137,2127,2292,2141,2984,2966,2982,3417,3418,3614,3739,3806,3736
2576,0.86489,0.85725,0.05073,0.05466,210.58,430,680,1706,1734,1625,1399,2022,1425,1564,1709,2021,2020,2021,2018,2017,2017,2017,2137,2127,2292,2141,2984,2966,2982,3417,3418,3614,3739,3806,3736
2577,0.8649,0.85711,0.05073,0.05468,210.67,430,680,1706,1735,1626,1399,2022,1425,1564,1709,2021,2020,2021,2018,2018,2017,2017,2137,2127,2292,2141,2984,2966,2982,3417,3418,3614,3739,3806,3736
2578,0.8649,0.85746,0.05073,0.05462,210.75,430,681,1707,1735,1626,1400,2022,1425,1564,1710,2021,2020,2020,2018,2017,2017,2017,2137,2127,2292,2141,2984,2966,2982,3417,3418,3614,3739,3806,3736
2579,0.8649,0.85695,0.05073,0.05471,210.84,430,681,1707,1736,1627,1400,2022,1425,1564,1710,2021,2020,2021,2018,2018,2017,2017,2137,2127,2292,2141,2984,2966,2982,3417,3418,3614,3739,3806,3736
2580,0.86489,0.85757,0.05073,0.0546,210.92,430,682,1708,1736,1627,1400,2022,1425,1564,1710,2021,2020,2021,2018,2017,2017,2017,2137,2127,2292,2141,2984,2966,2982,3417,3418,3614,3739,3806,3736
2581,0.86488,0.85682,0.05074,0.05474,211.01,430,682,1708,1737,1628,1400,2022,1425,1565,1711,2021,2020,2021,2018,2018,2017,2018,2137,2127,2292,2141,2984,2966,2982,3417,3418,3614,3739,3806,3736
2582,0.86487,0.8577,0.05074,0.05457,211.09,430,683,1709,1737,1628,1400,2022,1425,1565,1711,2021,2020,2021,2018,2017,2017,2017,2137,2127,2292,2141,2984,2966,2982,3417,3418,3614,3739,3806,3736
2583,0.86486,0.8567,0.05074,0.05476,211.17,430,683,1709,1737,1629,1399,2022,1425,1565,1712,2021,2020,2021,2018,2018,2017,2018,2137,2127,2292,2141,2984,2966,2982,3417,3418,3614,3739,3806,3736
2584,0.86485,0.85777,0.05074,0.05456,211.25,430,683,1710,1738,1629,1399,2022,1425,1565,1712,2021,2020,2021,2018,2017,2017,2017,2137,2127,2292,2141,2984,2966,2982,3417,3418,3614,3739,3806,3736
2585,0.86485,0.85661,0.05074,0.05478,211.33,430,684,1710,1738,1629,1399,2022,1425,1565,1712,2021,2020,2021,2018,2018,2017,2018,2137,2127,2292,2141,2984,2966,2982,3417,3418,3614,3739,3806,3736
2586,0.86485,0.8578,0.05074,0.05455,211.42,430,684,1711,1739,1630,1399,2022,1425,1565,1713,2021,2020,2021,2018,2017,2017,2017,2137,2127,2292,2141,2984,2966,2982,3417,3418,3614,3739,3806,3736
2587,0.86487,0.85663,0.05074,0.05478,211.5,430,685,1711,1739,1630,1399,2022,1425,1566,1713,2021,2020,2021,2018,2018,2017,2018,2137,2127,2292,2141,2984,2966,2982,3417,3418,3614,3739,3806,3736
2588,0.86489,0.8578,0.05074,0.05455,211.57,430,685,1712,1740,1631,1399,2022,1425,1566,1714,2021,2020,2021,2018,2017,2017,2017,2137,2127,2292,2141,2984,2966,2982,3417,3418,3614,3739,3806,3736
2589,0.86492,0.85674,0.05073,0.05476,211.66,430,686,1712,1740,1631,1399,2022,1425,1566,1714,2021,2020,2021,2018,2017,2017,2018,2137,2127,2292,2141,2984,2966,2982,3417,3418,3614,3739,3806,3736
2590,0.86495,0.85777,0.05072,0.05456,211.76,430,686,1713,1740,1632,1399,2022,1425,1566,1714,2021,2020,2021,2018,2017,2017,2017,2137,2127,2292,2141,2984,2966,2982,3417,3418,3614,3739,3806,3736
2591,0.86499,0.85693,0.05072,0.05472,211.85,430,686,1713,1741,1632,1399,2022,1425,1566,1715,2021,2020,2021,2018,2017,2017,2018,2137,2127,2292,2141,2984,2966,2982,3417,3418,3614,3739,3806,3736
2592,0.86501,0.85771,0.05071,0.05457,211.94,430,687,1714,1741,1633,1399,2022,1425,1566,1715,2021,2020,2021,2018,2017,2017,2017,2137,2127,2292,2141,2984,2966,2982,3417,3418,3614,3739,3806,3736
2593,0.86504,0.85711,0.05071,0.05468,212.03,430,687,1714,1742,1633,1399,2022,1425,1566,1716,2021,2020,2021,2018,2017,2017,2017,2137,2127,2292,2141,2984,2966,2982,3417,3418,3614,3739,3806,3736
2594,0.86506,0.85764,0.0507,0.05458,212.12,430,688,1715,1742,1634,1400,2022,1425,1567,1716,2021,2020,2021,2018,2017,2017,2017,2137,2127,2292,2141,2984,2966,2982,3417,3418,3614,3739,3806,3736
2595,0.86508,0.85729,0.0507,0.05465,212.19,430,688,1715,1743,1634,1400,2022,1425,1567,1716,2021,2020,2021,2018,2017,2017,2017,2137,2127,2292,2141,2984,2966,2982,3417,3418,3614,3739,3806,3736
2596,0.8651,0.8576,0.0507,0.05459,212.28,430,689,1716,1743,1634,1400,2022,1425,1567,1717,2021,2020,2021,2018,2017,2017,2017,2137,2127,2292,2141,2984,2966,2982,3417,3418,3614,3739,3806,3736
2597,0.86511,0.8574,0.05069,0.05463,212.37,430,689,1716,1743,1635,1400,2022,1425,1567,1717,2021,2020,2021,2018,2018,2017,2017,2137,2127,2292,2141,2984,2966,2982,3417,3418,3614,3739,3806,3736
2598,0.86512,0.85754,0.05069,0.0546,212.46,430,690,1717,1744,1635,1400,2022,1425,1567,1718,2021,2020,2021,2018,2017,2017,2017,2137,2127,2292,2141,2984,2966,2982,3417,3418,3614,3739,3806,3736
2599,0.86513,0.8575,0.05069,0.05461,212.56,430,690,1717,1744,1636,1400,2022,1425,1567,1718,2021,2020,2021,2018,2017,2017,2017,2137,2127,2292,2141,2984,2966,2982,3417,3418,3614,3739,3806,3736
2600,0.86515,0.85752,0.05069,0.05461,212.65,430,691,1718,1745,1636,1400,2022,1425,1568,1718,2021,2020,2021,2018,2017,2017,2017,2137,2127,2292,2141,2984,2966,2982,3417,3418,3614,3739,3806,3736
2601,0.86516,0.85755,0.05068,0.0546,212.73,430,691,1718,1745,1637,1400,2022,1425,1568,1719,2021,2020,2021,2018,2017,2017,2017,2137,2127,2292,2141,2984,2966,2982,3417,3418,3614,3739,3806,3736
2602,0.86517,0.85747,0.05068,0.05462,212.81,430,691,1719,1746,1637,1400,2022,1425,1568,1719,2021,2020,2021,2018,2017,2017,2017,2137,2127,2292,2141,2984,2966,2982,3417,3418,3614,3739,3806,3736
2603,0.86518,0.85764,0.05068,0.05458,212.89,430,692,1719,1746,1638,1400,2022,1425,1568,1719,2021,2020,2021,2018,2017,2017,2017,2137,2127,2292,2141,2984,2966,2982,3417,3418,3614,3739,3806,3736
2604,0.86519,0.85744,0.05068,0.05462,212.98,430,692,1720,1746,1638,1399,2022,1425,1568,1720,2021,2020,2021,2018,2017,2017,2017,2137,2127,2292,2141,2984,2966,2982,3417,3418,3614,3739,3806,3736
2605,0.8652,0.85769,0.05068,0.05457,213.08,430,693,1720,1747,1639,1399,2022,1425,1568,1720,2021,2020,2021,2018,2017,2017,2017,2137,2127,2292,2141,2984,2966,2982,3417,3418,3614,3739,3806,3736
2606,0.8652,0.85737,0.05068,0.05463,213.16,430,693,1721,1747,1639,1399,2022,1425,1569,1721,2021,2020,2021,2018,2017,2017,2017,2137,2127,2292,2141,2984,2966,2982,3417,3418,3614,3739,3806,3736
2607,0.86521,0.85781,0.05068,0.05455,213.24,430,694,1721,1748,1640,1399,2022,1425,1569,1721,2021,2020,2021,2018,2017,2017,2017,2137,2127,2292,2141,2983,2966,2982,3417,3418,3614,3739,3806,3736
2608,0.86521,0.85729,0.05067,0.05465,213.34,430,694,1722,1748,1640,1399,2022,1425,1569,1721,2021,2020,2021,2018,2018,2017,2018,2137,2127,2292,2141,2984,2966,2982,3417,3418,3614,3739,3806,3736
2609,0.8652,0.85792,0.05068,0.05453,213.43,430,695,1722,1749,1640,1399,2022,1425,1569,1722,2021,2020,2021,2018,2017,2017,2017,2137,2127,2292,2141,2983,2966,2982,3417,3418,3614,3739,3806,3736
2610,0.86519,0.85713,0.05068,0.05468,213.5,430,695,1723,1749,1641,1399,2022,1425,1569,1722,2021,2020,2021,2018,2018,2017,2018,2137,2128,2292,2141,2983,2966,2982,3417,3418,3614,3739,3806,3736
2611,0.86515,0.8581,0.05069,0.05449,213.58,430,696,1723,1749,1641,1399,2022,1425,1569,1722,2021,2020,2021,2018,2017,2017,2017,2137,2127,2292,2141,2983,2966,2982,3417,3418,3614,3739,3806,3736
2612,0.86511,0.85684,0.05069,0.05474,213.68,430,696,1724,1750,1642,1399,2022,1425,1569,1723,2021,2020,2021,2018,2018,2017,2018,2137,2128,2292,2141,2984,2966,2982,3417,3418,3614,3739,3806,3736
2613,0.86503,0.85821,0.05071,0.05447,213.76,429,696,1724,1750,1642,1399,2022,1425,1570,1723,2021,2020,2021,2018,2017,2017,2017,2137,2128,2292,2141,2983,2966,2982,3417,3418,3614,3739,3806,3736
2614,0.86495,0.85642,0.05072,0.05482,213.84,429,697,1725,1751,1643,1399,2022,1425,1570,1724,2021,2020,2021,2018,2018,2017,2018,2137,2128,2292,2141,2984,2966,2982,3417,3418,3614,3739,3806,3736
2615,0.86483,0.85834,0.05075,0.05445,213.91,429,697,1725,1751,1643,1399,2022,1425,1570,1724,2021,2020,2021,2018,2017,2017,2017,2137,2128,2292,2141,2983,2966,2981,3418,3418,3614,3739,3806,3736
2616,0.86473,0.85599,0.05076,0.0549,213.99,429,698,1726,1752,1644,1399,2022,1425,1570,1724,2021,2020,2021,2018,2018,2017,2017,2137,2129,2291,2141,2984,2966,2982,3417,3418,3614,3739,3806,3736
2617,0.86461,0.8584,0.05079,0.05444,214.07,429,698,1726,1752,1644,1399,2022,1425,1570,1725,2021,2020,2021,2017,2017,2017,2017,2137,2129,2292,2141,2983,2966,2981,3418,3418,3614,3739,3806,3736
2618,0.86456,0.85564,0.0508,0.05497,214.15,429,699,1727,1752,1645,1399,2022,1425,1570,1725,2021,2021,2021,2018,2017,2017,2017,2137,2129,2291,2141,2984,2966,2982,3418,3418,3614,3739,3806,3736
2619,0.86455,0.85842,0.0508,0.05443,214.22,429,699,1727,1753,1645,1399,2022,1425,1570,1726,2021,2020,2021,2017,2017,2017,2017,2137,2130,2291,2141,2983,2966,2981,3418,3418,3614,3739,3806,3736
2620,0.86465,0.85582,0.05078,0.05493,214.29,429,700,1728,1753,1646,1399,2022,1425,1570,1726,2021,2021,2021,2018,2017,2017,2017,2137,2130,2291,2141,2984,2966,2982,3418,3418,3614,3739,3806,3736
2621,0.86482,0.85844,0.05075,0.05443,214.38,429,700,1728,1754,1646,1399,2022,1425,1571,1726,2021,2020,2021,2017,2017,2017,2017,2137,2130,2291,2141,2983,2966,2982,3418,3418,3614,3739,3806,3736
2622,0.86506,0.85661,0.0507,0.05478,214.46,429,701,1729,1754,1647,1399,2022,1425,1571,1727,2021,2021,2021,2018,2017,2017,2017,2137,2131,2291,2141,2983,2966,2982,3418,3418,3614,3739,3806,3736
2623,0.86527,0.85825,0.05066,0.05447,214.54,429,701,1729,1755,1647,1399,2022,1425,1571,1727,2021,2020,2021,2017,2017,2017,2017,2137,2131,2291,2141,2983,2966,2982,3418,3418,3614,3739,3806,3736
2624,0.8654,0.85757,0.05064,0.0546,214.62,429,702,1729,1755,1648,1399,2022,1425,1571,1727,2021,2020,2021,2018,2017,2017,2017,2137,2131,2292,2141,2983,2966,2982,3417,3418,3614,3739,3806,3736
2625,0.86543,0.85774,0.05063,0.05456,214.7,429,702,1730,1755,1648,1399,2022,1425,1571,1728,2021,2020,2020,2018,2017,2017,2017,2137,2132,2292,2141,2983,2966,2982,3417,3418,3614,3739,3806,3736
2626,0.86538,0.85823,0.05064,0.05447,214.78,429,702,1730,1756,1648,1399,2022,1425,1571,1728,2021,2020,2020,2018,2017,2017,2017,2137,2132,2292,2141,2983,2966,2982,3417,3418,3614,3739,3806,3736
2627,0.86528,0.85708,0.05066,0.05469,214.86,429,703,1731,1756,1649,1399,2022,1425,1571,1729,2021,2020,2020,2018,2018,2017,2018,2137,2133,2292,2141,2983,2966,2982,3417,3418,3613,3739,3806,3736
2628,0.86518,0.8585,0.05068,0.05442,214.94,429,703,1731,1757,1649,1400,2022,1425,1572,1729,2021,2020,2020,2018,2017,2017,2017,2137,2133,2292,2141,2983,2966,2982,3417,3418,3614,3739,3806,3736
2629,0.86512,0.85665,0.05069,0.05477,215.02,429,704,1732,1757,1650,1399,2022,1425,1572,1730,2021,2020,2021,2018,2018,2018,2018,2137,2133,2291,2141,2983,2966,2982,3417,3418,3613,3739,3806,3736
2630,0.86509,0.85857,0.0507,0.0544,215.09,429,704,1732,1757,1650,1399,2022,1425,1572,1730,2021,2020,2021,2018,2017,2017,2017,2137,2133,2291,2141,2983,2966,2982,3417,3418,3613,3739,3806,3736
2631,0.86515,0.85674,0.05069,0.05476,215.17,429,705,1733,1758,1651,1399,2022,1425,1572,1730,2021,2021,2021,2018,2018,2018,2018,2137,2134,2291,2141,2983,2966,2982,3417,3418,3613,3739,3806,3736
2632,0.86525,0.8585,0.05067,0.05442,215.26,429,705,1733,1758,1651,1399,2022,1425,1572,1731,2021,2020,2021,2018,2017,2017,2017,2137,2133,2291,2141,2983,2966,2982,3417,3418,3613,3739,3806,3736
2633,0.86538,0.85721,0.05064,0.05467,215.36,429,706,1734,1759,1652,1399,2022,1425,1572,1731,2021,2021,2021,2018,2018,2017,2017,2137,2133,2291,2141,2983,2966,2982,3417,3418,3613,3739,3806,3736
2634,0.86549,0.85831,0.05062,0.05445,215.44,429,706,1734,1759,1652,1399,2022,1425,1573,1732,2021,2020,2021,2018,2017,2017,2017,2137,2133,2292,2141,2983,2966,2982,3418,3418,3613,3739,3806,3736
2635,0.86555,0.85791,0.05061,0.05453,215.52,429,707,1735,1760,1653,1399,2022,1425,1573,1732,2021,2020,2021,2018,2017,2017,2017,2137,2133,2292,2141,2983,2966,2982,3418,3418,3613,3739,3806,3736
2636,0.86557,0.85791,0.05061,0.05453,215.59,428,707,1735,1760,1653,1399,2022,1425,1573,1732,2021,2020,2021,2018,2017,2017,2017,2137,2133,2292,2141,2983,2966,2982,3418,3418,3613,3739,3806,3736
2637,0.86554,0.85829,0.05061,0.05446,215.66,428,708,1736,1760,1654,1399,2022,1425,1573,1733,2021,2020,2020,2018,2017,2017,2017,2137,2133,2292,2141,2983,2966,2981,3418,3418,3613,3739,3806,3736
2638,0.8655,0.85745,0.05062,0.05462,215.76,428,708,1736,1761,1654,1399,2022,1425,1573,1733,2021,2020,2020,2018,2017,2017,2017,2137,2133,2292,2141,2983,2966,2982,3417,3418,3613,3739,3806,3736
2639,0.86546,0.85853,0.05063,0.05441,215.84,428,709,1737,1761,1655,1400,2022,1425,1573,1734,2020,2020,2020,2018,2017,2017,2017,2137,2133,2291,2141,2983,2966,2981,3417,3418,3613,3739,3806,3736
2640,0.86545,0.85724,0.05063,0.05466,215.92,428,709,1737,1762,1655,1400,2022,1425,1573,1734,2021,2020,2020,2018,2018,2017,2018,2137,2133,2291,2141,2983,2966,2982,3417,3418,3613,3739,3806,3736
2641,0.86545,0.85858,0.05063,0.0544,216.01,428,710,1738,1762,1656,1400,2022,1425,1574,1735,2021,2020,2020,2018,2017,2017,2017,2137,2132,2291,2141,2983,2966,2981,3417,3418,3613,3739,3806,3736
2642,0.86548,0.85728,0.05062,0.05465,216.08,428,710,1738,1762,1656,1400,2022,1425,1574,1735,2021,2020,2021,2018,2018,2017,2018,2137,2132,2291,2141,2983,2966,2982,3417,3418,3613,3739,3806,3736
2643,0.86553,0.85858,0.05061,0.0544,216.15,428,711,1738,1763,1656,1400,2022,1425,1574,1735,2021,2020,2021,2018,2017,2017,2017,2137,2132,2291,2141,2983,2966,2981,3417,3418,3613,3739,3806,3736
2644,0.86559,0.8576,0.0506,0.05459,216.23,428,711,1739,1763,1657,1400,2022,1425,1574,1736,2021,2020,2021,2018,2018,2017,2018,2137,2132,2291,2141,2983,2966,2981,3417,3418,3613,3739,3806,3736
2645,0.86565,0.85843,0.05059,0.05443,216.34,428,712,1739,1764,1657,1400,2022,1425,1574,1736,2021,2020,2021,2018,2017,2017,2017,2137,2132,2291,2141,2983,2966,2981,3417,3418,3613,3739,3806,3736
2646,0.8657,0.85793,0.05058,0.05453,216.44,428,712,1740,1764,1658,1400,2022,1425,1575,1737,2021,2020,2021,2018,2018,2017,2017,2137,2132,2291,2141,2983,2966,2981,3417,3418,3613,3739,3806,3736
2647,0.86572,0.85821,0.05058,0.05447,216.53,428,713,1740,1765,1658,1400,2022,1425,1575,1737,2021,2020,2020,2018,2018,2017,2017,2137,2132,2292,2141,2983,2966,2981,3417,3418,3613,3739,3806,3736
2648,0.86574,0.85828,0.05058,0.05446,216.61,428,713,1741,1765,1659,1400,2022,1425,1575,1737,2021,2020,2020,2018,2017,2017,2017,2137,2132,2292,2141,2983,2966,2981,3417,3418,3613,3739,3806,3736
2649,0.86574,0.85803,0.05058,0.05451,216.7,428,714,1741,1765,1659,1400,2022,1425,1575,1738,2021,2020,2020,2018,2018,2017,2017,2137,2132,2291,2141,2983,2966,2981,3417,3418,3613,3739,3806,3736
2650,0.86573,0.85849,0.05058,0.05442,216.79,428,714,1742,1766,1660,1400,2022,1425,1575,1738,2021,2020,2020,2018,2017,2017,2017,2137,2132,2291,2141,2983,2966,2981,3417,3418,3613,3739,3806,3736
2651,0.86573,0.85781,0.05058,0.05455,216.88,428,715,1742,1766,1660,1400,2022,1425,1575,1739,2021,2020,2020,2018,2018,2017,2017,2137,2132,2291,2141,2983,2966,2981,3417,3418,3613,3739,3806,3736
2652,0.86572,0.8586,0.05058,0.0544,216.96,428,715,1743,1767,1661,1400,2022,1425,1575,1739,2021,2020,2020,2018,2017,2017,2017,2137,2132,2291,2141,2983,2966,2981,3417,3418,3614,3739,3806,3736
2653,0.86572,0.8577,0.05058,0.05457,217.05,428,716,1743,1767,1661,1400,2022,1425,1576,1739,2021,2020,2021,2018,2018,2017,2017,2137,2133,2291,2141,2983,2966,2981,3417,3418,3614,3739,3806,3736
2654,0.86572,0.85866,0.05058,0.05439,217.14,428,716,1744,1767,1662,1400,2022,1425,1576,1740,2021,2020,2021,2018,2017,2017,2017,2137,2133,2291,2141,2983,2966,2981,3417,3418,3614,3739,3806,3736
2655,0.86573,0.85766,0.05058,0.05458,217.24,428,717,1744,1768,1662,1400,2022,1425,1576,1740,2021,2020,2021,2018,2017,2017,2018,2137,2133,2292,2141,2983,2966,2981,3417,3418,3614,3739,3806,3736
2656,0.86574,0.85868,0.05057,0.05438,217.33,428,717,1745,1768,1663,1400,2022,1425,1576,1741,2021,2020,2021,2018,2017,2017,2017,2137,2133,2292,2141,2983,2966,2981,3417,3418,3614,3738,3806,3736
2657,0.86577,0.85774,0.05057,0.05456,217.41,427,718,1745,1769,1663,1400,2022,1425,1576,1741,2021,2020,2021,2018,2017,2017,2018,2137,2133,2292,2141,2983,2966,2981,3417,3418,3614,3739,3806,3736
2658,0.86579,0.85868,0.05057,0.05438,217.49,427,718,1746,1769,1664,1400,2022,1425,1576,1741,2021,2020,2020,2018,2017,2017,2017,2137,2133,2291,2141,2983,2966,2981,3417,3418,3614,3738,3806,3736
2659,0.86583,0.85792,0.05056,0.05453,217.58,427,719,1746,1770,1664,1400,2022,1425,1577,1742,2021,2020,2020,2018,2017,2017,2018,2137,2133,2291,2141,2983,2966,2981,3417,3418,3614,3739,3806,3736
2660,0.86585,0.85861,0.05055,0.0544,217.67,427,719,1746,1770,1665,1400,2022,1425,1577,1742,2021,2020,2020,2018,2017,2017,2017,2137,2133,2291,2141,2983,2966,2981,3417,3418,3614,3738,3806,3736
2661,0.86588,0.8581,0.05055,0.0545,217.76,427,720,1747,1770,1665,1400,2022,1425,1577,1743,2021,2020,2020,2018,2018,2017,2018,2137,2132,2291,2141,2983,2966,2981,3417,3418,3614,3739,3806,3736
2662,0.8659,0.8585,0.05054,0.05442,217.84,427,720,1747,1771,1666,1400,2022,1425,1577,1743,2021,2020,2020,2018,2017,2017,2017,2137,2132,2291,2141,2983,2966,2981,3417,3418,3614,3738,3806,3736
2663,0.86592,0.85829,0.05054,0.05446,217.93,427,721,1748,1771,1666,1401,2022,1425,1577,1743,2021,2020,2021,2018,2018,2017,2017,2137,2132,2291,2141,2983,2966,2981,3417,3418,3614,3738,3806,3736
2664,0.86594,0.85842,0.05054,0.05443,218.02,427,721,1748,1772,1666,1401,2022,1425,1577,1744,2021,2020,2021,2018,2018,2017,2017,2137,2132,2291,2141,2983,2966,2981,3417,3418,3614,3738,3806,3736
2665,0.86595,0.85845,0.05054,0.05443,218.11,427,722,1749,1772,1667,1401,2022,1425,1577,1744,2021,2020,2021,2018,2018,2017,2017,2137,2132,2292,2141,2983,2966,2981,3417,3418,3614,3738,3806,3736
2666,0.86596,0.85832,0.05053,0.05445,218.2,427,722,1749,1772,1667,1401,2022,1425,1578,1745,2021,2020,2021,2018,2018,2017,2017,2137,2132,2292,2141,2983,2966,2981,3417,3418,3614,3738,3806,3736
2667,0.86596,0.85856,0.05053,0.05441,218.28,427,723,1750,1773,1668,1401,2022,1425,1578,1745,2021,2020,2021,2018,2018,2017,2017,2137,2132,2291,2141,2983,2966,2981,3417,3418,3614,3738,3806,3736
2668,0.86597,0.8583,0.05053,0.05446,218.37,427,723,1750,1773,1668,1401,2022,1425,1578,1745,2021,2020,2020,2018,2018,2017,2018,2137,2132,2291,2141,2983,2966,2981,3417,3418,3614,3738,3806,3736
2669,0.86598,0.85866,0.05053,0.05439,218.46,427,724,1751,1774,1669,1402,2022,1425,1578,1746,2021,2020,2020,2018,2017,2017,2017,2137,2132,2291,2141,2983,2966,2981,3417,3418,3614,3738,3806,3736
2670,0.86599,0.85826,0.05053,0.05446,218.55,427,724,1751,1774,1669,1402,2021,1425,1578,1746,2021,2020,2020,2018,2018,2017,2018,2137,2132,2291,2141,2983,2966,2981,3417,3418,3614,3738,3806,3736
2671,0.866,0.85869,0.05053,0.05438,218.63,427,725,1751,1775,1670,1402,2021,1425,1578,1747,2021,2020,2021,2018,2017,2017,2017,2137,2132,2291,2141,2983,2966,2981,3417,3418,3614,3738,3806,3736
2672,0.866,0.85824,0.05053,0.05447,218.73,427,725,1752,1775,1670,1403,2021,1425,1579,1747,2021,2020,2021,2018,2018,2017,2018,2137,2132,2291,2141,2983,2966,2981,3417,3418,3614,3738,3806,3736
2673,0.86601,0.85879,0.05052,0.05436,218.82,427,726,1752,1775,1671,1403,2021,1425,1579,1747,2021,2020,2021,2018,2017,2017,2017,2137,2132,2291,2141,2983,2966,2981,3417,3418,3614,3738,3806,3736
2674,0.86602,0.85827,0.05052,0.05446,218.91,427,726,1753,1776,1671,1403,2021,1425,1579,1748,2021,2020,2021,2018,2018,2017,2018,2137,2132,2291,2141,2983,2966,2981,3417,3418,3613,3738,3806,3736
2675,0.86603,0.85881,0.05052,0.05436,219.0,427,727,1753,1776,1672,1403,2021,1425,1579,1748,2021,2020,2021,2018,2017,2017,2017,2137,2132,2291,2141,2983,2966,2981,3417,3418,3613,3738,3806,3736
2676,0.86604,0.85826,0.05052,0.05447,219.08,427,727,1754,1777,1672,1404,2021,1425,1579,1749,2021,2020,2021,2018,2018,2017,2018,2137,2133,2291,2141,2983,2966,2981,3417,3418,3613,3738,3806,3736
2677,0.86606,0.85881,0.05052,0.05436,219.17,427,728,1754,1777,1673,1404,2021,1425,1579,1749,2021,2020,2020,2018,2017,2017,2017,2137,2133,2291,2141,2983,2966,2981,3417,3418,3613,3738,3806,3736
2678,0.86607,0.8583,0.05051,0.05446,219.26,427,728,1755,1777,1673,1405,2021,1425,1580,1749,2021,2020,2020,2018,2018,2017,2018,2137,2133,2291,2141,2983,2966,2981,3417,3418,3613,3738,3806,3736
2679,0.86608,0.85885,0.05051,0.05435,219.35,427,729,1755,1778,1674,1405,2021,1425,1580,1750,2021,2020,2020,2018,2017,2017,2017,2137,2132,2291,2141,2983,2966,2981,3417,3418,3613,3738,3806,3736
2680,0.86609,0.85834,0.05051,0.05445,219.43,427,729,1756,1778,1674,1405,2021,1425,1580,1750,2021,2020,2021,2018,2018,2017,2018,2137,2132,2291,2141,2983,2966,2981,3417,3418,3613,3738,3806,3736
2681,0.8661,0.85886,0.05051,0.05435,219.53,427,730,1756,1779,1675,1406,2021,1425,1580,1751,2021,2020,2021,2018,2017,2017,2017,2137,2132,2291,2141,2983,2966,2981,3417,3418,3613,3738,3806,3736
2682,0.86612,0.85838,0.0505,0.05444,219.62,427,730,1756,1779,1675,1406,2021,1425,1580,1751,2021,2020,2021,2018,2018,2017,2018,2137,2132,2291,2141,2983,2966,2981,3417,3418,3613,3738,3806,3736
2683,0.86613,0.85889,0.0505,0.05434,219.7,427,731,1757,1779,1675,1406,2021,1425,1580,1752,2021,2020,2021,2018,2017,2017,2017,2137,2132,2291,2141,2983,2966,2981,3417,3418,3613,3738,3806,3736
2684,0.86614,0.85841,0.0505,0.05444,219.79,427,732,1757,1780,1676,1407,2021,1425,1581,1752,2021,2020,2021,2018,2018,2017,2018,2137,2132,2291,2141,2983,2966,2981,3417,3418,3613,3738,3806,3736
2685,0.86615,0.85891,0.0505,0.05434,219.89,427,732,1758,1780,1676,1407,2021,1425,1581,1752,2021,2020,2021,2018,2017,2017,2017,2137,2132,2291,2141,2983,2966,2981,3417,3418,3613,3738,3806,3736
2686,0.86616,0.85844,0.0505,0.05443,219.98,427,733,1758,1781,1677,1407,2021,1425,1581,1753,2021,2020,2021,2018,2018,2017,2018,2137,2132,2291,2141,2983,2966,2981,3417,3418,3613,3738,3806,3736
2687,0.86617,0.85896,0.05049,0.05433,220.07,427,733,1759,1781,1677,1408,2021,1425,1581,1753,2021,2020,2020,2018,2017,2017,2017,2137,2132,2291,2141,2983,2966,2981,3417,3418,3613,3738,3806,3736
2688,0.86618,0.85844,0.05049,0.05443,220.14,427,734,1759,1781,1678,1408,2021,1425,1581,1754,2021,2020,2021,2018,2018,2017,2018,2137,2132,2291,2141,2983,2966,2981,3417,3418,3613,3738,3806,3736
2689,0.86619,0.85899,0.05049,0.05432,220.23,427,734,1760,1782,1678,1408,2021,1425,1582,1754,2021,2020,2021,2018,2017,2017,2017,2137,2132,2291,2141,2983,2966,2981,3417,3418,3613,3738,3806,3736
2690,0.86619,0.8584,0.05049,0.05444,220.33,427,735,1760,1782,1679,1409,2021,1425,1582,1754,2021,2020,2021,2018,2018,2017,2018,2137,2132,2291,2141,2983,2966,2981,3417,3418,3613,3738,3806,3736
2691,0.86619,0.85909,0.05049,0.05431,220.42,427,735,1761,1783,1679,1409,2021,1425,1582,1755,2021,2020,2020,2018,2017,2017,2017,2137,2132,2291,2141,2983,2966,2981,3417,3418,3613,3738,3806,3736
2692,0.86619,0.85833,0.05049,0.05445,220.52,427,736,1761,1783,1680,1410,2021,1425,1582,1755,2021,2020,2021,2018,2018,2017,2018,2137,2132,2291,2141,2983,2966,2981,3417,3418,3613,3738,3806,3736
2693,0.86618,0.85917,0.05049,0.05429,220.61,427,736,1761,1783,1680,1410,2021,1425,1582,1756,2021,2020,2020,2018,2017,2017,2017,2137,2132,2291,2141,2983,2966,2981,3417,3418,3613,3738,3806,3736
2694,0.86616,0.85816,0.0505,0.05448,220.69,427,737,1762,1784,1681,1410,2021,1425,1582,1756,2021,2020,2021,2018,2018,2017,2018,2137,2132,2291,2141,2983,2966,2981,3417,3418,3613,3738,3806,3736
2695,0.86612,0.85933,0.0505,0.05426,220.78,427,737,1762,1784,1681,1411,2021,1425,1582,1757,2021,2020,2021,2018,2017,2017,2017,2137,2132,2291,2141,2983,2966,2981,3417,3418,3613,3738,3806,3736
2696,0.86608,0.85794,0.05051,0.05453,220.87,427,738,1763,1785,1681,1411,2021,1425,1583,1757,2021,2020,2021,2018,2018,2017,2018,2137,2132,2291,2141,2983,2966,2981,3417,3418,3613,3738,3806,3736
2697,0.866,0.85945,0.05053,0.05424,220.95,427,738,1763,1785,1682,1412,2021,1425,1583,1757,2021,2020,2021,2018,2017,2017,2017,2137,2132,2291,2141,2983,2966,2981,3417,3418,3613,3738,3806,3736
2698,0.8659,0.85743,0.05055,0.05462,221.04,427,739,1764,1786,1682,1412,2021,1425,1583,1758,2021,2020,2021,2018,2018,2017,2018,2137,2132,2291,2141,2983,2966,2981,3417,3418,3613,3738,3806,3736
2699,0.86576,0.85952,0.05057,0.05422,221.13,426,739,1764,1786,1683,1413,2021,1425,1583,1758,2021,2020,2021,2018,2017,2017,2017,2137,2132,2291,2141,2983,2966,2981,3418,3418,3613,3738,3806,3736
2700,0.86561,0.85693,0.0506,0.05472,221.21,426,740,1765,1786,1683,1413,2021,1425,1583,1759,2021,2020,2021,2018,2018,2017,2018,2137,2132,2291,2141,2983,2966,2981,3418,3418,3613,3738,3806,3736
2701,0.86546,0.85961,0.05063,0.05421,221.29,426,740,1765,1787,1684,1413,2021,1425,1583,1759,2021,2020,2020,2017,2017,2017,2017,2137,2132,2291,2141,2983,2966,2981,3418,3418,3613,3738,3806,3736
2702,0.86536,0.85645,0.05065,0.05481,221.38,426,741,1765,1787,1684,1414,2021,1425,1584,1759,2021,2021,2021,2018,2017,2017,2017,2137,2132,2291,2141,2983,2966,2981,3418,3418,3613,3738,3806,3736
2703,0.86534,0.85957,0.05065,0.05421,221.46,426,741,1766,1787,1685,1414,2021,1425,1584,1760,2021,2020,2021,2017,2017,2017,2017,2137,2132,2291,2141,2983,2966,2981,3418,3418,3613,3738,3806,3736
2704,0.86548,0.85669,0.05062,0.05477,221.54,426,742,1766,1788,1685,1415,2021,1425,1584,1760,2021,2021,2021,2018,2017,2017,2017,2137,2132,2291,2141,2983,2966,2981,3418,3418,3613,3738,3806,3736
2705,0.86574,0.85967,0.05057,0.05419,221.62,426,742,1767,1788,1686,1415,2021,1425,1584,1761,2021,2020,2020,2017,2017,2017,2017,2137,2132,2291,2141,2983,2966,2981,3418,3418,3613,3738,3806,3736
2706,0.86606,0.85773,0.05051,0.05457,221.71,426,743,1767,1789,1686,1415,2021,1425,1584,1761,2021,2020,2021,2017,2017,2017,2017,2137,2132,2291,2141,2983,2966,2981,3418,3418,3613,3738,3806,3736
2707,0.86631,0.8594,0.05047,0.05425,221.8,426,744,1768,1789,1687,1416,2021,1425,1585,1761,2021,2020,2020,2017,2017,2017,2017,2137,2132,2291,2141,2983,2966,2981,3418,3418,3613,3738,3806,3736
2708,0.86643,0.85896,0.05044,0.05433,221.87,426,744,1768,1789,1687,1416,2021,1425,1585,1762,2021,2020,2020,2017,2017,2017,2017,2137,2132,2291,2141,2983,2966,2981,3418,3418,3613,3738,3806,3736
2709,0.86641,0.85874,0.05045,0.05437,221.96,426,745,1768,1790,1687,1417,2021,1425,1585,1762,2021,2020,2020,2018,2017,2017,2017,2137,2132,2291,2141,2983,2966,2981,3417,3418,3613,3738,3806,3736
2710,0.8663,0.85955,0.05047,0.05422,222.04,426,745,1769,1790,1688,1417,2021,1425,1585,1763,2021,2020,2020,2018,2017,2017,2017,2137,2132,2291,2141,2983,2966,2981,3417,3418,3613,3738,3806,3736
2711,0.86617,0.85791,0.05049,0.05453,222.12,426,746,1769,1791,1688,1418,2021,1425,1585,1763,2021,2020,2021,2018,2018,2017,2018,2137,2132,2291,2141,2983,2966,2981,3417,3418,3613,3738,3806,3736
2712,0.86609,0.85969,0.05051,0.05419,222.21,426,746,1770,1791,1689,1418,2021,1425,1585,1764,2021,2020,2020,2018,2017,2017,2017,2137,2132,2291,2141,2983,2966,2981,3417,3418,3613,3738,3806,3736
2713,0.8661,0.85777,0.05051,0.05456,222.29,426,747,1770,1792,1689,1418,2021,1425,1585,1764,2021,2020,2021,2018,2018,2018,2018,2137,2132,2291,2141,2983,2966,2981,3417,3418,3613,3738,3806,3736
2714,0.86618,0.85973,0.05049,0.05418,222.37,426,747,1771,1792,1690,1419,2021,1425,1585,1764,2021,2020,2021,2018,2018,2017,2018,2137,2132,2291,2141,2983,2966,2981,3417,3418,3613,3738,3806,3736
2715,0.86631,0.85822,0.05047,0.05447,222.46,426,748,1771,1792,1690,1419,2021,1425,1586,1765,2021,2021,2021,2018,2018,2018,2018,2137,2132,2291,2141,2983,2966,2981,3417,3418,3613,3738,3806,3736
2716,0.86644,0.85952,0.05044,0.05422,222.55,426,748,1771,1793,1691,1420,2021,1425,1586,1765,2021,2020,2021,2018,2018,2017,2017,2137,2132,2291,2141,2983,2966,2981,3418,3418,3613,3738,3806,3736
2717,0.86653,0.85894,0.05043,0.05433,222.62,426,749,1772,1793,1691,1420,2021,1425,1586,1766,2021,2020,2021,2018,2018,2017,2017,2137,2132,2291,2141,2983,2966,2981,3418,3418,3613,3738,3806,3736
2718,0.86656,0.85918,0.05042,0.05429,222.71,426,749,1772,1793,1692,1421,2021,1425,1586,1766,2021,2020,2020,2018,2017,2017,2017,2137,2132,2291,2141,2983,2966,2981,3418,3418,3613,3738,3806,3736
2719,0.86654,0.85947,0.05042,0.05423,222.81,426,750,1773,1794,1692,1421,2021,1425,1586,1766,2021,2020,2020,2018,2017,2017,2017,2137,2132,2291,2141,2983,2966,2981,3418,3418,3613,3738,3806,3736
2720,0.86649,0.85862,0.05043,0.0544,222.9,426,750,1773,1794,1692,1421,2021,1425,1587,1767,2021,2020,2021,2018,2017,2017,2017,2137,2132,2291,2141,2983,2966,2981,3417,3418,3613,3738,3806,3736
2721,0.86645,0.85963,0.05044,0.0542,222.99,426,751,1773,1795,1693,1422,2021,1425,1587,1767,2021,2020,2021,2018,2017,2017,2017,2137,2132,2291,2141,2982,2966,2981,3417,3418,3613,3738,3806,3736
2722,0.86643,0.85845,0.05044,0.05443,223.08,426,751,1774,1795,1693,1422,2021,1425,1587,1768,2021,2020,2021,2018,2017,2017,2017,2137,2132,2291,2141,2982,2966,2981,3417,3418,3613,3738,3806,3736
2723,0.86646,0.85976,0.05044,0.05418,223.16,426,752,1774,1795,1694,1423,2021,1425,1587,1768,2021,2020,2021,2018,2017,2017,2017,2137,2132,2291,2141,2982,2966,2981,3417,3418,3613,3738,3806,3736
2724,0.86651,0.85861,0.05043,0.0544,223.24,426,752,1775,1796,1694,1423,2021,1425,1587,1769,2021,2020,2021,2018,2017,2017,2018,2137,2133,2291,2141,2982,2966,2981,3417,3418,3613,3738,3806,3736
2725,0.86657,0.85956,0.05042,0.05421,223.32,425,753,1775,1796,1695,1424,2021,1425,1587,1769,2021,2020,2021,2018,2017,2017,2017,2137,2132,2291,2141,2982,2966,2981,3417,3418,3613,3738,3806,3736
2726,0.86663,0.85903,0.05041,0.05432,223.4,425,753,1776,1797,1695,1424,2021,1425,1588,1769,2021,2020,2021,2018,2018,2017,2018,2137,2132,2291,2141,2982,2966,2981,3417,3418,3613,3738,3806,3736
2727,0.86666,0.85941,0.0504,0.05424,223.48,425,754,1776,1797,1696,1425,2021,1425,1588,1770,2021,2020,2021,2018,2017,2017,2018,2137,2132,2291,2141,2982,2966,2981,3417,3418,3613,3738,3806,3736
2728,0.86667,0.85943,0.0504,0.05424,223.58,425,754,1776,1797,1696,1425,2021,1425,1588,1770,2021,2020,2020,2018,2018,2017,2018,2137,2132,2291,2141,2982,2966,2981,3417,3418,3613,3738,3806,3736
2729,0.86666,0.85904,0.0504,0.05432,223.67,425,755,1777,1798,1697,1425,2021,1425,1588,1771,2021,2020,2021,2018,2018,2018,2018,2137,2132,2291,2141,2982,2966,2981,3417,3418,3613,3738,3806,3736
2730,0.86665,0.85958,0.0504,0.05421,223.75,425,755,1777,1798,1697,1426,2021,1425,1588,1771,2021,2020,2020,2018,2018,2017,2018,2137,2132,2291,2141,2982,2966,2981,3418,3418,3613,3738,3806,3736
2731,0.86664,0.85889,0.0504,0.05434,223.83,425,756,1778,1799,1698,1426,2021,1425,1589,1771,2021,2020,2021,2018,2018,2018,2018,2137,2132,2291,2141,2982,2966,2981,3418,3418,3613,3738,3806,3736
2732,0.86664,0.85973,0.0504,0.05418,223.92,425,756,1778,1799,1698,1427,2021,1425,1589,1772,2021,2020,2020,2018,2018,2017,2018,2137,2132,2291,2141,2982,2966,2981,3418,3418,3613,3738,3806,3736
2733,0.86666,0.85887,0.0504,0.05435,224.0,425,757,1779,1799,1698,1427,2021,1425,1589,1772,2021,2020,2021,2018,2018,2018,2018,2137,2132,2291,2141,2982,2966,2981,3417,3418,3613,3738,3806,3736
2734,0.86668,0.85966,0.0504,0.05419,224.09,425,757,1779,1800,1699,1427,2021,1425,1589,1773,2021,2020,2021,2018,2018,2017,2017,2137,2132,2291,2141,2982,2966,2981,3418,3418,3613,3738,3806,3736
2735,0.86671,0.85903,0.05039,0.05432,224.18,425,758,1779,1800,1699,1428,2021,1425,1589,1773,2021,2020,2021,2018,2018,2018,2018,2137,2132,2291,2141,2982,2966,2981,3417,3418,3613,3738,3806,3736
2736,0.86674,0.85965,0.05039,0.0542,224.27,425,758,1780,1800,1700,1428,2021,1425,1590,1774,2021,2020,2021,2018,2017,2017,2017,2137,2132,2291,2141,2982,2966,2981,3417,3418,3613,3738,3806,3736
2737,0.86676,0.85923,0.05038,0.05428,224.36,425,759,1780,1801,1700,1429,2021,1425,1590,1774,2021,2020,2021,2018,2018,2017,2017,2137,2132,2291,2141,2982,2966,2981,3417,3418,3613,3738,3806,3736
2738,0.86678,0.85951,0.05038,0.05422,224.44,425,759,1781,1801,1701,1429,2021,1425,1590,1774,2021,2020,2021,2018,2017,2017,2017,2137,2132,2291,2141,2982,2966,2981,3417,3418,3613,3738,3806,3736
2739,0.8668,0.85941,0.05038,0.05424,224.53,425,760,1781,1802,1701,1429,2021,1425,1590,1775,2021,2020,2021,2018,2017,2017,2017,2137,2132,2291,2141,2982,2966,2981,3417,3418,3613,3738,3806,3736
2740,0.86681,0.85946,0.05037,0.05423,224.62,425,760,1782,1802,1702,1430,2021,1425,1590,1775,2021,2020,2021,2018,2017,2017,2018,2137,2132,2291,2141,2982,2966,2981,3417,3418,3613,3738,3806,3736
2741,0.86682,0.85956,0.05037,0.05421,224.71,425,761,1782,1802,1702,1430,2021,1425,1590,1776,2021,2020,2021,2018,2017,2017,2018,2137,2132,2291,2141,2982,2966,2981,3417,3418,3613,3738,3806,3736
2742,0.86683,0.85934,0.05037,0.05426,224.8,425,761,1782,1803,1703,1431,2021,1425,1591,1776,2021,2020,2021,2018,2018,2017,2018,2137,2132,2291,2141,2982,2966,2981,3417,3418,3613,3738,3806,3736
2743,0.86683,0.85963,0.05037,0.0542,224.88,425,762,1783,1803,1703,1431,2021,1425,1591,1777,2021,2020,2021,2018,2017,2017,2018,2137,2132,2291,2141,2982,2966,2981,3417,3418,3613,3738,3806,3736
2744,0.86684,0.85934,0.05037,0.05426,224.97,425,762,1783,1804,1703,1431,2021,1425,1591,1777,2021,2020,2021,2018,2018,2017,2018,2137,2133,2291,2141,2982,2966,2981,3417,3418,3613,3738,3806,3736
2745,0.86685,0.85974,0.05037,0.05418,225.05,425,763,1784,1804,1704,1432,2021,1425,1591,1777,2021,2020,2021,2018,2018,2017,2018,2137,2133,2291,2141,2982,2966,2981,3417,3418,3613,3738,3806,3736
2746,0.86686,0.85928,0.05036,0.05427,225.14,425,763,1784,1804,1704,1432,2021,1425,1591,1778,2021,2020,2021,2018,2018,2017,2018,2137,2133,2291,2141,2982,2966,2981,3417,3418,3613,3738,3806,3736
2747,0.86686,0.85974,0.05036,0.05418,225.22,425,764,1785,1805,1705,1433,2021,1425,1591,1778,2021,2020,2021,2018,2018,2017,2018,2137,2133,2291,2141,2982,2966,2981,3418,3418,3613,3738,3806,3736
2748,0.86687,0.8593,0.05036,0.05426,225.3,425,764,1785,1805,1705,1433,2021,1425,1592,1779,2021,2020,2021,2018,2018,2017,2018,2137,2133,2291,2141,2982,2966,2981,3417,3418,3613,3738,3806,3736
2749,0.86688,0.85982,0.05036,0.05416,225.39,425,765,1785,1805,1706,1433,2021,1425,1592,1779,2021,2020,2021,2018,2018,2017,2017,2137,2132,2291,2141,2982,2966,2981,3418,3418,3613,3738,3806,3736
2750,0.86689,0.8593,0.05036,0.05426,225.48,425,765,1786,1806,1706,1434,2021,1425,1592,1779,2021,2020,2021,2018,2018,2018,2018,2137,2133,2291,2141,2982,2966,2981,3417,3418,3613,3738,3806,3736
2751,0.8669,0.85981,0.05036,0.05417,225.57,425,766,1786,1806,1707,1434,2021,1425,1592,1780,2021,2020,2021,2018,2018,2017,2017,2137,2132,2291,2141,2982,2966,2981,3418,3418,3613,3738,3806,3736
2752,0.86691,0.85932,0.05035,0.05426,225.65,425,766,1787,1807,1707,1434,2021,1425,1592,1780,2021,2020,2021,2018,2018,2017,2018,2137,2132,2291,2141,2982,2966,2981,3417,3418,3613,3738,3806,3736
2753,0.86692,0.85987,0.05035,0.05415,225.74,425,767,1787,1807,1708,1435,2021,1425,1593,1781,2021,2020,2021,2018,2018,2017,2017,2137,2132,2291,2141,2982,2966,2981,3417,3418,3613,3738,3806,3736
2754,0.86693,0.85935,0.05035,0.05425,225.84,425,767,1787,1807,1708,1435,2021,1425,1593,1781,2021,2020,2021,2018,2018,2017,2018,2137,2132,2291,2141,2982,2966,2981,3417,3418,3613,3738,3806,3736
2755,0.86694,0.85986,0.05035,0.05416,225.93,425,768,1788,1808,1708,1436,2021,1425,1593,1781,2021,2020,2021,2018,2017,2017,2017,2137,2132,2291,2141,2982,2966,2981,3417,3418,3613,3738,3806,3736
2756,0.86695,0.85934,0.05035,0.05426,226.03,425,768,1788,1808,1709,1436,2021,1425,1593,1782,2021,2020,2021,2018,2018,2017,2018,2137,2132,2291,2141,2982,2966,2981,3417,3418,3613,3738,3806,3736
2757,0.86696,0.85992,0.05034,0.05414,226.12,425,769,1789,1809,1709,1436,2021,1425,1593,1782,2021,2020,2021,2018,2017,2017,2017,2137,2132,2291,2141,2982,2966,2981,3417,3418,3613,3738,3806,3736
2758,0.86697,0.85939,0.05034,0.05425,226.21,425,769,1789,1809,1710,1437,2021,1425,1593,1783,2021,2020,2021,2018,2018,2017,2018,2137,2132,2291,2141,2982,2966,2981,3417,3418,3613,3738,3806,3736
2759,0.86698,0.85993,0.05034,0.05414,226.31,425,770,1790,1809,1710,1437,2021,1425,1594,1783,2021,2020,2021,2018,2017,2017,2018,2137,2132,2291,2141,2982,2966,2981,3418,3418,3613,3738,3806,3736
2760,0.86698,0.85934,0.05034,0.05426,226.39,425,770,1790,1810,1711,1438,2021,1425,1594,1783,2021,2020,2021,2018,2018,2017,2018,2137,2133,2291,2141,2982,2966,2981,3417,3418,3613,3738,3806,3736
2761,0.86699,0.85999,0.05034,0.05413,226.49,425,771,1790,1810,1711,1438,2021,1425,1594,1784,2021,2020,2021,2018,2017,2017,2018,2137,2132,2291,2141,2982,2966,2981,3418,3418,3613,3738,3806,3735
2762,0.86699,0.85937,0.05034,0.05425,226.57,425,772,1791,1810,1712,1438,2021,1425,1594,1784,2021,2020,2021,2018,2018,2017,2018,2137,2133,2291,2141,2982,2966,2981,3417,3418,3613,3738,3806,3736
2763,0.86699,0.86006,0.05034,0.05412,226.66,425,772,1791,1811,1712,1439,2021,1425,1594,1785,2021,2020,2021,2018,2017,2017,2018,2137,2132,2291,2141,2982,2966,2981,3418,3418,3613,3738,3806,3735
2764,0.86698,0.85922,0.05034,0.05428,226.75,425,773,1792,1811,1712,1439,2021,1425,1594,1785,2021,2020,2021,2018,2018,2018,2018,2137,2133,2291,2141,2982,2966,2981,3417,3418,3613,3738,3806,3735
2765,0.86697,0.86012,0.05034,0.05411,226.83,425,773,1792,1811,1713,1439,2021,1425,1595,1785,2021,2020,2021,2018,2017,2017,2017,2137,2132,2291,2141,2982,2966,2981,3418,3418,3613,3738,3806,3735
2766,0.86697,0.85918,0.05034,0.05429,226.92,425,774,1792,1812,1713,1440,2021,1425,1595,1786,2021,2020,2021,2018,2018,2018,2018,2137,2133,2291,2141,2982,2966,2981,3418,3418,3613,3738,3806,3735
2767,0.86694,0.86027,0.05035,0.05408,227.02,425,774,1793,1812,1714,1440,2021,1425,1595,1786,2021,2020,2021,2018,2017,2017,2017,2137,2132,2291,2141,2982,2966,2981,3418,3418,3613,3738,3806,3735
2768,0.86692,0.85893,0.05035,0.05433,227.1,425,775,1793,1813,1714,1441,2021,1425,1595,1787,2021,2020,2021,2018,2018,2018,2018,2137,2132,2291,2141,2982,2966,2981,3418,3418,3613,3738,3806,3735
2769,0.86688,0.86027,0.05036,0.05408,227.19,425,775,1794,1813,1715,1441,2021,1425,1595,1787,2021,2020,2021,2018,2017,2017,2017,2137,2132,2291,2141,2982,2966,2981,3418,3418,3613,3738,3806,3735
2770,0.86685,0.85879,0.05037,0.05436,227.27,425,776,1794,1813,1715,1441,2021,1425,1595,1787,2021,2020,2021,2018,2018,2017,2018,2137,2132,2291,2141,2982,2966,2981,3418,3418,3613,3738,3806,3735
2771,0.86679,0.86048,0.05038,0.05404,227.36,425,776,1795,1814,1716,1442,2021,1425,1596,1788,2021,2020,2020,2018,2017,2017,2017,2137,2132,2291,2141,2982,2966,2981,3418,3418,3613,3738,3806,3735
2772,0.86674,0.85846,0.05039,0.05443,227.45,425,777,1795,1814,1716,1442,2021,1425,1596,1788,2021,2020,2021,2018,2018,2017,2018,2137,2132,2291,2141,2982,2966,2981,3418,3418,3613,3738,3806,3735
2773,0.86666,0.86043,0.0504,0.05405,227.55,425,777,1795,1814,1716,1442,2021,1425,1596,1789,2021,2020,2021,2017,2017,2017,2017,2137,2132,2291,2141,2982,2966,2981,3418,3418,3613,3738,3806,3735
2774,0.86661,0.85822,0.05041,0.05447,227.64,425,778,1796,1815,1717,1443,2021,1425,1596,1789,2021,2020,2021,2018,2017,2017,2018,2137,2132,2291,2141,2982,2966,2981,3418,3418,3613,3738,3806,3735
2775,0.86656,0.86058,0.05042,0.05402,227.73,425,778,1796,1815,1717,1443,2021,1425,1596,1789,2021,2020,2020,2017,2017,2017,2017,2137,2132,2291,2141,2982,2966,2981,3418,3418,3613,3738,3806,3735
2776,0.86656,0.85812,0.05042,0.05449,227.82,425,779,1797,1816,1718,1443,2021,1425,1597,1790,2021,2021,2021,2018,2017,2017,2017,2137,2132,2291,2141,2982,2966,2981,3418,3418,3613,3738,3806,3735
2777,0.86659,0.86053,0.05041,0.05403,227.9,425,779,1797,1816,1718,1444,2021,1425,1597,1790,2021,2020,2021,2017,2017,2017,2017,2137,2132,2291,2141,2982,2966,2981,3418,3418,3613,3738,3806,3735
2778,0.86669,0.85836,0.0504,0.05445,227.99,425,780,1797,1816,1719,1444,2021,1425,1597,1790,2021,2021,2021,2018,2017,2017,2017,2137,2132,2291,2141,2982,2966,2981,3418,3418,3613,3738,3806,3735
2779,0.86682,0.86058,0.05037,0.05402,228.07,425,780,1798,1817,1719,1445,2021,1425,1597,1791,2021,2020,2021,2017,2017,2017,2017,2137,2132,2291,2141,2982,2966,2981,3418,3418,3613,3738,3806,3735
2780,0.86697,0.85898,0.05034,0.05433,228.15,425,781,1798,1817,1720,1445,2021,1425,1597,1791,2021,2020,2021,2018,2017,2017,2017,2137,2132,2291,2141,2982,2966,2981,3418,3418,3613,3738,3806,3735
2781,0.86711,0.86034,0.05032,0.05406,228.23,425,781,1799,1817,1720,1445,2021,1425,1597,1792,2021,2020,2020,2017,2017,2017,2017,2137,2132,2291,2141,2982,2966,2981,3418,3418,3613,3738,3806,3735
2782,0.86721,0.8597,0.0503,0.05419,228.31,425,782,1799,1818,1721,1446,2021,1425,1598,1792,2021,2020,2020,2018,2017,2017,2017,2137,2132,2291,2141,2982,2966,2981,3418,3418,3613,3738,3806,3735
2783,0.86724,0.86001,0.05029,0.05413,228.39,425,782,1799,1818,1721,1446,2021,1425,1598,1793,2021,2020,2020,2018,2017,2017,2017,2137,2132,2291,2141,2982,2966,2981,3418,3418,3613,3738,3806,3735
2784,0.86723,0.86024,0.05029,0.05408,228.47,425,783,1800,1819,1721,1446,2021,1425,1598,1793,2021,2020,2020,2018,2017,2017,2017,2137,2132,2291,2141,2982,2966,2981,3418,3418,3613,3738,3806,3735
2785,0.86718,0.85944,0.0503,0.05424,228.57,425,783,1800,1819,1722,1447,2021,1425,1598,1793,2021,2020,2021,2018,2018,2017,2018,2137,2132,2291,2141,2982,2967,2981,3417,3418,3613,3738,3806,3735
2786,0.86712,0.86047,0.05031,0.05404,228.65,425,784,1801,1819,1722,1447,2021,1425,1598,1794,2021,2020,2021,2018,2017,2017,2018,2137,2132,2291,2141,2982,2966,2981,3418,3418,3613,3738,3806,3735
2787,0.86707,0.85914,0.05032,0.0543,228.73,425,784,1801,1820,1723,1448,2021,1425,1598,1794,2021,2020,2021,2018,2018,2018,2018,2137,2133,2291,2141,2982,2967,2981,3417,3418,3613,3738,3806,3735
2788,0.86703,0.86061,0.05033,0.05401,228.82,425,785,1801,1820,1723,1448,2021,1425,1599,1795,2021,2020,2021,2018,2017,2017,2017,2137,2132,2291,2141,2982,2966,2981,3418,3418,3613,3738,3806,3735
2789,0.86703,0.85897,0.05033,0.05433,228.91,425,785,1802,1821,1724,1448,2021,1425,1599,1795,2021,2020,2021,2018,2018,2018,2018,2137,2132,2291,2141,2982,2967,2981,3418,3418,3613,3738,3806,3735
2790,0.86705,0.86057,0.05033,0.05402,229.0,425,786,1802,1821,1724,1449,2021,1425,1599,1795,2021,2020,2021,2018,2017,2017,2017,2137,2132,2291,2141,2982,2966,2981,3418,3418,3613,3738,3806,3735
2791,0.86711,0.85916,0.05032,0.05429,229.08,425,786,1803,1821,1724,1449,2021,1425,1599,1796,2021,2020,2021,2018,2018,2017,2018,2137,2132,2291,2141,2982,2967,2981,3418,3418,3613,3738,3806,3735
2792,0.86716,0.86058,0.05031,0.05402,229.18,425,787,1803,1822,1725,1449,2021,1425,1599,1796,2021,2020,2020,2018,2017,2017,2017,2137,2132,2291,2141,2982,2966,2981,3418,3418,3613,3738,3806,3735
2793,0.86723,0.85944,0.05029,0.05424,229.27,425,787,1803,1822,1725,1450,2021,1425,1600,1796,2021,2020,2021,2018,2017,2017,2017,2137,2132,2291,2141,2982,2967,2981,3418,3418,3613,3738,3806,3735
2794,0.86728,0.86038,0.05028,0.05406,229.36,425,788,1804,1822,1726,1450,2021,1425,1600,1797,2021,2020,2021,2018,2017,2017,2017,2137,2132,2291,2141,2982,2966,2981,3418,3418,3613,3738,3806,3735
2795,0.86733,0.85983,0.05027,0.05416,229.44,425,788,1804,1823,1726,1450,2021,1425,1600,1797,2021,2020,2021,2018,2017,2017,2017,2137,2132,2291,2141,2982,2966,2981,3418,3418,3613,3738,3806,3735
2796,0.86736,0.86026,0.05027,0.05408,229.52,425,789,1805,1823,1727,1451,2021,1425,1600,1798,2021,2020,2021,2018,2017,2017,2017,2137,2132,2291,2141,2982,2966,2981,3418,3418,3613,3738,3806,3735
2797,0.86737,0.86013,0.05027,0.0541,229.6,425,790,1805,1824,1727,1451,2021,1425,1600,1798,2021,2020,2021,2018,2017,2017,2017,2137,2132,2291,2141,2982,2966,2981,3418,3418,3613,3738,3806,3735
2798,0.86737,0.85997,0.05027,0.05414,229.69,425,790,1805,1824,1728,1451,2021,1425,1600,1798,2021,2020,2021,2018,2018,2017,2018,2137,2133,2291,2141,2982,2966,2981,3417,3418,3613,3738,3806,3735
2799,0.86737,0.86036,0.05027,0.05406,229.77,425,791,1806,1824,1728,1452,2021,1425,1601,1799,2021,2020,2021,2018,2018,2017,2018,2137,2133,2291,2140,2981,2966,2981,3417,3418,3613,3737,3806,3735
2800,0.86736,0.85985,0.05027,0.05416,229.86,425,791,1806,1825,1728,1452,2021,1425,1601,1799,2021,2020,2021,2018,2018,2018,2018,2137,2133,2291,2140,2982,2967,2981,3417,3418,3613,3737,3806,3735
2801,0.86735,0.86051,0.05027,0.05403,229.93,425,792,1807,1825,1729,1453,2021,1425,1601,1800,2021,2020,2020,2018,2018,2017,2018,2137,2133,2291,2140,2981,2966,2981,3417,3418,3613,3737,3806,3735
2802,0.86734,0.85964,0.05027,0.0542,230.03,425,792,1807,1825,1729,1453,2021,1425,1601,1800,2021,2020,2021,2018,2018,2018,2018,2137,2133,2291,2141,2981,2967,2981,3417,3418,3613,3737,3806,3735
2803,0.86733,0.86057,0.05027,0.05402,230.12,425,793,1807,1826,1730,1453,2021,1425,1601,1801,2021,2020,2021,2018,2018,2017,2018,2137,2133,2291,2141,2981,2966,2981,3418,3418,3613,3737,3806,3735
2804,0.86733,0.85962,0.05027,0.0542,230.21,425,793,1808,1826,1730,1454,2021,1425,1602,1801,2021,2020,2021,2018,2018,2018,2018,2137,2133,2291,2141,2981,2967,2981,3418,3418,3613,3737,3806,3735
2805,0.86732,0.86067,0.05028,0.054,230.31,425,794,1808,1827,1731,1454,2021,1425,1602,1801,2021,2020,2020,2018,2018,2017,2017,2137,2132,2291,2141,2981,2966,2981,3418,3418,3613,3737,3806,3735
2806,0.86733,0.85955,0.05027,0.05422,230.38,425,794,1809,1827,1731,1454,2021,1425,1602,1802,2021,2020,2021,2018,2018,2018,2018,2137,2132,2291,2141,2981,2967,2981,3418,3418,3613,3737,3806,3735
2807,0.86733,0.86064,0.05027,0.054,230.46,425,795,1809,1827,1732,1455,2021,1425,1602,1802,2021,2020,2021,2018,2017,2017,2017,2137,2132,2291,2141,2981,2966,2981,3418,3418,3613,3737,3806,3735
2808,0.86735,0.8596,0.05027,0.05421,230.55,425,795,1809,1828,1732,1455,2021,1425,1602,1803,2021,2020,2021,2018,2018,2017,2017,2137,2132,2291,2141,2981,2967,2981,3418,3418,3613,3737,3806,3735
2809,0.86735,0.86072,0.05027,0.05399,230.65,425,796,1810,1828,1732,1455,2021,1425,1602,1803,2021,2020,2020,2018,2017,2017,2017,2137,2132,2291,2141,2981,2966,2981,3418,3418,3613,3737,3806,3735
2810,0.86737,0.85964,0.05027,0.0542,230.74,425,796,1810,1828,1733,1456,2021,1425,1603,1803,2021,2020,2021,2018,2017,2017,2017,2137,2132,2291,2141,2981,2967,2981,3418,3418,3613,3737,3806,3735
2811,0.86739,0.86067,0.05026,0.054,230.83,425,797,1811,1829,1733,1456,2021,1425,1603,1804,2021,2020,2021,2018,2017,2017,2017,2137,2132,2291,2141,2981,2966,2981,3418,3418,3613,3737,3806,3735
2812,0.86741,0.85971,0.05026,0.05418,230.92,425,797,1811,1829,1734,1456,2021,1425,1603,1804,2021,2020,2021,2018,2017,2017,2018,2137,2132,2291,2141,2981,2967,2981,3418,3418,3613,3737,3806,3735
2813,0.86742,0.86071,0.05026,0.05399,231.0,425,798,1811,1829,1734,1457,2021,1425,1603,1804,2021,2020,2020,2018,2017,2017,2017,2137,2132,2291,2141,2981,2966,2981,3418,3418,3613,3737,3806,3735
2814,0.86744,0.85981,0.05025,0.05417,231.09,425,798,1812,1830,1735,1457,2021,1425,1603,1805,2021,2020,2021,2018,2017,2017,2018,2137,2132,2291,2141,2981,2967,2981,3418,3418,3613,3737,3806,3735
2815,0.86746,0.86068,0.05025,0.054,231.17,425,799,1812,1830,1735,1457,2021,1425,1603,1805,2021,2020,2021,2018,2017,2017,2017,2137,2132,2291,2141,2981,2966,2981,3418,3418,3613,3737,3806,3735
2816,0.86748,0.85988,0.05025,0.05415,231.26,425,799,1812,1831,1736,1458,2021,1425,1604,1806,2021,2020,2021,2018,2018,2017,2018,2137,2133,2291,2141,2981,2967,2981,3418,3418,3613,3737,3806,3735
2817,0.86749,0.8607,0.05024,0.05399,231.35,425,800,1813,1831,1736,1458,2021,1425,1604,1806,2021,2020,2021,2018,2017,2017,2018,2137,2133,2291,2141,2981,2966,2981,3418,3418,3613,3737,3806,3735
2818,0.86751,0.85997,0.05024,0.05413,231.43,425,800,1813,1831,1736,1459,2021,1425,1604,1806,2021,2020,2021,2018,2018,2017,2018,2137,2133,2291,2141,2981,2967,2981,3418,3418,3613,3737,3806,3735
2819,0.86752,0.86067,0.05024,0.054,231.52,425,801,1814,1832,1737,1459,2021,1425,1604,1807,2021,2020,2021,2018,2018,2017,2018,2137,2133,2291,2141,2981,2966,2981,3418,3418,3613,3737,3806,3735
2820,0.86754,0.86002,0.05024,0.05412,231.61,425,801,1814,1832,1737,1459,2021,1425,1605,1807,2021,2020,2021,2018,2018,2018,2018,2137,2133,2291,2141,2981,2967,2981,3418,3418,3613,3737,3806,3735
2821,0.86755,0.86068,0.05023,0.054,231.7,425,802,1814,1832,1738,1460,2021,1425,1605,1808,2021,2020,2020,2018,2018,2017,2017,2137,2133,2291,2141,2981,2966,2981,3418,3418,3613,3737,3806,3735
2822,0.86756,0.86013,0.05023,0.0541,231.78,425,802,1815,1833,1738,1460,2021,1425,1605,1808,2021,2020,2020,2018,2018,2017,2018,2137,2133,2291,2141,2981,2967,2981,3418,3418,3613,3737,3806,3735
2823,0.86757,0.86064,0.05023,0.054,231.87,425,803,1815,1833,1739,1460,2021,1425,1605,1808,2021,2020,2020,2018,2017,2017,2017,2137,2132,2291,2141,2981,2966,2981,3418,3418,3613,3737,3806,3735
2824,0.86759,0.86015,0.05023,0.0541,231.97,425,803,1816,1834,1739,1461,2021,1425,1605,1809,2021,2020,2021,2018,2018,2017,2017,2137,2132,2291,2141,2981,2967,2981,3418,3418,3613,3737,3806,3735
2825,0.8676,0.86062,0.05022,0.05401,232.05,425,804,1816,1834,1740,1461,2021,1425,1605,1809,2021,2020,2021,2018,2017,2017,2017,2137,2132,2291,2141,2981,2966,2981,3418,3418,3613,3737,3806,3735
2826,0.86762,0.86026,0.05022,0.05408,232.14,425,804,1816,1834,1740,1461,2021,1425,1606,1810,2021,2020,2021,2018,2018,2017,2017,2137,2132,2291,2141,2981,2966,2981,3418,3418,3613,3737,3806,3735
2827,0.86763,0.86062,0.05022,0.05401,232.21,425,805,1817,1835,1740,1462,2021,1425,1606,1810,2021,2020,2021,2018,2017,2017,2017,2137,2132,2291,2141,2981,2966,2981,3418,3418,3613,3737,3806,3735
2828,0.86764,0.86028,0.05022,0.05407,232.29,425,805,1817,1835,1741,1462,2021,1425,1606,1811,2021,2020,2021,2018,2018,2017,2018,2137,2132,2291,2141,2981,2966,2981,3418,3418,3613,3737,3806,3735
2829,0.86765,0.8606,0.05021,0.05401,232.39,425,806,1817,1835,1741,1463,2021,1425,1606,1811,2021,2020,2021,2018,2017,2017,2018,2137,2132,2291,2141,2981,2966,2981,3418,3418,3613,3737,3806,3735
2830,0.86765,0.86031,0.05021,0.05407,232.49,425,806,1818,1836,1742,1463,2021,1425,1606,1811,2021,2020,2021,2018,2018,2017,2018,2137,2133,2291,2141,2981,2966,2981,3418,3418,3613,3737,3806,3735
2831,0.86766,0.86066,0.05021,0.054,232.57,425,807,1818,1836,1742,1463,2021,1425,1606,1812,2021,2020,2020,2018,2018,2017,2018,2137,2133,2291,2140,2981,2966,2981,3418,3418,3613,3737,3806,3735
2832,0.86767,0.86028,0.05021,0.05407,232.68,425,807,1819,1836,1743,1464,2021,1425,1606,1812,2021,2020,2020,2018,2018,2017,2018,2137,2133,2291,2141,2981,2966,2981,3418,3418,3613,3737,3806,3735
2833,0.86767,0.86069,0.05021,0.054,232.76,425,808,1819,1837,1743,1464,2021,1425,1607,1813,2021,2020,2020,2018,2018,2017,2018,2137,2133,2291,2140,2981,2966,2981,3418,3418,3613,3737,3806,3735
2834,0.86768,0.86023,0.05021,0.05408,232.84,425,808,1819,1837,1743,1464,2021,1425,1607,1813,2021,2020,2021,2018,2018,2018,2018,2137,2133,2291,2141,2981,2966,2981,3418,3418,3613,3737,3806,3735
2835,0.86767,0.8608,0.05021,0.05397,232.92,425,809,1820,1837,1744,1465,2021,1425,1607,1813,2021,2020,2021,2018,2018,2017,2018,2137,2133,2291,2140,2981,2966,2981,3418,3418,3613,3737,3806,3735
2836,0.86767,0.86015,0.05021,0.0541,233.01,425,809,1820,1838,1744,1465,2021,1425,1607,1814,2021,2020,2021,2018,2018,2018,2018,2137,2133,2291,2141,2981,2966,2981,3418,3418,3613,3737,3806,3735
2837,0.86766,0.8609,0.05021,0.05396,233.1,425,810,1821,1838,1745,1465,2021,1425,1608,1814,2021,2020,2021,2018,2018,2017,2017,2137,2133,2291,2141,2981,2966,2981,3418,3418,3613,3737,3806,3735
2838,0.86763,0.85997,0.05022,0.05414,233.18,425,810,1821,1839,1745,1466,2021,1425,1608,1815,2021,2020,2021,2018,2018,2018,2018,2137,2133,2291,2141,2981,2966,2981,3418,3418,3613,3737,3806,3735
2839,0.86759,0.86106,0.05023,0.05392,233.27,425,811,1821,1839,1746,1466,2021,1425,1608,1815,2021,2020,2021,2018,2017,2017,2017,2137,2132,2291,2141,2981,2966,2981,3418,3418,3613,3737,3806,3735
2840,0.86752,0.85964,0.05024,0.0542,233.36,425,811,1822,1839,1746,1467,2021,1425,1608,1815,2021,2020,2021,2018,2018,2018,2018,2137,2132,2291,2141,2981,2966,2981,3418,3418,3613,3737,3806,3735
2841,0.86741,0.8612,0.05026,0.0539,233.44,425,812,1822,1840,1747,1467,2021,1425,1608,1816,2021,2020,2020,2018,2017,2017,2017,2137,2132,2291,2141,2981,2966,2981,3418,3418,3613,3737,3806,3735
2842,0.86724,0.85897,0.05029,0.05433,233.53,425,812,1823,1840,1747,1467,2021,1425,1609,1816,2021,2020,2021,2018,2018,2017,2018,2137,2132,2291,2141,2981,2966,2981,3418,3418,3613,3737,3806,3735
2843,0.86697,0.86129,0.05034,0.05388,233.6,425,813,1823,1840,1747,1468,2021,1425,1609,1817,2021,2020,2020,2017,2017,2017,2017,2137,2132,2291,2141,2981,2966,2981,3418,3418,3613,3737,3806,3735
2844,0.8666,0.85785,0.05041,0.05454,233.69,425,813,1823,1841,1748,1468,2021,1425,1609,1817,2021,2021,2021,2018,2018,2017,2018,2137,2132,2291,2141,2981,2966,2981,3418,3418,3613,3737,3806,3735
2845,0.86615,0.86113,0.0505,0.05391,233.77,425,814,1824,1841,1748,1468,2021,1425,1609,1817,2021,2020,2021,2017,2017,2017,2017,2137,2132,2291,2141,2981,2966,2981,3418,3418,3613,3737,3806,3735
2846,0.86575,0.85657,0.05057,0.05479,233.86,425,814,1824,1841,1749,1469,2021,1425,1609,1818,2021,2021,2021,2018,2017,2017,2017,2137,2132,2291,2141,2981,2967,2981,3418,3418,3613,3737,3806,3735
2847,0.86557,0.86094,0.05061,0.05395,233.96,425,814,1825,1842,1749,1469,2021,1426,1610,1818,2021,2021,2021,2017,2017,2017,2017,2137,2132,2291,2141,2981,2966,2981,3418,3418,3613,3737,3806,3735
2848,0.86589,0.85676,0.05055,0.05475,234.04,425,815,1825,1842,1750,1470,2021,1425,1610,1818,2021,2021,2021,2017,2017,2017,2017,2137,2132,2291,2141,2981,2967,2981,3418,3418,3613,3737,3806,3735
2849,0.86661,0.86125,0.05041,0.05389,234.13,425,815,1825,1842,1750,1470,2021,1426,1610,1819,2021,2021,2021,2017,2017,2017,2017,2136,2132,2291,2141,2981,2966,2981,3418,3418,3613,3737,3806,3735
2850,0.86742,0.85933,0.05026,0.05426,234.2,425,816,1826,1843,1750,1470,2021,1425,1610,1819,2021,2021,2021,2017,2017,2017,2017,2137,2132,2291,2141,2981,2967,2981,3417,3417,3613,3737,3806,3735
2851,0.86782,0.86084,0.05018,0.05397,234.29,425,816,1826,1843,1751,1471,2021,1425,1610,1820,2021,2020,2020,2017,2017,2017,2017,2138,2132,2291,2141,2981,2967,2981,3417,3417,3613,3737,3806,3735
2852,0.86766,0.86121,0.05021,0.05389,234.36,425,817,1827,1844,1751,1471,2021,1425,1611,1820,2021,2020,2020,2017,2017,2017,2017,2139,2132,2291,2140,2981,2967,2981,3417,3418,3613,3737,3806,3735
2853,0.86722,0.85889,0.05029,0.05434,234.46,425,817,1827,1844,1752,1471,2021,1425,1611,1820,2021,2020,2020,2017,2017,2017,2017,2139,2133,2291,2141,2981,2967,2981,3417,3418,3613,3737,3806,3735
2854,0.86688,0.86143,0.05036,0.05385,234.54,425,818,1827,1844,1752,1472,2021,1425,1611,1821,2020,2020,2020,2017,2017,2017,2017,2140,2132,2291,2140,2981,2967,2981,3417,3418,3613,3737,3806,3735
2855,0.86693,0.85838,0.05035,0.05444,234.63,425,818,1828,1845,1753,1472,2021,1425,1611,1821,2021,2020,2020,2018,2017,2017,2018,2141,2132,2291,2141,2981,2967,2981,3417,3418,3613,3737,3806,3735
2856,0.8673,0.86142,0.05028,0.05385,234.7,425,819,1828,1845,1753,1473,2021,1425,1611,1821,2021,2020,2020,2018,2017,2017,2017,2142,2132,2291,2141,2981,2967,2981,3418,3417,3614,3737,3806,3735
2857,0.86772,0.85997,0.0502,0.05413,234.79,425,819,1828,1845,1754,1473,2021,1425,1612,1822,2021,2021,2021,2018,2018,2017,2018,2143,2132,2291,2141,2981,2967,2981,3418,3417,3614,3737,3806,3735
2858,0.8679,0.86088,0.05017,0.05396,234.89,425,820,1829,1846,1754,1473,2021,1425,1612,1822,2021,2021,2021,2018,2017,2017,2018,2144,2132,2291,2142,2981,2967,2981,3418,3417,3614,3737,3806,3735
2859,0.86779,0.86123,0.05019,0.05389,234.98,425,820,1829,1846,1754,1474,2021,1425,1612,1823,2021,2021,2021,2018,2017,2017,2017,2145,2132,2291,2142,2981,2967,2981,3418,3417,3614,3737,3806,3735
2860,0.86756,0.85954,0.05023,0.05422,235.06,425,821,1830,1846,1755,1474,2021,1425,1612,1823,2021,2021,2021,2018,2018,2018,2018,2146,2132,2291,2142,2981,2967,2981,3418,3417,3613,3737,3806,3735
2861,0.86741,0.86149,0.05026,0.05384,235.15,425,821,1830,1847,1755,1474,2021,1425,1612,1823,2021,2020,2020,2018,2017,2017,2017,2145,2132,2291,2141,2981,2967,2981,3418,3417,3613,3737,3806,3735
2862,0.86747,0.85936,0.05025,0.05425,235.24,425,822,1830,1847,1756,1475,2021,1425,1613,1824,2021,2020,2020,2018,2018,2017,2017,2145,2132,2291,2141,2981,2967,2981,3417,3417,3613,3737,3806,3735
2863,0.86771,0.86133,0.0502,0.05387,235.33,425,822,1831,1847,1756,1475,2021,1425,1613,1824,2021,2020,2020,2017,2017,2017,2017,2145,2132,2291,2141,2981,2967,2981,3417,3418,3613,3737,3806,3735
2864,0.86792,0.86044,0.05016,0.05404,235.42,425,823,1831,1848,1757,1476,2021,1425,1613,1824,2021,2020,2021,2018,2017,2017,2017,2145,2132,2291,2140,2981,2967,2981,3417,3418,3613,3737,3806,3735
2865,0.86795,0.86065,0.05016,0.054,235.5,425,823,1831,1848,1757,1476,2021,1425,1613,1825,2021,2020,2021,2017,2017,2017,2017,2144,2133,2292,2140,2981,2967,2981,3417,3418,3613,3737,3806,3735
2866,0.86783,0.86131,0.05018,0.05388,235.58,425,824,1832,1849,1757,1476,2021,1425,1613,1825,2021,2020,2021,2017,2017,2017,2017,2143,2132,2291,2140,2981,2967,2981,3417,3418,3613,3737,3806,3735
2867,0.86771,0.85977,0.0502,0.05417,235.67,425,824,1832,1849,1758,1477,2021,1425,1614,1825,2021,2021,2021,2018,2017,2017,2017,2142,2133,2291,2140,2981,2967,2981,3418,3418,3613,3737,3806,3735
2868,0.86767,0.86143,0.05021,0.05385,235.76,425,825,1833,1849,1758,1477,2021,1425,1614,1826,2021,2020,2021,2017,2017,2017,2017,2140,2132,2291,2139,2981,2967,2981,3418,3418,3613,3737,3806,3735
2869,0.86777,0.85995,0.05019,0.05414,235.84,425,825,1833,1850,1759,1477,2021,1425,1614,1826,2021,2020,2020,2018,2017,2017,2018,2139,2132,2291,2139,2981,2967,2981,3418,3417,3613,3737,3806,3735
2870,0.86792,0.86121,0.05016,0.05389,235.93,425,826,1833,1850,1759,1478,2021,1425,1614,1827,2021,2020,2020,2018,2017,2017,2018,2139,2132,2291,2139,2981,2967,2981,3418,3417,3613,3737,3806,3735
2871,0.86799,0.86085,0.05015,0.05396,236.01,425,826,1834,1850,1760,1478,2021,1425,1614,1827,2021,2020,2020,2018,2018,2017,2018,2138,2132,2291,2139,2981,2967,2981,3418,3417,3613,3737,3806,3735
2872,0.86796,0.86052,0.05016,0.05403,236.11,425,827,1834,1851,1760,1479,2021,1425,1615,1827,2021,2020,2021,2018,2018,2018,2018,2137,2132,2291,2139,2981,2967,2981,3418,3417,3613,3737,3806,3735
2873,0.86787,0.86136,0.05017,0.05387,236.19,425,827,1834,1851,1760,1479,2021,1425,1615,1828,2021,2020,2021,2018,2018,2017,2018,2137,2132,2291,2139,2981,2967,2981,3418,3417,3613,3737,3806,3735
2874,0.86784,0.86006,0.05018,0.05412,236.28,425,828,1835,1851,1761,1479,2021,1425,1615,1828,2021,2020,2021,2018,2018,2018,2018,2136,2132,2291,2139,2981,2967,2981,3418,3417,3613,3737,3806,3735
2875,0.86788,0.86137,0.05017,0.05386,236.38,425,828,1835,1852,1761,1480,2021,1425,1615,1828,2021,2020,2020,2018,2018,2017,2018,2136,2132,2291,2139,2981,2967,2981,3418,3417,3613,3737,3806,3735
2876,0.86796,0.86042,0.05015,0.05405,236.47,425,829,1836,1852,1762,1480,2021,1425,1615,1829,2021,2020,2020,2018,2018,2018,2018,2135,2132,2291,2139,2981,2967,2981,3418,3418,3613,3737,3806,3735
2877,0.86803,0.8611,0.05014,0.05392,236.55,425,829,1836,1853,1762,1481,2021,1425,1616,1829,2021,2020,2021,2018,2018,2018,2018,2135,2132,2291,2139,2981,2967,2981,3418,3418,3613,3737,3806,3735
2878,0.86805,0.86103,0.05014,0.05393,236.65,425,830,1836,1853,1763,1481,2021,1425,1616,1829,2021,2020,2021,2018,2018,2018,2017,2135,2133,2291,2140,2981,2967,2981,3417,3418,3613,3737,3806,3735
2879,0.86802,0.86061,0.05014,0.05401,236.73,425,830,1837,1853,1763,1481,2021,1425,1616,1830,2021,2020,2021,2018,2018,2018,2018,2135,2133,2291,2140,2981,2967,2981,3417,3418,3613,3737,3806,3735
2880,0.86798,0.86135,0.05015,0.05387,236.83,425,831,1837,1854,1763,1482,2021,1425,1616,1830,2021,2020,2021,2018,2017,2017,2017,2134,2133,2291,2140,2981,2967,2981,3418,3418,3613,3737,3806,3735
2881,0.86798,0.86037,0.05015,0.05406,236.92,425,831,1838,1854,1764,1482,2021,1425,1616,1831,2021,2020,2021,2018,2018,2017,2017,2134,2133,2291,2140,2981,2967,2981,3418,3418,3613,3737,3806,3735
2882,0.868,0.86137,0.05015,0.05386,237.0,425,832,1838,1854,1764,1482,2021,1425,1616,1831,2021,2020,2020,2018,2017,2017,2017,2133,2133,2291,2141,2981,2967,2981,3418,3418,3613,3737,3806,3735
2883,0.86805,0.86067,0.05014,0.054,237.09,425,832,1838,1855,1765,1483,2021,1425,1617,1831,2021,2020,2020,2018,2017,2017,2017,2133,2133,2291,2141,2981,2967,2981,3418,3417,3613,3737,3806,3735
2884,0.86809,0.86113,0.05013,0.05391,237.17,425,833,1839,1855,1765,1483,2021,1425,1617,1832,2021,2020,2020,2018,2017,2017,2017,2133,2132,2291,2141,2981,2967,2981,3418,3417,3613,3737,3806,3735
2885,0.8681,0.86109,0.05013,0.05392,237.26,425,833,1839,1856,1766,1484,2021,1425,1617,1832,2021,2020,2021,2018,2017,2017,2017,2133,2132,2291,2141,2981,2967,2981,3418,3417,3613,3737,3806,3735
2886,0.86809,0.86078,0.05013,0.05398,237.36,425,834,1839,1856,1766,1484,2021,1425,1617,1832,2021,2020,2021,2018,2017,2017,2018,2132,2132,2291,2141,2981,2967,2981,3418,3417,3613,3737,3806,3735
2887,0.86807,0.86137,0.05013,0.05386,237.45,425,834,1840,1856,1766,1484,2021,1425,1617,1833,2021,2020,2021,2018,2017,2017,2017,2132,2132,2291,2141,2981,2967,2981,3418,3417,3613,3737,3806,3735
2888,0.86807,0.86062,0.05013,0.05401,237.55,425,835,1840,1857,1767,1485,2021,1425,1618,1833,2021,2020,2021,2018,2017,2017,2018,2132,2132,2291,2141,2981,2967,2981,3418,3417,3613,3737,3806,3735
2889,0.86809,0.86137,0.05013,0.05386,237.64,425,835,1840,1857,1767,1485,2021,1425,1618,1833,2021,2020,2020,2018,2017,2017,2017,2133,2132,2291,2141,2981,2967,2981,3418,3418,3613,3737,3806,3735
2890,0.86812,0.86078,0.05012,0.05398,237.73,425,836,1841,1857,1768,1485,2021,1425,1618,1834,2021,2020,2020,2018,2018,2017,2018,2133,2132,2291,2141,2981,2967,2981,3418,3418,3613,3737,3806,3735
2891,0.86815,0.86124,0.05012,0.05389,237.84,425,836,1841,1858,1768,1486,2021,1425,1618,1834,2021,2020,2020,2018,2017,2017,2018,2133,2132,2291,2141,2981,2967,2981,3418,3418,3613,3737,3806,3735
2892,0.86817,0.86106,0.05012,0.05392,237.93,425,837,1842,1858,1769,1486,2021,1425,1619,1835,2021,2020,2021,2018,2018,2017,2018,2133,2132,2291,2141,2981,2967,2981,3418,3418,3613,3737,3806,3735
2893,0.86817,0.86099,0.05011,0.05394,238.02,425,837,1842,1858,1769,1487,2021,1425,1619,1835,2021,2020,2021,2018,2018,2017,2018,2133,2133,2291,2140,2981,2967,2981,3418,3418,3613,3737,3806,3735
2894,0.86817,0.86129,0.05011,0.05388,238.11,425,838,1842,1859,1769,1487,2021,1425,1619,1835,2021,2020,2020,2018,2018,2017,2017,2133,2133,2291,2140,2981,2967,2981,3418,3418,3613,3737,3806,3735
2895,0.86817,0.86085,0.05011,0.05397,238.19,425,838,1843,1859,1770,1487,2021,1425,1619,1836,2021,2020,2020,2018,2018,2018,2018,2134,2133,2291,2140,2981,2967,2981,3418,3418,3613,3737,3806,3735
2896,0.86817,0.86136,0.05011,0.05387,238.28,425,839,1843,1859,1770,1488,2021,1425,1620,1836,2021,2020,2020,2018,2018,2017,2017,2134,2133,2291,2140,2981,2966,2981,3418,3418,3613,3737,3806,3735
2897,0.86819,0.86087,0.05011,0.05396,238.37,425,839,1844,1860,1771,1488,2021,1425,1620,1836,2021,2020,2020,2018,2018,2017,2018,2134,2133,2291,2140,2981,2966,2981,3418,3418,3613,3737,3806,3735
2898,0.8682,0.86133,0.05011,0.05387,238.46,425,840,1844,1860,1771,1489,2021,1425,1620,1837,2021,2020,2020,2018,2017,2017,2017,2134,2133,2291,2140,2981,2966,2981,3418,3417,3613,3737,3806,3735
2899,0.86822,0.86103,0.05011,0.05393,238.55,425,840,1844,1861,1772,1489,2021,1425,1620,1837,2021,2020,2021,2018,2018,2017,2018,2134,2133,2291,2140,2981,2966,2981,3418,3417,3613,3737,3806,3735
2900,0.86824,0.86119,0.0501,0.0539,238.64,425,841,1845,1861,1772,1489,2021,1425,1621,1837,2021,2020,2021,2018,2018,2017,2018,2134,2133,2291,2140,2981,2966,2981,3418,3417,3613,3737,3806,3735
2901,0.86824,0.86121,0.0501,0.05389,238.73,425,841,1845,1861,1772,1490,2021,1425,1621,1838,2021,2020,2021,2018,2017,2017,2018,2134,2133,2291,2140,2981,2966,2981,3418,3417,3613,3737,3806,3735
2902,0.86825,0.86108,0.0501,0.05392,238.82,425,842,1845,1862,1773,1490,2021,1425,1621,1838,2021,2020,2020,2018,2018,2017,2018,2134,2133,2291,2140,2981,2966,2981,3418,3418,3613,3737,3806,3735
2903,0.86826,0.86132,0.0501,0.05387,238.91,425,842,1846,1862,1773,1490,2021,1425,1621,1838,2021,2020,2020,2018,2017,2017,2018,2134,2133,2291,2140,2981,2966,2981,3418,3418,3613,3737,3806,3735
2904,0.86826,0.86103,0.0501,0.05393,238.99,425,843,1846,1862,1774,1491,2021,1425,1621,1839,2021,2020,2020,2018,2018,2017,2018,2134,2133,2291,2141,2981,2966,2981,3418,3418,3613,3737,3806,3735
2905,0.86827,0.86134,0.0501,0.05387,239.07,425,843,1847,1863,1774,1491,2021,1425,1622,1839,2021,2020,2020,2018,2017,2017,2018,2134,2133,2291,2141,2981,2966,2981,3418,3418,3613,3737,3806,3735
2906,0.86829,0.8611,0.05009,0.05392,239.16,425,844,1847,1863,1775,1492,2021,1425,1622,1839,2021,2020,2021,2018,2018,2017,2018,2134,2133,2291,2141,2981,2966,2981,3418,3418,3613,3737,3806,3735
2907,0.8683,0.86129,0.05009,0.05388,239.26,425,844,1847,1864,1775,1492,2021,1425,1622,1840,2021,2020,2021,2018,2018,2017,2018,2134,2132,2291,2141,2981,2966,2981,3418,3418,3613,3737,3806,3735
2908,0.86831,0.86121,0.05009,0.05389,239.34,425,845,1848,1864,1775,1492,2021,1425,1622,1840,2021,2020,2021,2018,2018,2017,2018,2134,2132,2291,2141,2981,2966,2981,3418,3418,3613,3737,3806,3735
2909,0.86832,0.86123,0.05009,0.05389,239.43,425,845,1848,1864,1776,1493,2021,1425,1622,1841,2021,2020,2021,2018,2018,2017,2018,2134,2132,2291,2141,2981,2966,2981,3418,3418,3613,3737,3806,3735
2910,0.86832,0.86133,0.05009,0.05387,239.51,425,846,1848,1865,1776,1493,2021,1425,1623,1841,2021,2020,2020,2018,2018,2017,2018,2134,2132,2291,2141,2981,2966,2981,3418,3418,3613,3737,3806,3735
2911,0.86833,0.86118,0.05009,0.0539,239.6,425,846,1849,1865,1777,1493,2021,1425,1623,1841,2021,2020,2020,2018,2018,2017,2018,2134,2133,2291,2141,2981,2966,2981,3418,3418,3613,3737,3806,3735
2912,0.86833,0.86138,0.05008,0.05386,239.68,425,847,1849,1865,1777,1494,2021,1425,1623,1842,2021,2020,2020,2018,2018,2017,2017,2134,2132,2291,2140,2981,2966,2981,3418,3418,3613,3737,3806,3735
2913,0.86834,0.86118,0.05008,0.0539,239.77,425,847,1850,1866,1778,1494,2021,1425,1623,1842,2021,2020,2020,2018,2018,2017,2018,2134,2133,2291,2140,2981,2966,2981,3418,3418,3613,3737,3806,3735
2914,0.86835,0.86142,0.05008,0.05385,239.87,425,848,1850,1866,1778,1495,2021,1425,1623,1842,2021,2020,2020,2018,2017,2017,2017,2134,2132,2291,2140,2981,2966,2981,3418,3418,3613,3737,3806,3735
2915,0.86836,0.86122,0.05008,0.05389,239.95,425,849,1850,1867,1778,1495,2021,1425,1624,1843,2021,2020,2020,2018,2018,2017,2018,2134,2133,2291,2140,2981,2966,2981,3418,3418,3613,3737,3806,3735
2916,0.86837,0.8614,0.05008,0.05386,240.04,425,849,1851,1867,1779,1495,2021,1425,1624,1843,2021,2020,2021,2018,2017,2017,2017,2134,2133,2291,2140,2981,2966,2981,3418,3418,3613,3736,3806,3735
2917,0.86838,0.86129,0.05008,0.05388,240.13,425,850,1851,1867,1779,1496,2021,1425,1624,1843,2021,2020,2021,2018,2017,2017,2018,2134,2133,2291,2140,2981,2966,2981,3418,3418,3613,3736,3806,3735
2918,0.86839,0.86138,0.05007,0.05386,240.21,425,850,1852,1868,1780,1496,2021,1425,1624,1844,2021,2020,2021,2018,2017,2017,2018,2134,2133,2291,2140,2981,2966,2981,3418,3418,3613,3736,3806,3735
2919,0.8684,0.86137,0.05007,0.05386,240.3,425,851,1852,1868,1780,1496,2021,1425,1625,1844,2021,2020,2020,2018,2017,2017,2018,2134,2133,2291,2140,2981,2966,2981,3418,3418,3613,3736,3806,3735
2920,0.86841,0.86134,0.05007,0.05387,240.39,425,851,1852,1868,1781,1497,2021,1425,1625,1844,2021,2020,2020,2018,2017,2017,2018,2134,2133,2291,2140,2981,2966,2981,3418,3418,3613,3736,3806,3735
2921,0.86841,0.86143,0.05007,0.05385,240.48,425,852,1853,1869,1781,1497,2021,1425,1625,1845,2021,2020,2020,2018,2017,2017,2018,2134,2133,2291,2140,2981,2966,2981,3418,3418,3613,3736,3806,3735
2922,0.86842,0.86134,0.05007,0.05387,240.56,425,852,1853,1869,1781,1498,2021,1425,1625,1845,2021,2020,2020,2018,2017,2017,2018,2134,2133,2291,2140,2981,2966,2981,3418,3418,3613,3736,3806,3735
2923,0.86843,0.86146,0.05007,0.05385,240.64,425,853,1853,1870,1782,1498,2021,1425,1625,1845,2021,2020,2020,2018,2017,2017,2018,2134,2133,2291,2140,2981,2966,2981,3418,3418,3613,3736,3806,3735
2924,0.86844,0.86134,0.05006,0.05387,240.73,425,853,1854,1870,1782,1498,2021,1425,1626,1846,2021,2020,2020,2018,2018,2017,2018,2134,2133,2291,2140,2981,2966,2981,3418,3418,3613,3736,3806,3735
2925,0.86845,0.86148,0.05006,0.05384,240.82,425,854,1854,1870,1783,1499,2021,1425,1626,1846,2021,2020,2021,2018,2017,2017,2018,2134,2133,2291,2140,2981,2966,2981,3418,3418,3613,3736,3806,3735
2926,0.86845,0.86136,0.05006,0.05387,240.91,425,854,1855,1871,1783,1499,2021,1425,1626,1846,2021,2020,2021,2018,2018,2017,2018,2134,2133,2291,2140,2981,2966,2981,3418,3418,3613,3736,3806,3735
2927,0.86846,0.8615,0.05006,0.05384,241.01,425,855,1855,1871,1784,1500,2021,1425,1627,1847,2021,2020,2020,2018,2017,2017,2017,2134,2133,2291,2140,2981,2966,2981,3418,3418,3613,3736,3806,3735
2928,0.86847,0.86137,0.05006,0.05386,241.1,425,855,1855,1871,1784,1500,2021,1425,1627,1847,2021,2020,2020,2018,2018,2017,2018,2134,2133,2291,2140,2981,2966,2981,3418,3418,3613,3736,3806,3735
2929,0.86848,0.86155,0.05006,0.05383,241.19,425,856,1856,1872,1784,1500,2021,1425,1627,1847,2021,2020,2020,2018,2017,2017,2017,2134,2132,2291,2140,2981,2966,2981,3418,3418,3613,3736,3806,3735
2930,0.86849,0.86138,0.05006,0.05386,241.27,425,857,1856,1872,1785,1501,2021,1425,1627,1848,2021,2020,2020,2018,2018,2017,2018,2134,2133,2291,2140,2981,2966,2981,3418,3418,3613,3736,3806,3735
2931,0.86849,0.86155,0.05005,0.05383,241.35,425,857,1857,1873,1785,1501,2021,1425,1627,1848,2021,2020,2020,2018,2017,2017,2017,2134,2132,2291,2140,2981,2966,2981,3418,3418,3613,3736,3806,3735
2932,0.8685,0.86138,0.05005,0.05386,241.43,425,858,1857,1873,1786,1501,2021,1425,1628,1848,2021,2020,2020,2018,2017,2017,2018,2134,2133,2291,2140,2981,2966,2981,3418,3418,3613,3736,3806,3735
2933,0.86851,0.86161,0.05005,0.05382,241.52,425,858,1857,1873,1786,1502,2021,1425,1628,1849,2021,2020,2020,2018,2017,2017,2017,2134,2132,2291,2140,2981,2966,2981,3418,3418,3613,3736,3806,3735
2934,0.86852,0.86138,0.05005,0.05386,241.61,425,859,1858,1874,1786,1502,2021,1425,1628,1849,2021,2020,2020,2018,2017,2017,2018,2134,2132,2291,2140,2981,2966,2981,3418,3418,3613,3736,3806,3735
2935,0.86853,0.86163,0.05005,0.05381,241.69,425,859,1858,1874,1787,1503,2021,1425,1628,1849,2021,2020,2020,2018,2017,2017,2017,2134,2132,2291,2140,2981,2966,2981,3418,3418,3613,3736,3806,3735
2936,0.86853,0.86142,0.05005,0.05385,241.77,425,860,1859,1875,1787,1503,2021,1425,1629,1850,2021,2020,2020,2018,2017,2017,2018,2134,2132,2291,2140,2981,2966,2981,3418,3418,3613,3736,3806,3735
2937,0.86854,0.86166,0.05004,0.05381,241.85,425,860,1859,1875,1788,1503,2021,1425,1629,1850,2021,2020,2020,2018,2017,2017,2017,2134,2132,2291,2140,2981,2966,2981,3418,3418,3613,3736,3806,3735
2938,0.86855,0.8614,0.05004,0.05386,241.94,425,861,1859,1875,1788,1504,2021,1425,1629,1850,2021,2020,2021,2018,2017,2017,2018,2134,2132,2291,2140,2981,2966,2981,3418,3418,3613,3736,3806,3735
2939,0.86856,0.86166,0.05004,0.05381,242.03,425,861,1860,1876,1789,1504,2021,1425,1629,1850,2021,2020,2020,2018,2017,2017,2018,2134,2132,2291,2140,2981,2966,2981,3418,3418,3613,3736,3806,3735
2940,0.86857,0.86145,0.05004,0.05385,242.11,425,862,1860,1876,1789,1504,2021,1425,1630,1851,2021,2020,2020,2018,2018,2017,2018,2134,2132,2291,2140,2981,2966,2981,3418,3418,3613,3736,3806,3735
2941,0.86857,0.8617,0.05004,0.0538,242.2,425,863,1860,1877,1789,1505,2021,1425,1630,1851,2021,2020,2020,2018,2017,2017,2017,2134,2132,2291,2140,2981,2966,2981,3418,3418,3613,3736,3806,3735
2942,0.86858,0.86144,0.05004,0.05385,242.28,425,863,1861,1877,1790,1505,2021,1425,1630,1851,2021,2020,2020,2018,2017,2017,2018,2134,2132,2291,2140,2981,2966,2981,3418,3418,3613,3736,3806,3735
2943,0.86859,0.86173,0.05004,0.05379,242.36,425,864,1861,1877,1790,1505,2021,1425,1630,1852,2021,2020,2020,2018,2017,2017,2017,2134,2132,2291,2140,2981,2966,2981,3418,3418,3613,3736,3806,3735
2944,0.8686,0.86147,0.05003,0.05384,242.45,425,864,1862,1878,1791,1506,2021,1425,1630,1852,2021,2020,2020,2018,2017,2017,2017,2134,2132,2291,2140,2981,2966,2981,3418,3418,3613,3736,3806,3735
2945,0.86861,0.86176,0.05003,0.05379,242.55,425,865,1862,1878,1791,1506,2021,1425,1631,1852,2021,2020,2020,2018,2017,2017,2017,2134,2132,2291,2140,2981,2966,2981,3418,3418,3613,3736,3806,3735
2946,0.86862,0.86148,0.05003,0.05384,242.64,425,865,1862,1879,1792,1506,2021,1425,1631,1853,2021,2020,2021,2018,2017,2017,2017,2134,2132,2291,2140,2981,2966,2981,3418,3418,3613,3736,3806,3735
2947,0.86863,0.8618,0.05003,0.05378,242.72,425,866,1863,1879,1792,1507,2021,1425,1631,1853,2021,2020,2021,2018,2017,2017,2017,2134,2132,2291,2140,2981,2966,2981,3418,3418,3613,3736,3806,3735
2948,0.86863,0.8615,0.05003,0.05384,242.81,425,867,1863,1879,1792,1507,2021,1425,1631,1853,2021,2020,2021,2018,2017,2017,2017,2134,2132,2291,2140,2981,2966,2981,3418,3418,3613,3736,3806,3735
2949,0.86864,0.86181,0.05003,0.05378,242.9,425,867,1864,1880,1793,1507,2021,1425,1632,1854,2021,2020,2020,2018,2017,2017,2017,2134,2132,2291,2140,2981,2966,2981,3418,3418,3613,3736,3806,3735
2950,0.86865,0.86149,0.05002,0.05384,242.98,425,868,1864,1880,1793,1508,2021,1425,1632,1854,2021,2020,2020,2018,2017,2017,2018,2134,2132,2291,2140,2981,2966,2981,3418,3418,3613,3736,3806,3735
2951,0.86865,0.86187,0.05002,0.05377,243.07,425,868,1864,1881,1794,1508,2021,1425,1632,1854,2021,2020,2020,2018,2017,2017,2017,2134,2132,2291,2140,2981,2966,2981,3418,3418,3613,3736,3806,3735
2952,0.86866,0.86147,0.05002,0.05384,243.15,425,869,1865,1881,1794,1509,2021,1425,1632,1854,2021,2020,2020,2018,2017,2017,2018,2134,2132,2291,2140,2981,2966,2981,3418,3418,3613,3736,3806,3735
2953,0.86866,0.86194,0.05002,0.05375,243.24,425,869,1865,1881,1794,1509,2021,1425,1633,1855,2020,2020,2020,2018,2017,2017,2017,2134,2132,2291,2140,2981,2966,2981,3418,3418,3613,3736,3806,3735
2954,0.86866,0.86138,0.05002,0.05386,243.33,425,870,1866,1882,1795,1509,2021,1425,1633,1855,2021,2020,2020,2018,2017,2017,2018,2134,2132,2291,2140,2981,2966,2981,3418,3418,3613,3736,3806,3735
2955,0.86865,0.86206,0.05002,0.05373,243.42,425,870,1866,1882,1795,1510,2021,1425,1633,1855,2021,2020,2020,2018,2017,2017,2017,2134,2132,2291,2140,2981,2966,2981,3418,3418,3613,3736,3806,3735
2956,0.86864,0.86125,0.05003,0.05389,243.5,425,871,1866,1883,1796,1510,2021,1425,1633,1856,2021,2020,2021,2018,2017,2017,2018,2134,2132,2291,2140,2981,2966,2981,3418,3418,3613,3736,3806,3735
2957,0.86861,0.86219,0.05003,0.0537,243.59,425,872,1867,1883,1796,1510,2021,1425,1634,1856,2021,2020,2021,2018,2017,2017,2017,2134,2132,2291,2140,2981,2966,2981,3418,3418,3613,3736,3806,3734
2958,0.86856,0.86096,0.05004,0.05394,243.69,425,872,1867,1884,1796,1511,2021,1425,1634,1856,2021,2020,2021,2018,2018,2017,2018,2134,2132,2291,2141,2981,2966,2981,3418,3418,3613,3736,3806,3735
2959,0.86848,0.86238,0.05006,0.05367,243.77,425,873,1867,1884,1797,1511,2021,1425,1634,1856,2021,2020,2020,2017,2017,2017,2017,2134,2132,2291,2141,2981,2966,2981,3418,3418,3613,3736,3806,3734
2960,0.86837,0.86048,0.05008,0.05404,243.86,425,873,1868,1884,1797,1511,2021,1425,1634,1857,2021,2020,2020,2018,2017,2017,2018,2134,2132,2291,2141,2981,2966,2981,3418,3418,3613,3736,3806,3735
2961,0.86818,0.8625,0.05011,0.05364,243.94,425,874,1868,1885,1798,1512,2021,1425,1635,1857,2021,2020,2020,2017,2017,2017,2017,2134,2132,2291,2141,2981,2966,2981,3418,3418,3613,3736,3806,3734
2962,0.86796,0.85969,0.05015,0.05419,244.03,425,874,1869,1885,1798,1512,2021,1425,1635,1857,2021,2020,2021,2018,2017,2017,2017,2135,2132,2291,2141,2981,2966,2981,3418,3418,3613,3736,3806,3734
2963,0.86767,0.86251,0.05021,0.05364,244.11,425,875,1869,1886,1799,1513,2021,1425,1635,1858,2021,2020,2020,2017,2017,2017,2017,2135,2132,2291,2141,2981,2966,2981,3418,3418,3613,3736,3806,3734
2964,0.8674,0.85875,0.05026,0.05437,244.19,425,876,1870,1886,1799,1513,2021,1425,1635,1858,2021,2021,2021,2018,2017,2017,2017,2135,2132,2291,2141,2981,2966,2981,3418,3418,3613,3736,3806,3734
2965,0.86723,0.8624,0.05029,0.05366,244.28,425,876,1870,1887,1799,1513,2021,1425,1636,1858,2021,2020,2021,2017,2017,2017,2017,2134,2132,2291,2141,2981,2966,2981,3418,3418,3613,3736,3806,3734
2966,0.86729,0.85855,0.05028,0.05441,244.35,425,877,1870,1887,1800,1514,2021,1425,1636,1858,2021,2021,2021,2017,2017,2017,2017,2135,2132,2291,2141,2981,2966,2981,3418,3418,3613,3736,3806,3734
2967,0.86762,0.86252,0.05022,0.05364,244.43,425,877,1871,1888,1800,1514,2021,1425,1636,1859,2021,2020,2020,2017,2017,2017,2017,2135,2132,2291,2140,2981,2965,2981,3418,3418,3613,3736,3806,3734
2968,0.86813,0.85997,0.05012,0.05413,244.53,425,878,1871,1888,1801,1514,2021,1425,1636,1859,2021,2021,2021,2017,2017,2017,2017,2135,2132,2291,2141,2981,2966,2981,3418,3418,3613,3736,3806,3734
2969,0.86859,0.86245,0.05004,0.05365,244.62,425,879,1872,1888,1801,1515,2021,1425,1637,1859,2021,2020,2020,2017,2017,2017,2017,2134,2132,2291,2141,2981,2965,2981,3418,3418,3613,3736,3806,3734
2970,0.86882,0.86171,0.04999,0.0538,244.7,425,879,1872,1889,1801,1515,2021,1425,1637,1860,2021,2020,2020,2017,2017,2017,2017,2134,2132,2291,2142,2981,2965,2981,3418,3418,3613,3736,3806,3734
2971,0.86878,0.86142,0.05,0.05385,244.8,425,880,1872,1889,1802,1515,2021,1425,1637,1860,2020,2020,2020,2017,2017,2017,2017,2134,2132,2291,2142,2981,2965,2981,3418,3418,3613,3736,3806,3734
2972,0.86856,0.86253,0.05004,0.05364,244.88,425,880,1873,1890,1802,1516,2021,1425,1637,1860,2020,2020,2020,2017,2017,2017,2017,2133,2132,2291,2142,2981,2965,2981,3418,3418,3613,3736,3806,3734
2973,0.86833,0.86036,0.05008,0.05406,244.96,425,881,1873,1890,1803,1516,2021,1425,1638,1861,2020,2020,2020,2018,2017,2017,2018,2134,2132,2291,2143,2981,2965,2981,3418,3418,3613,3736,3806,3734
2974,0.86819,0.86266,0.05011,0.05361,245.04,425,881,1873,1891,1803,1517,2021,1425,1638,1861,2020,2020,2020,2018,2017,2017,2017,2133,2132,2291,2143,2981,2965,2981,3418,3418,3613,3736,3806,3734
2975,0.86824,0.86012,0.0501,0.05411,245.12,425,882,1874,1891,1803,1517,2021,1425,1638,1861,2021,2020,2021,2018,2018,2018,2018,2133,2132,2291,2143,2981,2965,2981,3418,3417,3613,3736,3806,3734
2976,0.86843,0.86263,0.05007,0.05362,245.2,425,883,1874,1892,1804,1517,2021,1425,1638,1862,2021,2020,2021,2018,2017,2017,2017,2132,2132,2291,2143,2981,2965,2981,3418,3417,3613,3736,3806,3734
2977,0.86867,0.86112,0.05002,0.05391,245.29,425,883,1875,1892,1804,1518,2021,1425,1639,1862,2021,2021,2021,2018,2018,2017,2018,2132,2132,2291,2143,2981,2965,2981,3418,3417,3613,3736,3806,3734
2978,0.86886,0.86231,0.04998,0.05368,245.38,425,884,1875,1893,1805,1518,2021,1425,1639,1862,2021,2021,2020,2018,2017,2017,2017,2132,2132,2291,2143,2981,2965,2981,3418,3417,3613,3736,3806,3734
2979,0.86891,0.86207,0.04997,0.05373,245.47,425,884,1876,1893,1805,1518,2021,1425,1639,1862,2021,2020,2020,2018,2017,2017,2017,2131,2132,2291,2143,2981,2965,2981,3418,3418,3613,3736,3806,3734
2980,0.86883,0.86146,0.04999,0.05385,245.55,425,885,1876,1894,1805,1519,2021,1425,1639,1863,2021,2020,2020,2018,2017,2017,2017,2132,2132,2291,2143,2981,2965,2981,3418,3418,3613,3736,3806,3734
2981,0.86871,0.86259,0.05001,0.05363,245.64,425,885,1876,1894,1806,1519,2021,1425,1640,1863,2020,2020,2020,2017,2017,2017,2017,2132,2132,2291,2142,2981,2965,2981,3418,3418,3613,3736,3806,3734
2982,0.86865,0.86098,0.05002,0.05394,245.72,425,886,1877,1895,1806,1519,2021,1425,1640,1863,2020,2020,2020,2018,2017,2017,2017,2132,2132,2291,2142,2981,2965,2981,3418,3418,3613,3736,3806,3734
2983,0.86866,0.86264,0.05002,0.05362,245.8,425,887,1877,1895,1807,1520,2021,1425,1640,1863,2020,2020,2020,2017,2017,2017,2017,2132,2132,2291,2142,2981,2965,2981,3418,3418,3613,3736,3806,3734
2984,0.86875,0.86115,0.05,0.05391,245.88,425,887,1878,1896,1807,1520,2021,1425,1641,1864,2021,2020,2021,2017,2017,2017,2017,2133,2132,2291,2142,2981,2965,2981,3418,3418,3613,3736,3806,3734
2985,0.86886,0.86248,0.04998,0.05365,245.96,425,888,1878,1896,1807,1520,2021,1425,1641,1864,2021,2020,2021,2017,2017,2017,2017,2133,2132,2291,2142,2981,2965,2981,3418,3418,3613,3736,3806,3734
2986,0.86895,0.86191,0.04997,0.05376,246.05,425,888,1878,1897,1808,1521,2021,1425,1641,1864,2021,2020,2021,2017,2017,2017,2017,2133,2132,2291,2142,2981,2965,2981,3418,3417,3613,3736,3806,3734
2987,0.86897,0.86197,0.04996,0.05375,246.13,425,889,1879,1897,1808,1521,2021,1425,1641,1864,2021,2020,2020,2017,2017,2017,2017,2134,2132,2291,2142,2981,2965,2981,3418,3417,3613,3736,3806,3734
2988,0.86893,0.86233,0.04997,0.05368,246.22,425,889,1879,1898,1809,1521,2021,1425,1642,1865,2021,2020,2020,2017,2017,2017,2017,2134,2132,2291,2141,2981,2965,2981,3418,3418,3613,3736,3806,3734
2989,0.86889,0.86148,0.04998,0.05384,246.3,425,890,1880,1899,1809,1522,2021,1425,1642,1865,2020,2020,2020,2018,2017,2017,2018,2134,2132,2291,2141,2981,2965,2981,3418,3418,3613,3736,3806,3734
2990,0.86886,0.8626,0.04998,0.05362,246.39,425,891,1880,1899,1809,1522,2021,1425,1642,1865,2020,2020,2020,2018,2017,2017,2017,2134,2132,2291,2141,2981,2965,2981,3418,3418,3613,3736,3806,3734
2991,0.86887,0.86144,0.04998,0.05385,246.47,425,891,1881,1900,1810,1523,2021,1425,1642,1865,2020,2020,2020,2018,2017,2017,2018,2134,2132,2291,2140,2981,2965,2981,3418,3418,3613,3736,3806,3734
2992,0.86891,0.86251,0.04997,0.05364,246.55,425,892,1881,1900,1810,1523,2021,1425,1643,1866,2021,2020,2020,2018,2017,2017,2017,2134,2132,2291,2140,2981,2965,2981,3418,3418,3613,3736,3806,3734
2993,0.86896,0.86162,0.04996,0.05381,246.64,425,892,1882,1901,1811,1523,2021,1425,1643,1866,2021,2020,2021,2018,2017,2017,2018,2134,2132,2291,2140,2981,2965,2981,3418,3418,3613,3736,3806,3734
2994,0.86901,0.86239,0.04996,0.05367,246.72,425,893,1882,1901,1811,1524,2021,1425,1643,1866,2021,2020,2021,2018,2017,2017,2017,2134,2132,2291,2140,2981,2965,2981,3418,3418,3613,3736,3806,3734
2995,0.86903,0.86212,0.04995,0.05372,246.81,425,893,1882,1902,1811,1524,2021,1425,1643,1867,2021,2020,2020,2018,2017,2017,2017,2134,2132,2291,2139,2981,2965,2981,3418,3418,3613,3736,3806,3734
2996,0.86904,0.86207,0.04995,0.05373,246.9,425,894,1883,1902,1812,1524,2021,1425,1644,1867,2021,2020,2020,2018,2017,2017,2017,2134,2132,2291,2139,2981,2965,2981,3418,3418,3613,3736,3806,3734
2997,0.86904,0.8623,0.04995,0.05368,246.98,425,894,1883,1903,1812,1525,2021,1425,1644,1867,2021,2020,2020,2018,2017,2017,2017,2134,2132,2291,2139,2981,2965,2981,3418,3418,3612,3736,3806,3734
2998,0.86903,0.86185,0.04995,0.05377,247.07,425,895,1884,1904,1813,1525,2021,1425,1644,1867,2020,2020,2020,2018,2017,2017,2017,2134,2133,2291,2139,2981,2965,2981,3418,3418,3612,3736,3806,3734
2999,0.86902,0.86253,0.04995,0.05364,247.18,425,896,1884,1904,1813,1525,2021,1425,1645,1868,2020,2020,2020,2017,2017,2017,2017,2134,2132,2291,2139,2981,2965,2981,3418,3418,3612,3736,3806,3734
3000,0.86903,0.86183,0.04995,0.05377,247.27,425,896,1885,1905,1813,1526,2021,1425,1645,1868,2020,2020,2020,2018,2017,2017,2017,2134,2132,2291,2139,2981,2965,2981,3418,3418,3612,3736,3806,3734
3001,0.86905,0.86244,0.04995,0.05366,247.35,425,897,1885,1905,1814,1526,2021,1425,1645,1868,2020,2020,2020,2017,2017,2017,2017,2133,2132,2291,2139,2981,2965,2981,3418,3418,3612,3736,3806,3734
3002,0.86907,0.86191,0.04994,0.05376,247.44,425,897,1886,1906,1814,1526,2021,1425,1645,1868,2021,2020,2021,2018,2017,2017,2017,2133,2132,2291,2139,2981,2965,2981,3418,3418,3612,3736,3806,3734
3003,0.8691,0.86245,0.04994,0.05365,247.52,425,898,1886,1907,1815,1527,2021,1425,1646,1869,2021,2020,2021,2018,2017,2017,2017,2133,2132,2291,2139,2981,2965,2981,3418,3418,3612,3736,3806,3734
3004,0.86911,0.86221,0.04994,0.0537,247.6,425,898,1887,1907,1815,1527,2021,1425,1646,1869,2021,2020,2021,2018,2017,2017,2017,2133,2132,2291,2139,2981,2965,2981,3418,3418,3612,3736,3806,3734
3005,0.86913,0.86225,0.04993,0.05369,247.69,425,899,1887,1908,1815,1527,2021,1425,1646,1869,2021,2020,2021,2018,2017,2017,2017,2133,2132,2291,2140,2981,2965,2981,3418,3418,3612,3736,3806,3734
3006,0.86913,0.86228,0.04993,0.05369,247.78,425,900,1888,1908,1816,1528,2021,1425,1647,1869,2021,2020,2020,2018,2017,2017,2017,2133,2132,2291,2140,2981,2965,2981,3418,3418,3612,3736,3806,3734
3007,0.86914,0.86215,0.04993,0.05371,247.87,425,900,1888,1909,1816,1528,2021,1425,1647,1870,2020,2020,2020,2018,2017,2017,2017,2133,2132,2291,2140,2981,2965,2981,3418,3418,3612,3736,3806,3734
3008,0.86914,0.86251,0.04993,0.05364,247.96,425,901,1889,1910,1816,1528,2021,1425,1647,1870,2020,2020,2020,2018,2017,2017,2017,2133,2132,2291,2140,2981,2965,2981,3418,3418,3612,3736,3806,3734
3009,0.86915,0.86208,0.04993,0.05373,248.04,425,901,1889,1910,1817,1529,2021,1425,1647,1870,2020,2020,2020,2018,2017,2017,2017,2133,2132,2291,2140,2981,2965,2981,3418,3418,3612,3736,3806,3734
3010,0.86915,0.86248,0.04993,0.05365,248.12,425,902,1890,1911,1817,1529,2021,1425,1648,1870,2021,2020,2020,2018,2017,2017,2017,2133,2132,2291,2140,2981,2965,2981,3418,3418,3612,3736,3806,3734
3011,0.86916,0.86205,0.04993,0.05373,248.21,425,902,1890,1911,1818,1529,2021,1425,1648,1870,2021,2020,2021,2018,2017,2017,2017,2133,2132,2291,2141,2981,2966,2981,3418,3418,3612,3736,3806,3734
3012,0.86917,0.8626,0.04992,0.05362,248.29,425,903,1891,1912,1818,1530,2021,1425,1648,1871,2021,2020,2021,2017,2017,2017,2017,2133,2132,2291,2141,2981,2965,2981,3418,3418,3612,3736,3806,3734
3013,0.86919,0.86214,0.04992,0.05371,248.39,425,903,1891,1913,1818,1530,2021,1425,1648,1871,2021,2020,2021,2018,2017,2017,2017,2133,2132,2291,2141,2981,2966,2981,3418,3418,3612,3736,3806,3734
3014,0.8692,0.86249,0.04992,0.05365,248.48,425,904,1892,1913,1819,1530,2021,1425,1649,1871,2021,2020,2021,2017,2017,2017,2017,2133,2132,2291,2141,2981,2965,2981,3418,3418,3613,3736,3806,3734
3015,0.86922,0.86218,0.04992,0.05371,248.57,425,905,1892,1914,1819,1531,2021,1425,1649,1872,2021,2020,2020,2018,2017,2017,2017,2133,2132,2291,2141,2981,2965,2981,3418,3418,3613,3736,3806,3734
3016,0.86923,0.86251,0.04991,0.05364,248.66,425,905,1893,1914,1820,1531,2021,1425,1649,1872,2021,2020,2020,2017,2017,2017,2017,2133,2132,2291,2141,2981,2965,2981,3418,3418,3613,3736,3806,3734
3017,0.86924,0.8624,0.04991,0.05366,248.74,425,906,1893,1915,1820,1532,2021,1425,1649,1872,2020,2020,2020,2018,2017,2017,2017,2133,2132,2291,2141,2981,2965,2981,3418,3418,3613,3736,3806,3734
3018,0.86925,0.86238,0.04991,0.05367,248.83,425,906,1894,1916,1820,1532,2021,1425,1650,1872,2021,2020,2020,2018,2017,2017,2017,2133,2132,2291,2140,2981,2965,2981,3418,3418,3613,3736,3806,3734
3019,0.86926,0.86239,0.04991,0.05366,248.92,425,907,1894,1916,1821,1532,2021,1425,1650,1873,2021,2020,2020,2018,2017,2017,2017,2133,2132,2291,2140,2981,2965,2981,3418,3418,3613,3736,3806,3734
3020,0.86927,0.86234,0.04991,0.05367,249.01,425,907,1895,1917,1821,1533,2021,1425,1650,1873,2021,2020,2020,2018,2017,2017,2017,2133,2132,2291,2140,2981,2965,2981,3418,3418,3613,3736,3806,3734
3021,0.86927,0.86259,0.04991,0.05363,249.09,425,908,1895,1917,1822,1533,2021,1425,1651,1873,2021,2020,2020,2018,2017,2017,2017,2133,2132,2291,2140,2981,2965,2980,3418,3418,3613,3736,3806,3734
3022,0.86928,0.86232,0.0499,0.05368,249.17,425,908,1896,1918,1822,1533,2021,1425,1651,1873,2021,2020,2021,2018,2017,2017,2017,2133,2132,2291,2140,2981,2965,2981,3418,3418,3613,3736,3806,3734
3023,0.86929,0.86254,0.0499,0.05364,249.26,425,909,1896,1918,1822,1534,2021,1425,1651,1873,2021,2020,2021,2018,2017,2017,2017,2133,2132,2291,2140,2981,2965,2980,3418,3418,3612,3736,3806,3734
3024,0.86929,0.86227,0.0499,0.05369,249.36,425,909,1897,1919,1823,1534,2021,1425,1651,1874,2021,2020,2020,2018,2017,2017,2017,2133,2132,2291,2140,2981,2965,2981,3418,3418,3612,3736,3806,3734
3025,0.8693,0.86267,0.0499,0.05361,249.45,425,910,1898,1919,1823,1534,2021,1425,1652,1874,2021,2020,2020,2018,2017,2017,2017,2133,2132,2291,2140,2981,2965,2980,3418,3418,3612,3736,3806,3734
3026,0.86931,0.86237,0.0499,0.05367,249.52,425,911,1898,1920,1823,1535,2021,1425,1652,1874,2021,2020,2020,2018,2017,2017,2017,2133,2132,2291,2140,2981,2965,2980,3418,3418,3612,3736,3806,3734
3027,0.86932,0.86263,0.0499,0.05362,249.6,425,911,1899,1920,1824,1535,2021,1425,1652,1874,2021,2020,2020,2018,2017,2017,2017,2133,2132,2291,2140,2981,2965,2980,3418,3418,3612,3736,3806,3734
3028,0.86932,0.86227,0.0499,0.05369,249.68,425,912,1899,1921,1824,1535,2021,1425,1652,1875,2021,2020,2021,2018,2017,2017,2017,2133,2132,2291,2140,2981,2965,2980,3418,3418,3612,3736,3806,3734
3029,0.86933,0.86272,0.04989,0.0536,249.76,425,912,1900,1921,1825,1536,2021,1425,1653,1875,2021,2020,2020,2017,2017,2017,2017,2133,2132,2291,2140,2981,2965,2980,3418,3418,3612,3736,3806,3734
3030,0.86934,0.86239,0.04989,0.05367,249.85,425,913,1901,1922,1825,1536,2021,1425,1653,1875,2021,2020,2020,2018,2017,2017,2017,2133,2132,2291,2140,2981,2965,2980,3418,3418,3612,3736,3806,3734
3031,0.86934,0.86271,0.04989,0.0536,249.93,425,913,1901,1922,1825,1536,2021,1425,1653,1875,2021,2020,2021,2017,2017,2017,2017,2133,2132,2291,2140,2981,2965,2980,3418,3418,3612,3736,3806,3734
3032,0.86935,0.86227,0.04989,0.05369,250.02,425,914,1902,1922,1826,1537,2021,1425,1654,1875,2021,2020,2021,2018,2017,2017,2017,2133,2132,2291,2141,2981,2965,2980,3418,3418,3612,3736,3806,3734
3033,0.86936,0.8628,0.04989,0.05359,250.11,425,914,1902,1923,1826,1537,2021,1425,1654,1876,2021,2020,2020,2017,2017,2017,2017,2133,2132,2291,2141,2981,2965,2980,3418,3418,3612,3736,3806,3734
3034,0.86936,0.86236,0.04989,0.05367,250.2,425,915,1903,1923,1827,1537,2021,1425,1654,1876,2021,2020,2020,2018,2017,2017,2017,2133,2132,2291,2141,2981,2965,2980,3418,3418,3612,3736,3806,3734
3035,0.86936,0.86283,0.04989,0.05358,250.28,425,915,1904,1924,1827,1538,2021,1425,1654,1876,2021,2020,2020,2017,2017,2017,2017,2133,2132,2291,2141,2981,2965,2980,3418,3418,3612,3736,3806,3734
3036,0.86936,0.8622,0.04989,0.0537,250.39,425,916,1904,1924,1827,1538,2021,1425,1655,1876,2021,2020,2020,2018,2017,2017,2017,2133,2132,2291,2141,2981,2965,2980,3418,3418,3612,3736,3806,3734
3037,0.86936,0.86293,0.04989,0.05356,250.48,425,916,1905,1924,1828,1538,2021,1425,1655,1877,2021,2020,2020,2017,2017,2017,2017,2133,2132,2291,2140,2981,2965,2980,3418,3418,3612,3736,3806,3734
3038,0.86935,0.86223,0.04989,0.0537,250.56,425,917,1905,1924,1828,1539,2021,1425,1655,1877,2021,2020,2020,2018,2017,2017,2017,2133,2132,2291,2140,2981,2965,2980,3418,3418,3612,3736,3806,3734
3039,0.86935,0.86299,0.04989,0.05355,250.64,425,918,1906,1925,1829,1539,2021,1425,1656,1877,2021,2020,2020,2017,2017,2017,2017,2133,2132,2291,2140,2981,2965,2980,3418,3418,3612,3736,3806,3734
3040,0.86933,0.862,0.04989,0.05374,250.74,425,918,1907,1925,1829,1539,2021,1425,1656,1877,2021,2020,2021,2018,2017,2017,2017,2133,2132,2291,2140,2981,2965,2980,3418,3418,3612,3736,3806,3734
3041,0.86931,0.86312,0.0499,0.05352,250.83,425,919,1907,1925,1829,1540,2021,1425,1656,1877,2021,2020,2020,2017,2017,2017,2017,2133,2132,2291,2140,2981,2965,2980,3418,3418,3612,3736,3806,3734
3042,0.86928,0.86194,0.0499,0.05375,250.92,425,919,1908,1925,1830,1540,2021,1425,1656,1878,2021,2020,2020,2018,2017,2017,2017,2133,2132,2291,2141,2981,2965,2980,3418,3418,3612,3736,3806,3734
3043,0.86925,0.8632,0.04991,0.05351,251.01,425,920,1909,1926,1830,1540,2021,1425,1657,1878,2021,2020,2020,2017,2017,2017,2017,2133,2132,2291,2141,2981,2965,2980,3418,3418,3612,3736,3806,3734
3044,0.86922,0.86163,0.04992,0.05381,251.11,425,920,1909,1926,1830,1541,2021,1425,1657,1878,2021,2020,2020,2018,2017,2017,2017,2133,2132,2291,2141,2981,2965,2980,3418,3418,3612,3736,3806,3734
3045,0.86918,0.86328,0.04992,0.05349,251.2,425,921,1910,1926,1831,1541,2021,1425,1657,1878,2020,2020,2020,2017,2017,2017,2017,2132,2132,2291,2141,2981,2965,2980,3418,3418,3612,3736,3806,3734
3046,0.86916,0.8616,0.04993,0.05382,251.28,425,921,1911,1926,1831,1541,2021,1425,1658,1878,2021,2020,2020,2017,2017,2017,2017,2132,2132,2291,2141,2981,2965,2980,3418,3418,3612,3736,3806,3734
3047,0.86915,0.86334,0.04993,0.05348,251.36,425,922,1911,1926,1832,1542,2021,1425,1658,1879,2021,2020,2020,2017,2017,2017,2017,2132,2132,2291,2141,2981,2965,2980,3418,3418,3612,3736,3806,3734
3048,0.86915,0.86144,0.04993,0.05385,251.45,425,922,1912,1927,1832,1542,2021,1425,1658,1879,2021,2020,2021,2017,2017,2017,2017,2132,2132,2291,2141,2981,2965,2980,3418,3418,3612,3736,3806,3734
3049,0.86916,0.86333,0.04993,0.05348,251.53,425,923,1912,1927,1832,1543,2021,1425,1658,1879,2021,2020,2020,2017,2017,2017,2017,2132,2132,2291,2140,2980,2965,2980,3418,3418,3612,3736,3806,3734
3050,0.86919,0.86162,0.04992,0.05382,251.62,425,923,1913,1927,1833,1543,2021,1425,1659,1879,2021,2020,2020,2017,2017,2017,2017,2133,2132,2291,2141,2981,2965,2980,3418,3418,3612,3736,3806,3734
3051,0.86923,0.86338,0.04991,0.05347,251.72,425,924,1914,1927,1833,1543,2021,1425,1659,1879,2021,2020,2020,2017,2017,2017,2017,2133,2132,2291,2141,2980,2965,2980,3418,3418,3612,3736,3806,3734
3052,0.86929,0.86174,0.0499,0.05379,251.8,425,925,1914,1927,1833,1544,2021,1425,1659,1880,2021,2020,2021,2017,2017,2017,2017,2133,2132,2291,2141,2981,2965,2980,3418,3418,3612,3736,3806,3734
3053,0.86934,0.86325,0.04989,0.0535,251.9,425,925,1915,1927,1834,1544,2021,1425,1659,1880,2021,2020,2020,2017,2017,2017,2017,2133,2132,2291,2141,2980,2965,2980,3418,3418,3612,3736,3806,3734
3054,0.8694,0.86209,0.04988,0.05372,251.99,425,926,1915,1927,1834,1544,2021,1425,1660,1880,2021,2020,2020,2018,2017,2017,2017,2133,2132,2291,2141,2981,2965,2980,3418,3418,3612,3736,3806,3734
3055,0.86945,0.86322,0.04987,0.0535,252.07,425,926,1916,1927,1835,1545,2021,1425,1660,1880,2020,2020,2020,2017,2017,2017,2017,2133,2132,2291,2141,2980,2965,2980,3418,3418,3612,3736,3806,3734
3056,0.8695,0.86237,0.04986,0.05367,252.15,425,927,1917,1927,1835,1545,2021,1425,1660,1880,2021,2020,2020,2018,2017,2017,2017,2133,2132,2291,2141,2981,2965,2980,3418,3418,3612,3736,3806,3734
3057,0.86954,0.86299,0.04985,0.05355,252.23,425,927,1917,1927,1835,1545,2021,1425,1660,1881,2021,2020,2020,2017,2017,2017,2017,2133,2132,2291,2140,2981,2965,2980,3418,3418,3612,3736,3806,3734
3058,0.86957,0.86266,0.04985,0.05361,252.31,425,928,1918,1927,1836,1546,2021,1425,1661,1881,2021,2020,2020,2018,2017,2017,2017,2133,2132,2291,2140,2981,2965,2980,3418,3418,3612,3736,3806,3734
3059,0.86958,0.86288,0.04985,0.05357,252.39,425,928,1918,1927,1836,1546,2021,1425,1661,1881,2021,2020,2020,2018,2017,2017,2017,2133,2132,2291,2140,2981,2965,2980,3418,3418,3612,3736,3806,3734
3060,0.86959,0.86292,0.04985,0.05356,252.48,425,929,1919,1927,1836,1546,2021,1425,1661,1881,2021,2020,2020,2018,2017,2017,2017,2133,2132,2291,2140,2981,2965,2980,3418,3418,3612,3736,3806,3734
3061,0.86958,0.86266,0.04985,0.05361,252.57,425,929,1919,1927,1837,1547,2021,1425,1662,1881,2021,2020,2021,2018,2017,2017,2017,2133,2132,2291,2140,2981,2965,2980,3418,3418,3612,3736,3806,3734
3062,0.86958,0.86303,0.04985,0.05354,252.65,425,930,1920,1927,1837,1547,2021,1425,1662,1881,2021,2020,2020,2018,2017,2017,2017,2133,2132,2291,2140,2981,2965,2980,3418,3418,3612,3736,3806,3734
3063,0.86957,0.86251,0.04985,0.05364,252.74,425,930,1920,1927,1838,1547,2021,1425,1662,1882,2021,2020,2020,2018,2017,2017,2017,2133,2132,2291,2140,2981,2965,2980,3418,3418,3612,3736,3806,3734
3064,0.86956,0.8632,0.04985,0.05351,252.83,425,931,1921,1927,1838,1548,2021,1425,1662,1882,2021,2020,2020,2017,2017,2017,2017,2133,2132,2291,2140,2981,2965,2980,3418,3418,3612,3736,3806,3734
3065,0.86954,0.86235,0.04985,0.05367,252.91,425,931,1921,1927,1838,1548,2021,1425,1663,1882,2021,2020,2020,2018,2017,2017,2017,2133,2132,2291,2140,2981,2965,2980,3418,3418,3612,3736,3806,3734
3066,0.86952,0.86329,0.04986,0.05349,252.99,425,932,1922,1927,1839,1548,2021,1425,1663,1882,2021,2020,2020,2017,2017,2017,2017,2133,2132,2291,2140,2981,2965,2980,3418,3418,3612,3736,3806,3734
3067,0.8695,0.86216,0.04986,0.05371,253.08,425,933,1922,1927,1839,1549,2021,1425,1663,1882,2021,2020,2020,2018,2017,2017,2017,2133,2132,2291,2141,2981,2965,2980,3418,3418,3612,3736,3806,3734
3068,0.86947,0.86341,0.04987,0.05347,253.17,425,933,1923,1927,1839,1549,2021,1425,1664,1882,2021,2020,2020,2017,2017,2017,2017,2133,2132,2291,2141,2981,2965,2980,3418,3418,3612,3736,3806,3734
3069,0.86945,0.86202,0.04987,0.05374,253.26,425,934,1923,1927,1840,1549,2021,1425,1664,1882,2021,2020,2020,2018,2017,2017,2017,2133,2132,2291,2141,2981,2965,2980,3418,3418,3612,3736,3806,3734
3070,0.86942,0.86346,0.04988,0.05346,253.34,425,934,1923,1927,1840,1550,2021,1425,1664,1882,2021,2020,2020,2017,2017,2017,2017,2133,2132,2291,2141,2980,2965,2980,3418,3418,3612,3736,3806,3734
3071,0.86941,0.86189,0.04988,0.05376,253.42,425,935,1924,1927,1841,1550,2021,1425,1664,1882,2021,2020,2020,2017,2017,2017,2017,2133,2132,2291,2141,2981,2965,2980,3418,3418,3612,3736,3806,3734
3072,0.8694,0.8635,0.04988,0.05345,253.5,425,935,1924,1927,1841,1550,2021,1425,1665,1883,2020,2020,2020,2017,2017,2017,2017,2132,2132,2291,2141,2980,2965,2980,3418,3418,3612,3736,3806,3734
3073,0.86941,0.86188,0.04988,0.05376,253.58,425,936,1924,1927,1841,1551,2021,1425,1665,1883,2021,2020,2020,2017,2017,2017,2017,2132,2132,2291,2141,2981,2965,2980,3418,3418,3612,3736,3806,3734
3074,0.86941,0.86353,0.04988,0.05344,253.67,425,936,1925,1927,1842,1551,2021,1425,1665,1883,2020,2020,2020,2017,2017,2017,2017,2132,2132,2291,2140,2980,2965,2980,3418,3418,3612,3736,3806,3734
3075,0.86943,0.86189,0.04988,0.05376,253.74,425,937,1925,1927,1842,1551,2021,1425,1666,1883,2021,2020,2020,2017,2017,2017,2017,2132,2132,2291,2141,2981,2965,2980,3418,3418,3612,3736,3806,3734
3076,0.86945,0.86351,0.04987,0.05345,253.84,425,937,1925,1927,1842,1552,2021,1425,1666,1883,2020,2020,2020,2017,2017,2017,2017,2132,2132,2291,2141,2980,2965,2980,3418,3418,3612,3736,3806,3734
3077,0.86948,0.86204,0.04987,0.05373,253.91,425,938,1925,1927,1843,1552,2021,1425,1666,1883,2021,2020,2020,2017,2017,2017,2017,2133,2132,2291,2141,2981,2965,2980,3418,3418,3612,3736,3806,3734
3078,0.86952,0.86351,0.04986,0.05345,253.99,425,938,1925,1927,1843,1552,2021,1425,1666,1884,2021,2020,2020,2017,2017,2017,2017,2133,2132,2291,2141,2980,2965,2980,3418,3418,3612,3736,3806,3734
3079,0.86956,0.86218,0.04985,0.05371,254.08,425,939,1926,1927,1844,1553,2021,1425,1667,1884,2021,2020,2020,2018,2017,2017,2017,2133,2132,2291,2141,2981,2965,2980,3418,3418,3612,3736,3806,3734
3080,0.86959,0.86343,0.04984,0.05346,254.17,425,940,1926,1927,1844,1553,2021,1425,1667,1884,2021,2020,2020,2017,2017,2017,2017,2133,2132,2291,2141,2980,2965,2980,3418,3418,3612,3736,3806,3734
3081,0.86963,0.86242,0.04984,0.05366,254.25,425,940,1926,1927,1844,1553,2021,1425,1667,1884,2021,2020,2020,2018,2017,2017,2017,2133,2132,2291,2141,2980,2965,2980,3418,3418,3612,3736,3806,3734
3082,0.86967,0.86336,0.04983,0.05348,254.34,425,941,1926,1927,1845,1554,2021,1425,1667,1884,2021,2020,2020,2017,2017,2017,2017,2133,2132,2291,2140,2980,2965,2980,3418,3418,3612,3736,3806,3733
3083,0.8697,0.86261,0.04982,0.05362,254.42,425,941,1926,1927,1845,1554,2021,1425,1668,1885,2021,2020,2020,2018,2017,2017,2017,2133,2132,2291,2140,2980,2965,2980,3418,3418,3612,3736,3806,3733
3084,0.86972,0.86325,0.04982,0.0535,254.52,425,942,1927,1927,1845,1554,2021,1425,1668,1885,2020,2020,2020,2017,2017,2017,2017,2133,2132,2291,2140,2980,2965,2980,3418,3418,3612,3736,3806,3733
3085,0.86974,0.86283,0.04982,0.05358,254.6,425,942,1927,1927,1846,1555,2021,1425,1668,1885,2020,2020,2020,2018,2017,2017,2017,2133,2132,2291,2140,2980,2965,2980,3418,3418,3612,3736,3806,3733
3086,0.86976,0.86315,0.04981,0.05352,254.69,425,943,1927,1926,1846,1555,2021,1425,1669,1885,2021,2020,2020,2017,2017,2017,2017,2133,2132,2291,2140,2980,2965,2980,3418,3418,3612,3736,3806,3733
3087,0.86977,0.86299,0.04981,0.05355,254.78,425,943,1927,1926,1846,1555,2021,1425,1669,1885,2021,2020,2020,2017,2017,2017,2017,2133,2132,2291,2140,2980,2965,2980,3418,3418,3612,3736,3806,3733
3088,0.86978,0.86308,0.04981,0.05353,254.87,425,944,1927,1926,1847,1556,2021,1425,1669,1885,2021,2020,2020,2017,2017,2017,2017,2133,2132,2291,2140,2980,2965,2980,3418,3418,3612,3736,3806,3733
3089,0.86978,0.86312,0.04981,0.05352,254.95,425,944,1927,1926,1847,1556,2021,1425,1669,1885,2021,2020,2020,2017,2017,2017,2017,2133,2132,2291,2140,2980,2965,2980,3418,3418,3612,3736,3806,3733
3090,0.86979,0.86295,0.04981,0.05356,255.03,425,945,1927,1926,1848,1556,2021,1425,1670,1885,2021,2020,2020,2017,2017,2017,2017,2133,2132,2291,2140,2980,2965,2980,3418,3418,3612,3736,3806,3733
3091,0.86979,0.86321,0.04981,0.0535,255.12,425,945,1927,1926,1848,1557,2021,1425,1670,1886,2020,2020,2020,2017,2017,2017,2017,2133,2132,2291,2140,2980,2965,2980,3418,3418,3612,3736,3806,3733
3092,0.86979,0.8629,0.04981,0.05357,255.21,425,946,1927,1926,1848,1557,2021,1425,1670,1886,2020,2020,2020,2017,2017,2017,2017,2133,2132,2291,2140,2980,2965,2980,3418,3418,3612,3736,3806,3733
3093,0.86979,0.86334,0.04981,0.05348,255.3,425,946,1927,1926,1849,1557,2021,1425,1670,1886,2020,2020,2020,2017,2017,2017,2017,2133,2132,2291,2140,2980,2965,2980,3418,3418,3612,3736,3806,3733
3094,0.86978,0.86273,0.04981,0.0536,255.39,425,947,1927,1926,1849,1558,2021,1425,1671,1886,2021,2020,2020,2017,2017,2017,2017,2133,2132,2291,2140,2980,2965,2980,3418,3418,3612,3736,3806,3733
3095,0.86977,0.86337,0.04981,0.05347,255.49,425,947,1927,1926,1849,1558,2021,1425,1671,1886,2021,2020,2020,2017,2017,2017,2017,2133,2132,2291,2140,2980,2965,2980,3418,3418,3612,3736,3806,3733
3096,0.86976,0.86265,0.04981,0.05361,255.57,425,948,1927,1926,1850,1558,2021,1425,1671,1886,2021,2020,2020,2018,2017,2017,2017,2133,2132,2291,2140,2980,2965,2980,3418,3418,3612,3736,3806,3733
3097,0.86975,0.86353,0.04981,0.05344,255.66,425,949,1927,1926,1850,1559,2021,1425,1671,1886,2021,2020,2020,2017,2017,2017,2017,2133,2132,2291,2140,2980,2965,2980,3418,3418,3612,3736,3806,3733
3098,0.86973,0.86246,0.04982,0.05365,255.74,425,949,1927,1926,1850,1559,2021,1425,1672,1886,2021,2020,2020,2018,2017,2017,2017,2133,2132,2291,2141,2980,2965,2980,3418,3418,3612,3736,3806,3733
3099,0.8697,0.86358,0.04982,0.05343,255.81,425,950,1926,1926,1851,1559,2021,1425,1672,1886,2021,2020,2020,2017,2017,2017,2017,2133,2132,2291,2141,2980,2965,2980,3418,3418,3612,3736,3806,3733
3100,0.86966,0.86228,0.04983,0.05369,255.9,425,950,1926,1926,1851,1560,2021,1425,1672,1886,2020,2020,2020,2018,2017,2017,2017,2133,2132,2291,2141,2980,2965,2980,3418,3418,3612,3736,3806,3733
3101,0.86961,0.86374,0.04984,0.0534,255.98,425,951,1926,1926,1852,1560,2021,1425,1673,1886,2020,2020,2020,2017,2017,2017,2017,2133,2132,2291,2141,2980,2965,2980,3418,3418,3612,3736,3806,3733
3102,0.86954,0.86189,0.04985,0.05376,256.06,425,951,1926,1926,1852,1560,2021,1425,1673,1886,2021,2020,2020,2018,2017,2017,2017,2133,2132,2291,2141,2980,2965,2980,3418,3418,3612,3736,3806,3733
3103,0.86944,0.86376,0.04987,0.0534,256.16,425,952,1926,1926,1852,1561,2021,1425,1673,1886,2021,2020,2020,2017,2017,2017,2017,2132,2132,2291,2141,2980,2965,2980,3418,3418,3612,3736,3806,3733
3104,0.86935,0.86152,0.04989,0.05383,256.24,425,952,1926,1926,1853,1561,2021,1425,1673,1886,2021,2020,2021,2018,2017,2017,2017,2132,2132,2291,2141,2980,2965,2980,3418,3418,3612,3736,3806,3733
3105,0.86924,0.86388,0.04991,0.05337,256.32,425,953,1926,1926,1853,1561,2021,1425,1674,1886,2021,2020,2020,2017,2017,2017,2017,2132,2132,2291,2141,2980,2965,2980,3418,3418,3612,3736,3806,3733
3106,0.86914,0.86106,0.04993,0.05392,256.41,425,953,1926,1926,1853,1562,2021,1425,1674,1886,2021,2020,2021,2017,2017,2017,2017,2132,2132,2291,2141,2980,2965,2980,3418,3418,3612,3736,3806,3733
3107,0.86907,0.8638,0.04994,0.05339,256.49,425,954,1926,1926,1854,1562,2021,1425,1674,1886,2020,2020,2020,2017,2017,2017,2017,2132,2132,2291,2141,2980,2965,2980,3418,3418,3612,3736,3806,3733
3108,0.86907,0.86099,0.04994,0.05394,256.58,425,954,1926,1926,1854,1562,2021,1425,1675,1886,2020,2020,2020,2017,2017,2017,2017,2133,2132,2291,2141,2980,2965,2980,3418,3418,3612,3736,3806,3733
3109,0.86914,0.8639,0.04993,0.05337,256.67,425,955,1926,1926,1854,1563,2021,1425,1675,1886,2020,2020,2020,2017,2017,2017,2017,2132,2132,2291,2141,2980,2965,2980,3418,3418,3612,3736,3806,3733
3110,0.86928,0.86129,0.0499,0.05388,256.75,425,956,1926,1926,1855,1563,2021,1425,1675,1886,2021,2020,2020,2017,2017,2017,2017,2132,2132,2291,2141,2980,2965,2980,3418,3418,3612,3736,3806,3733
3111,0.86947,0.86378,0.04987,0.05339,256.84,425,956,1926,1926,1855,1564,2021,1425,1675,1886,2021,2020,2020,2017,2017,2017,2017,2132,2132,2291,2141,2980,2965,2980,3418,3418,3612,3736,3806,3733
3112,0.86967,0.86218,0.04983,0.05371,256.92,425,957,1926,1926,1855,1564,2021,1425,1676,1886,2021,2020,2020,2017,2017,2017,2017,2132,2132,2291,2141,2980,2965,2980,3418,3418,3612,3736,3806,3733
3113,0.86984,0.86365,0.0498,0.05342,257.01,425,957,1926,1926,1856,1564,2021,1425,1676,1886,2020,2020,2020,2017,2017,2017,2017,2132,2132,2291,2141,2980,2965,2980,3418,3418,3612,3736,3806,3733
3114,0.86993,0.86299,0.04978,0.05355,257.1,425,958,1926,1926,1856,1564,2021,1425,1676,1886,2021,2020,2020,2017,2017,2017,2017,2133,2132,2291,2141,2980,2965,2980,3418,3418,3612,3736,3806,3733
3115,0.86994,0.86307,0.04978,0.05353,257.2,425,958,1926,1926,1857,1565,2021,1425,1676,1886,2021,2020,2020,2017,2017,2017,2017,2133,2132,2291,2140,2980,2965,2980,3418,3418,3612,3736,3806,3733
3116,0.8699,0.86356,0.04978,0.05344,257.29,425,959,1926,1926,1857,1565,2021,1425,1677,1886,2020,2020,2020,2018,2017,2017,2017,2133,2132,2291,2140,2980,2965,2980,3418,3418,3612,3736,3806,3733
3117,0.86982,0.86255,0.0498,0.05363,257.38,425,959,1926,1926,1857,1565,2021,1425,1677,1886,2020,2020,2020,2018,2017,2017,2018,2133,2132,2291,2140,2980,2965,2980,3418,3418,3612,3736,3806,3733
3118,0.86974,0.86379,0.04982,0.05339,257.46,425,960,1926,1926,1858,1566,2021,1425,1677,1886,2020,2020,2020,2018,2017,2017,2017,2133,2132,2291,2140,2980,2965,2980,3418,3418,3612,3736,3806,3733
3119,0.86967,0.86205,0.04983,0.05373,257.54,425,960,1926,1926,1858,1566,2021,1425,1678,1886,2021,2020,2020,2018,2018,2017,2018,2133,2132,2291,2140,2980,2965,2980,3418,3418,3612,3736,3806,3733
3120,0.86964,0.86384,0.04984,0.05338,257.63,425,961,1926,1926,1858,1567,2021,1425,1678,1886,2020,2020,2020,2017,2017,2017,2017,2133,2132,2291,2140,2980,2965,2980,3418,3418,3612,3736,3806,3733
3121,0.86966,0.86208,0.04983,0.05373,257.73,425,961,1926,1926,1859,1567,2021,1425,1678,1886,2021,2020,2020,2018,2017,2017,2017,2133,2132,2291,2141,2980,2965,2980,3418,3418,3612,3736,3806,3733
3122,0.86971,0.86385,0.04982,0.05338,257.81,425,962,1926,1926,1859,1567,2021,1425,1678,1886,2021,2020,2020,2017,2017,2017,2017,2133,2132,2291,2141,2980,2965,2980,3418,3418,3612,3736,3806,3733
3123,0.8698,0.86234,0.0498,0.05367,257.91,425,963,1926,1926,1859,1568,2021,1425,1679,1886,2021,2020,2021,2017,2017,2017,2017,2133,2132,2291,2141,2980,2965,2980,3418,3418,3612,3736,3806,3733
3124,0.86988,0.86367,0.04979,0.05341,258.0,425,963,1926,1926,1860,1568,2021,1425,1679,1886,2021,2020,2020,2017,2017,2017,2017,2132,2132,2291,2141,2980,2965,2980,3418,3418,3612,3736,3806,3733
3125,0.86996,0.86293,0.04977,0.05356,258.08,425,964,1926,1926,1860,1568,2021,1425,1679,1886,2020,2020,2020,2017,2017,2017,2017,2132,2132,2291,2141,2980,2965,2980,3418,3418,3612,3736,3806,3733
3126,0.87,0.86344,0.04977,0.05346,258.16,425,964,1926,1926,1860,1569,2021,1425,1679,1886,2020,2020,2020,2017,2017,2017,2017,2132,2132,2291,2141,2980,2965,2980,3418,3418,3612,3736,3806,3732
3127,0.87001,0.86332,0.04976,0.05348,258.25,425,965,1926,1926,1861,1569,2021,1425,1680,1886,2020,2020,2020,2017,2017,2017,2017,2132,2132,2291,2141,2980,2965,2980,3418,3418,3612,3736,3806,3732
3128,0.87,0.86303,0.04977,0.05354,258.34,425,965,1926,1926,1861,1569,2021,1425,1680,1886,2020,2020,2020,2017,2017,2017,2017,2132,2132,2291,2140,2980,2965,2980,3418,3418,3612,3736,3806,3732
3129,0.86997,0.86362,0.04977,0.05342,258.42,425,966,1926,1926,1861,1570,2021,1425,1680,1886,2020,2020,2020,2017,2017,2017,2017,2133,2132,2291,2140,2980,2965,2980,3418,3418,3612,3736,3806,3732
3130,0.86995,0.86278,0.04978,0.05359,258.5,425,966,1926,1926,1862,1570,2021,1425,1680,1886,2020,2020,2020,2018,2017,2017,2017,2133,2133,2291,2140,2980,2965,2980,3418,3418,3612,3736,3806,3732
3131,0.86992,0.86373,0.04978,0.0534,258.59,425,967,1926,1926,1862,1570,2020,1425,1681,1886,2020,2020,2020,2017,2017,2017,2017,2133,2132,2291,2140,2980,2965,2980,3418,3418,3612,3736,3806,3732
3132,0.86991,0.8626,0.04978,0.05363,258.66,425,967,1926,1926,1863,1571,2021,1425,1681,1886,2021,2020,2020,2018,2017,2017,2018,2133,2133,2291,2140,2980,2965,2980,3418,3418,3612,3736,3806,3732
3133,0.86992,0.86373,0.04978,0.0534,258.73,425,968,1926,1926,1863,1571,2021,1425,1681,1886,2021,2020,2020,2018,2017,2017,2017,2133,2132,2291,2140,2980,2965,2980,3418,3418,3612,3736,3806,3732
3134,0.86994,0.8627,0.04978,0.0536,258.81,425,968,1926,1926,1863,1571,2021,1425,1681,1886,2021,2020,2020,2018,2017,2017,2017,2133,2132,2291,2140,2980,2965,2980,3418,3418,3612,3736,3806,3732
3135,0.86996,0.86375,0.04977,0.0534,258.89,425,969,1926,1926,1864,1571,2021,1425,1682,1886,2020,2020,2020,2017,2017,2017,2017,2133,2132,2291,2140,2980,2965,2980,3418,3418,3612,3736,3806,3732
3136,0.86999,0.86282,0.04977,0.05358,258.97,425,970,1926,1926,1864,1572,2021,1425,1682,1886,2021,2020,2020,2018,2017,2017,2017,2133,2132,2291,2140,2980,2965,2980,3418,3418,3612,3736,3806,3732
3137,0.87002,0.86359,0.04976,0.05343,259.07,425,970,1926,1926,1864,1572,2021,1425,1682,1886,2020,2020,2020,2017,2017,2017,2017,2133,2132,2291,2141,2980,2965,2980,3418,3418,3612,3736,3806,3732
3138,0.87005,0.86308,0.04976,0.05353,259.15,425,971,1926,1926,1865,1572,2021,1425,1682,1886,2020,2020,2020,2017,2017,2017,2017,2133,2132,2291,2141,2980,2965,2980,3418,3418,3612,3736,3806,3732
3139,0.87006,0.86354,0.04975,0.05344,259.23,425,971,1926,1926,1865,1573,2021,1425,1683,1886,2020,2020,2020,2017,2017,2017,2017,2133,2132,2291,2141,2980,2965,2980,3418,3418,3612,3736,3806,3732
3140,0.87008,0.86326,0.04975,0.05349,259.33,425,972,1926,1926,1865,1573,2021,1425,1683,1886,2021,2020,2020,2017,2017,2017,2017,2133,2132,2291,2141,2980,2965,2980,3418,3418,3612,3736,3806,3732
3141,0.87009,0.86333,0.04975,0.05348,259.41,425,972,1926,1926,1866,1573,2021,1425,1683,1886,2021,2020,2020,2017,2017,2017,2017,2133,2132,2291,2141,2980,2965,2980,3418,3418,3612,3736,3806,3732
3142,0.87009,0.86344,0.04975,0.05346,259.5,425,973,1926,1926,1866,1574,2021,1425,1683,1886,2021,2020,2020,2017,2017,2017,2017,2133,2132,2291,2141,2980,2965,2980,3418,3418,3612,3736,3806,3732
3143,0.87009,0.86327,0.04975,0.05349,259.58,425,973,1926,1926,1866,1574,2021,1425,1684,1886,2021,2020,2020,2017,2017,2017,2017,2133,2132,2291,2141,2980,2965,2980,3418,3418,3612,3736,3806,3732
3144,0.87009,0.86352,0.04975,0.05344,259.66,425,974,1926,1926,1867,1574,2021,1425,1684,1886,2020,2020,2020,2017,2017,2017,2017,2133,2133,2291,2140,2980,2965,2980,3418,3418,3612,3736,3806,3732
3145,0.8701,0.86315,0.04975,0.05352,259.76,425,974,1926,1926,1867,1575,2021,1425,1684,1886,2020,2020,2020,2018,2017,2017,2017,2133,2133,2291,2140,2980,2965,2980,3418,3418,3612,3736,3806,3732
3146,0.8701,0.86362,0.04975,0.05342,259.84,425,975,1926,1926,1867,1575,2021,1425,1684,1886,2020,2020,2020,2017,2017,2017,2017,2133,2133,2291,2140,2980,2965,2980,3418,3418,3612,3736,3806,3732
3147,0.8701,0.86312,0.04975,0.05352,259.94,425,975,1926,1926,1868,1575,2020,1425,1685,1886,2020,2020,2020,2018,2017,2017,2017,2133,2133,2291,2140,2980,2965,2980,3418,3418,3612,3736,3806,3732
3148,0.8701,0.86364,0.04975,0.05342,260.02,425,976,1926,1926,1868,1576,2020,1425,1685,1886,2020,2020,2020,2017,2017,2017,2017,2133,2133,2291,2140,2980,2965,2980,3418,3418,3612,3736,3806,3732
3149,0.8701,0.863,0.04975,0.05355,260.11,425,977,1926,1926,1868,1576,2020,1425,1685,1886,2021,2020,2021,2017,2017,2017,2017,2133,2133,2291,2140,2980,2965,2980,3418,3418,3612,3736,3806,3732
3150,0.87009,0.86373,0.04975,0.0534,260.19,425,977,1926,1926,1869,1577,2020,1425,1685,1886,2021,2020,2020,2017,2017,2017,2017,2133,2132,2291,2140,2980,2965,2980,3418,3418,3612,3736,3806,3732
3151,0.87009,0.86296,0.04975,0.05355,260.29,425,978,1926,1926,1869,1577,2020,1425,1685,1886,2021,2020,2020,2017,2017,2017,2017,2133,2132,2291,2140,2980,2965,2980,3418,3418,3612,3736,3806,3732
3152,0.87008,0.86378,0.04975,0.05339,260.38,425,978,1926,1926,1870,1577,2020,1425,1686,1886,2020,2020,2020,2017,2017,2017,2017,2133,2132,2291,2140,2980,2965,2980,3418,3418,3612,3736,3806,3732
3153,0.87007,0.86283,0.04975,0.05358,260.47,425,979,1926,1926,1870,1578,2020,1425,1686,1886,2020,2020,2020,2017,2017,2017,2017,2133,2132,2291,2141,2980,2965,2980,3418,3418,3612,3736,3806,3732
3154,0.87007,0.86381,0.04975,0.05339,260.55,425,979,1926,1926,1870,1578,2021,1425,1686,1886,2020,2020,2020,2017,2017,2017,2017,2133,2132,2291,2141,2980,2965,2980,3418,3418,3612,3736,3806,3732
3155,0.87008,0.86285,0.04975,0.05358,260.63,425,980,1926,1926,1871,1578,2021,1425,1686,1886,2020,2020,2020,2017,2017,2017,2017,2133,2132,2291,2141,2980,2965,2980,3418,3418,3612,3736,3806,3732
3156,0.87007,0.86389,0.04975,0.05337,260.72,425,980,1926,1926,1871,1579,2021,1425,1687,1886,2020,2020,2020,2017,2017,2017,2017,2133,2132,2291,2141,2980,2965,2979,3418,3418,3612,3736,3806,3732
3157,0.87008,0.8628,0.04975,0.05358,260.81,425,981,1926,1926,1871,1579,2021,1425,1687,1886,2021,2020,2021,2018,2017,2017,2017,2133,2132,2291,2141,2980,2965,2979,3418,3418,3612,3736,3806,3732
3158,0.87009,0.86386,0.04975,0.05338,260.89,425,981,1926,1926,1872,1579,2021,1425,1687,1886,2021,2020,2020,2017,2017,2017,2017,2133,2132,2291,2141,2980,2965,2979,3418,3418,3612,3736,3806,3732
3159,0.87009,0.86283,0.04975,0.05358,260.98,425,982,1926,1926,1872,1580,2021,1425,1688,1886,2021,2020,2020,2018,2017,2017,2017,2133,2132,2291,2141,2980,2965,2979,3418,3418,3612,3736,3806,3732
3160,0.8701,0.8639,0.04975,0.05337,261.06,425,983,1926,1926,1872,1580,2021,1425,1688,1886,2020,2020,2020,2017,2017,2017,2017,2133,2132,2291,2140,2980,2965,2979,3418,3418,3612,3736,3806,3732
3161,0.87011,0.86283,0.04974,0.05358,261.15,425,983,1926,1926,1873,1580,2021,1425,1688,1886,2021,2020,2020,2018,2017,2017,2017,2133,2132,2291,2140,2980,2965,2979,3418,3418,3612,3736,3806,3732
3162,0.87012,0.86384,0.04974,0.05338,261.24,425,984,1926,1926,1873,1581,2021,1425,1688,1886,2020,2020,2020,2017,2017,2017,2017,2133,2132,2291,2140,2980,2965,2979,3418,3418,3612,3736,3806,3732
3163,0.87013,0.86285,0.04974,0.05357,261.33,425,984,1926,1926,1873,1581,2021,1425,1689,1886,2021,2020,2020,2018,2017,2017,2017,2133,2132,2291,2141,2980,2965,2979,3418,3418,3612,3736,3806,3732
3164,0.87013,0.86389,0.04974,0.05337,261.41,425,985,1926,1926,1874,1581,2021,1425,1689,1886,2020,2020,2020,2017,2017,2017,2017,2133,2132,2291,2140,2980,2965,2979,3418,3418,3612,3736,3806,3732
3165,0.87013,0.86278,0.04974,0.05359,261.49,425,985,1926,1926,1874,1582,2021,1425,1689,1886,2021,2020,2020,2017,2017,2017,2017,2133,2132,2291,2141,2980,2965,2979,3418,3418,3612,3736,3806,3732
3166,0.87012,0.86389,0.04974,0.05337,261.59,425,986,1926,1926,1874,1582,2020,1425,1689,1886,2020,2020,2020,2017,2017,2017,2017,2133,2132,2291,2141,2980,2965,2979,3418,3418,3612,3736,3806,3732
3167,0.87011,0.86273,0.04974,0.0536,261.68,425,986,1926,1926,1875,1582,2020,1425,1690,1886,2021,2020,2020,2017,2017,2017,2017,2133,2132,2291,2141,2981,2965,2979,3418,3418,3612,3736,3806,3732
3168,0.87009,0.86399,0.04975,0.05335,261.76,425,987,1926,1926,1875,1583,2020,1425,1690,1886,2020,2020,2020,2017,2017,2017,2017,2133,2132,2291,2141,2980,2965,2979,3418,3418,3612,3736,3806,3732
3169,0.87006,0.86254,0.04975,0.05364,261.85,425,987,1926,1926,1875,1583,2021,1425,1690,1886,2021,2020,2021,2017,2017,2017,2017,2133,2132,2291,2141,2981,2965,2979,3418,3418,3612,3736,3806,3732
3170,0.87004,0.86398,0.04976,0.05335,261.92,425,988,1926,1926,1876,1583,2021,1425,1690,1886,2021,2020,2020,2017,2017,2017,2017,2133,2132,2291,2141,2981,2965,2979,3418,3418,3612,3736,3806,3732
3171,0.87001,0.86243,0.04976,0.05366,262.01,425,989,1926,1926,1876,1584,2021,1425,1691,1886,2021,2020,2020,2018,2017,2017,2017,2133,2132,2291,2141,2981,2965,2979,3418,3418,3612,3736,3806,3732
3172,0.86997,0.86413,0.04977,0.05333,262.1,425,989,1926,1926,1876,1584,2021,1425,1691,1886,2020,2020,2020,2017,2017,2017,2017,2133,2132,2291,2140,2981,2965,2979,3418,3418,3612,3736,3806,3732
3173,0.86993,0.86219,0.04978,0.0537,262.17,425,990,1926,1926,1877,1584,2021,1425,1691,1886,2021,2020,2020,2018,2017,2017,2017,2133,2132,2291,2141,2981,2965,2979,3418,3418,3612,3736,3806,3732
3174,0.8699,0.86408,0.04979,0.05333,262.25,425,990,1926,1926,1877,1585,2021,1425,1691,1886,2020,2020,2020,2017,2017,2017,2017,2132,2132,2291,2141,2981,2965,2979,3418,3418,3612,3736,3806,3732
3175,0.86987,0.8621,0.04979,0.05372,262.33,425,991,1926,1926,1878,1585,2021,1425,1692,1886,2021,2020,2020,2018,2017,2017,2017,2132,2132,2291,2141,2981,2965,2979,3418,3418,3612,3736,3806,3732
3176,0.86986,0.86418,0.04979,0.05331,262.41,425,991,1926,1926,1878,1585,2021,1425,1692,1886,2020,2020,2020,2017,2017,2017,2017,2132,2132,2291,2141,2981,2965,2979,3418,3418,3612,3736,3806,3732
3177,0.86987,0.862,0.04979,0.05374,262.49,425,992,1926,1926,1878,1586,2021,1425,1692,1886,2021,2020,2021,2018,2017,2017,2017,2132,2132,2291,2141,2981,2965,2979,3418,3418,3612,3736,3806,3732
3178,0.86989,0.8641,0.04979,0.05333,262.57,425,992,1926,1926,1879,1586,2021,1425,1692,1886,2021,2020,2020,2017,2017,2017,2017,2132,2132,2291,2140,2981,2965,2979,3418,3418,3612,3736,3806,3732
3179,0.86994,0.8622,0.04978,0.0537,262.65,425,993,1926,1926,1879,1586,2021,1425,1693,1886,2021,2020,2020,2017,2017,2017,2017,2133,2132,2291,2141,2981,2965,2979,3418,3418,3612,3736,3806,3732
3180,0.86999,0.86416,0.04977,0.05332,262.74,425,993,1926,1926,1879,1587,2021,1425,1693,1886,2020,2020,2020,2017,2017,2017,2017,2133,2132,2291,2141,2981,2965,2979,3418,3418,3612,3736,3806,3732
3181,0.87005,0.86236,0.04976,0.05367,262.82,425,994,1926,1926,1880,1587,2021,1425,1693,1886,2021,2020,2021,2017,2017,2017,2017,2133,2132,2291,2141,2981,2965,2979,3418,3418,3612,3736,3806,3732
3182,0.87012,0.86399,0.04974,0.05335,262.91,425,995,1926,1926,1880,1587,2021,1425,1693,1886,2021,2020,2020,2017,2017,2017,2017,2133,2132,2291,2141,2981,2965,2979,3418,3418,3612,3736,3806,3732
3183,0.87019,0.86278,0.04973,0.05359,263.0,425,995,1926,1926,1880,1588,2020,1425,1694,1886,2020,2020,2020,2017,2017,2017,2017,2133,2132,2291,2141,2981,2965,2979,3418,3418,3612,3736,3806,3732
3184,0.87024,0.864,0.04972,0.05335,263.08,425,996,1926,1926,1881,1588,2020,1425,1694,1886,2020,2020,2020,2017,2017,2017,2017,2133,2132,2291,2141,2981,2965,2978,3418,3418,3612,3736,3806,3732
3185,0.87029,0.86305,0.04971,0.05354,263.16,425,996,1926,1926,1881,1588,2020,1425,1694,1886,2021,2020,2020,2017,2017,2017,2017,2133,2132,2291,2141,2981,2965,2979,3418,3418,3612,3736,3806,3732
3186,0.87032,0.86374,0.0497,0.0534,263.24,425,997,1926,1926,1881,1589,2020,1425,1695,1886,2021,2020,2020,2017,2017,2017,2017,2133,2132,2291,2140,2981,2965,2978,3418,3418,3612,3736,3806,3732
3187,0.87035,0.86338,0.0497,0.05347,263.33,425,997,1926,1926,1882,1589,2020,1425,1695,1886,2020,2020,2020,2017,2017,2017,2017,2133,2132,2291,2140,2981,2965,2978,3418,3418,3612,3736,3806,3732
3188,0.87036,0.86373,0.0497,0.0534,263.41,425,998,1926,1926,1882,1590,2020,1425,1695,1886,2020,2020,2020,2017,2017,2017,2017,2133,2132,2291,2140,2981,2965,2978,3418,3418,3612,3736,3806,3732
3189,0.87037,0.86348,0.0497,0.05345,263.5,425,998,1926,1926,1882,1590,2021,1425,1695,1886,2021,2020,2020,2018,2017,2017,2017,2133,2132,2291,2140,2981,2965,2978,3418,3418,3612,3736,3806,3732
3190,0.87038,0.86354,0.04969,0.05344,263.58,425,999,1926,1926,1883,1590,2021,1425,1696,1886,2021,2020,2021,2018,2017,2017,2017,2133,2132,2291,2140,2981,2965,2978,3418,3418,3612,3736,3806,3732
3191,0.87038,0.86368,0.04969,0.05341,263.67,425,1000,1926,1926,1883,1591,2021,1425,1696,1886,2021,2020,2020,2018,2017,2017,2017,2133,2133,2291,2140,2981,2965,2978,3418,3418,3612,3736,3806,3732
3192,0.87038,0.8635,0.04969,0.05345,263.76,425,1000,1926,1926,1883,1591,2021,1425,1696,1886,2020,2020,2020,2018,2017,2017,2017,2133,2133,2291,2140,2981,2965,2978,3418,3418,3612,3736,3806,3732
3193,0.87038,0.86367,0.04969,0.05341,263.84,425,1001,1926,1926,1884,1591,2021,1425,1696,1886,2020,2020,2020,2017,2017,2017,2017,2133,2133,2291,2140,2981,2965,2978,3418,3418,3612,3736,3806,3732
3194,0.87038,0.86338,0.04969,0.05347,263.93,425,1001,1926,1926,1884,1592,2021,1425,1697,1886,2020,2020,2020,2017,2017,2017,2017,2133,2133,2291,2140,2981,2965,2978,3418,3418,3612,3736,3806,3732
3195,0.87038,0.86388,0.04969,0.05337,264.01,425,1002,1926,1926,1884,1592,2021,1425,1697,1886,2020,2020,2020,2017,2017,2017,2017,2133,2132,2291,2140,2981,2965,2978,3418,3418,3612,3736,3806,3732
3196,0.87037,0.86326,0.04969,0.0535,264.1,425,1002,1926,1926,1885,1592,2021,1425,1697,1886,2021,2020,2020,2017,2017,2017,2017,2133,2133,2291,2140,2981,2965,2978,3418,3418,3612,3736,3806,3732
3197,0.87036,0.86386,0.0497,0.05338,264.19,425,1003,1926,1926,1885,1593,2021,1425,1697,1886,2021,2020,2020,2017,2017,2017,2017,2133,2132,2291,2140,2981,2965,2978,3418,3418,3612,3736,3806,3732
3198,0.87034,0.86305,0.0497,0.05354,264.28,425,1003,1926,1926,1885,1593,2021,1425,1698,1886,2021,2020,2020,2017,2017,2017,2017,2133,2132,2291,2141,2981,2965,2978,3418,3418,3612,3736,3806,3732
3199,0.87031,0.86408,0.04971,0.05334,264.35,425,1004,1926,1926,1886,1593,2020,1425,1698,1886,2020,2020,2020,2017,2017,2017,2017,2133,2132,2291,2141,2980,2965,2978,3418,3418,3612,3736,3806,3732
3200,0.87029,0.86289,0.04971,0.05357,264.43,425,1004,1926,1926,1886,1594,2021,1425,1698,1886,2020,2020,2020,2017,2017,2017,2017,2133,2132,2291,2141,2981,2965,2978,3418,3418,3612,3736,3806,3732
3201,0.87025,0.8641,0.04972,0.05333,264.51,425,1005,1926,1926,1886,1594,2020,1425,1698,1886,2020,2020,2020,2017,2017,2017,2017,2133,2132,2291,2141,2980,2965,2978,3418,3418,3612,3736,3806,3732
3202,0.8702,0.86262,0.04973,0.05362,264.59,425,1006,1926,1926,1887,1594,2021,1425,1699,1886,2021,2020,2021,2018,2017,2017,2017,2133,2132,2291,2141,2981,2965,2978,3418,3418,3612,3736,3806,3732
3203,0.87015,0.86426,0.04974,0.0533,264.68,425,1006,1926,1926,1887,1595,2021,1425,1699,1886,2020,2020,2020,2017,2017,2017,2017,2133,2132,2291,2141,2980,2965,2978,3418,3418,3612,3736,3806,3732
3204,0.8701,0.86235,0.04975,0.05367,264.76,426,1007,1926,1926,1888,1595,2021,1425,1699,1886,2021,2020,2021,2018,2017,2017,2017,2133,2132,2291,2141,2981,2965,2978,3418,3418,3612,3736,3806,3732
3205,0.87004,0.86425,0.04976,0.0533,264.84,425,1007,1926,1926,1888,1596,2021,1425,1699,1886,2020,2020,2020,2017,2017,2017,2017,2133,2132,2291,2141,2980,2965,2978,3418,3418,3612,3736,3806,3732
3206,0.86998,0.86207,0.04977,0.05373,264.94,426,1008,1926,1926,1888,1596,2021,1425,1700,1886,2021,2020,2020,2018,2017,2017,2017,2133,2132,2291,2141,2981,2965,2978,3418,3418,3612,3736,3806,3732
3207,0.86993,0.86432,0.04978,0.05329,265.03,425,1008,1926,1926,1889,1596,2021,1425,1700,1886,2020,2020,2020,2017,2017,2017,2017,2133,2132,2291,2141,2980,2965,2978,3418,3418,3612,3736,3806,3732
3208,0.8699,0.86191,0.04978,0.05376,265.12,426,1009,1926,1926,1889,1597,2021,1425,1700,1886,2021,2020,2020,2017,2017,2017,2017,2133,2132,2291,2141,2981,2965,2978,3418,3418,3612,3736,3806,3732
3209,0.86992,0.86429,0.04978,0.05329,265.21,425,1009,1926,1926,1889,1597,2021,1425,1700,1887,2020,2020,2020,2017,2017,2017,2017,2132,2132,2291,2141,2980,2965,2978,3418,3418,3612,3736,3806,3732
3210,0.86996,0.86201,0.04977,0.05374,265.29,426,1010,1926,1926,1890,1597,2021,1425,1701,1887,2021,2020,2020,2017,2017,2017,2017,2132,2132,2291,2141,2981,2965,2978,3418,3418,3612,3736,3806,3732
3211,0.87005,0.86429,0.04976,0.05329,265.37,425,1010,1926,1926,1890,1598,2020,1425,1701,1887,2020,2020,2020,2017,2017,2017,2017,2132,2132,2291,2141,2980,2965,2978,3418,3418,3612,3736,3806,3732
3212,0.87017,0.86245,0.04973,0.05365,265.46,426,1011,1926,1926,1890,1598,2021,1425,1701,1887,2020,2020,2020,2017,2017,2017,2017,2132,2132,2291,2141,2980,2965,2978,3418,3418,3612,3736,3806,3732
3213,0.87029,0.86418,0.04971,0.05331,265.55,425,1012,1926,1926,1891,1598,2020,1425,1701,1887,2020,2020,2020,2017,2017,2017,2017,2132,2132,2291,2141,2980,2965,2978,3418,3418,3612,3736,3806,3732
3214,0.87039,0.86305,0.04969,0.05354,265.63,426,1012,1926,1926,1891,1599,2020,1425,1702,1887,2021,2020,2020,2017,2017,2017,2017,2132,2132,2291,2141,2980,2965,2978,3418,3418,3612,3736,3806,3732
3215,0.87046,0.86396,0.04968,0.05336,265.72,426,1013,1926,1926,1891,1599,2020,1425,1702,1887,2021,2020,2020,2017,2017,2017,2017,2133,2132,2291,2141,2980,2965,2978,3418,3418,3612,3736,3806,3732
3216,0.8705,0.86352,0.04967,0.05344,265.8,426,1013,1926,1926,1892,1599,2021,1425,1702,1887,2021,2020,2020,2017,2017,2017,2017,2133,2132,2291,2141,2980,2965,2978,3418,3418,3612,3736,3806,3732
3217,0.87051,0.86364,0.04967,0.05342,265.89,426,1014,1926,1926,1892,1600,2021,1425,1702,1887,2021,2020,2020,2018,2017,2017,2017,2133,2133,2291,2140,2980,2965,2978,3418,3418,3612,3736,3806,3732
3218,0.8705,0.86389,0.04967,0.05337,265.99,426,1014,1926,1926,1892,1600,2021,1425,1703,1887,2020,2020,2020,2018,2017,2017,2017,2133,2133,2291,2140,2980,2965,2978,3418,3418,3612,3736,3806,3732
3219,0.87048,0.86333,0.04967,0.05348,266.08,426,1015,1926,1926,1893,1600,2021,1425,1703,1887,2020,2020,2020,2018,2017,2017,2018,2133,2133,2291,2140,2980,2965,2978,3418,3418,3612,3736,3806,3732
3220,0.87045,0.86409,0.04968,0.05333,266.17,426,1015,1926,1926,1893,1601,2021,1425,1703,1887,2020,2020,2020,2018,2017,2017,2017,2133,2132,2291,2140,2980,2965,2978,3418,3418,3612,3736,3806,3732
3221,0.87042,0.86308,0.04969,0.05353,266.25,426,1016,1926,1926,1893,1601,2021,1425,1703,1887,2020,2020,2020,2018,2017,2017,2017,2134,2133,2291,2140,2980,2965,2978,3418,3418,3612,3736,3806,3732
3222,0.87038,0.86423,0.04969,0.0533,266.33,426,1017,1926,1926,1894,1602,2021,1425,1704,1888,2020,2020,2020,2017,2017,2017,2017,2134,2132,2291,2140,2980,2965,2978,3418,3418,3612,3736,3806,3732
3223,0.87034,0.8628,0.0497,0.05359,266.42,426,1017,1926,1926,1894,1602,2021,1425,1704,1888,2021,2020,2021,2018,2017,2017,2017,2134,2132,2291,2141,2980,2965,2978,3418,3418,3612,3736,3806,3732
3224,0.87031,0.86426,0.04971,0.0533,266.5,426,1018,1926,1926,1894,1602,2021,1425,1704,1888,2021,2020,2020,2017,2017,2017,2017,2134,2132,2291,2141,2980,2965,2978,3418,3418,3612,3736,3806,3732
3225,0.87029,0.86267,0.04971,0.05361,266.58,426,1018,1926,1926,1895,1603,2021,1425,1704,1888,2021,2020,2021,2017,2017,2017,2017,2134,2132,2291,2141,2980,2965,2978,3418,3418,3612,3736,3806,3732
3226,0.8703,0.86431,0.04971,0.05329,266.66,426,1019,1926,1926,1895,1603,2021,1425,1705,1888,2020,2020,2020,2017,2017,2017,2017,2134,2132,2291,2141,2980,2965,2978,3418,3418,3612,3736,3806,3732
3227,0.87032,0.8627,0.0497,0.05361,266.74,426,1019,1926,1926,1895,1603,2021,1425,1705,1888,2021,2020,2020,2017,2017,2017,2017,2134,2132,2291,2141,2980,2965,2978,3418,3418,3612,3736,3806,3732
3228,0.87035,0.86424,0.0497,0.0533,266.82,426,1020,1926,1926,1896,1604,2021,1425,1705,1889,2020,2020,2020,2017,2017,2017,2017,2134,2132,2291,2141,2980,2965,2978,3418,3418,3612,3736,3806,3732
3229,0.8704,0.86291,0.04969,0.05356,266.89,426,1020,1926,1926,1896,1604,2021,1425,1705,1889,2020,2020,2020,2017,2017,2017,2017,2134,2132,2291,2141,2980,2965,2978,3418,3418,3612,3736,3806,3732
3230,0.87045,0.86421,0.04968,0.05331,266.98,426,1021,1926,1926,1896,1604,2020,1425,1706,1889,2020,2020,2020,2017,2017,2017,2017,2134,2132,2291,2140,2980,2965,2978,3418,3418,3612,3736,3806,3732
3231,0.87049,0.86316,0.04967,0.05351,267.06,426,1022,1926,1926,1897,1605,2021,1425,1706,1889,2020,2020,2020,2017,2017,2017,2017,2134,2133,2291,2140,2980,2965,2978,3418,3418,3612,3736,3806,3732
3232,0.87053,0.86404,0.04966,0.05334,267.13,426,1022,1926,1926,1897,1605,2020,1425,1706,1889,2021,2020,2020,2017,2017,2017,2017,2134,2132,2291,2140,2980,2965,2978,3418,3418,3612,3736,3806,3732
3233,0.87057,0.86347,0.04966,0.05345,267.21,426,1023,1926,1926,1897,1605,2020,1425,1706,1889,2021,2020,2020,2018,2017,2017,2017,2134,2132,2291,2141,2980,2965,2978,3418,3418,3612,3736,3806,3732
3234,0.87059,0.86394,0.04965,0.05336,267.3,426,1023,1926,1926,1898,1606,2020,1425,1707,1889,2021,2020,2020,2017,2017,2017,2017,2134,2132,2291,2141,2980,2965,2978,3418,3418,3612,3736,3806,3732
3235,0.8706,0.86371,0.04965,0.05341,267.37,426,1024,1926,1926,1898,1606,2020,1425,1707,1889,2021,2020,2020,2018,2017,2017,2017,2134,2132,2291,2141,2980,2965,2978,3418,3418,3612,3736,3806,3732
3236,0.87061,0.86369,0.04965,0.05341,267.46,426,1024,1926,1926,1899,1606,2020,1425,1707,1890,2021,2020,2020,2018,2017,2017,2017,2134,2132,2291,2140,2980,2965,2978,3418,3418,3612,3736,3806,3732
3237,0.87061,0.86391,0.04965,0.05337,267.52,426,1025,1926,1926,1899,1607,2020,1425,1707,1890,2020,2020,2020,2017,2017,2017,2017,2134,2132,2291,2140,2980,2965,2978,3418,3418,3612,3736,3806,3732
3238,0.8706,0.86357,0.04965,0.05343,267.61,426,1025,1926,1926,1899,1607,2020,1425,1708,1890,2020,2020,2020,2018,2017,2017,2017,2133,2132,2291,2140,2980,2965,2978,3418,3418,3612,3736,3806,3732
3239,0.87059,0.86404,0.04965,0.05334,267.68,426,1026,1926,1926,1900,1608,2020,1425,1708,1890,2020,2020,2020,2017,2017,2017,2017,2133,2132,2291,2140,2980,2965,2978,3418,3418,3612,3736,3806,3732
3240,0.87058,0.86335,0.04965,0.05348,267.76,426,1027,1926,1926,1900,1608,2021,1425,1708,1890,2021,2020,2020,2017,2017,2017,2017,2133,2132,2291,2140,2980,2965,2978,3418,3418,3612,3736,3806,3732
3241,0.87056,0.86416,0.04966,0.05332,267.83,426,1027,1926,1926,1900,1608,2021,1425,1709,1890,2021,2020,2020,2017,2017,2017,2017,2133,2132,2291,2140,2980,2965,2978,3418,3418,3612,3736,3806,3732
3242,0.87055,0.86326,0.04966,0.0535,267.91,426,1028,1926,1926,1901,1609,2021,1425,1709,1890,2021,2020,2020,2017,2017,2017,2017,2133,2132,2291,2140,2980,2965,2978,3418,3418,3612,3736,3806,3732
3243,0.87053,0.86424,0.04966,0.0533,267.99,426,1028,1926,1926,1901,1609,2021,1425,1709,1890,2021,2020,2020,2017,2017,2017,2017,2133,2132,2291,2140,2980,2965,2978,3418,3418,3612,3736,3806,3732
3244,0.87051,0.86305,0.04967,0.05354,268.06,426,1029,1926,1926,1901,1609,2021,1425,1709,1890,2021,2020,2020,2017,2017,2017,2017,2133,2132,2291,2141,2980,2965,2978,3418,3418,3612,3736,3806,3732
3245,0.87049,0.86428,0.04967,0.05329,268.13,426,1029,1926,1926,1902,1610,2020,1425,1709,1890,2020,2020,2020,2017,2017,2017,2017,2133,2132,2291,2141,2980,2965,2978,3418,3418,3612,3736,3806,3732
3246,0.87048,0.863,0.04967,0.05355,268.2,426,1030,1926,1926,1902,1610,2021,1425,1710,1890,2020,2020,2020,2017,2017,2017,2017,2133,2132,2291,2141,2980,2965,2978,3418,3418,3612,3736,3806,3732
3247,0.87046,0.86435,0.04968,0.05328,268.29,426,1030,1926,1926,1902,1611,2020,1425,1710,1890,2020,2020,2020,2017,2017,2017,2017,2133,2132,2291,2141,2980,2965,2978,3418,3418,3612,3736,3806,3732
3248,0.87044,0.8628,0.04968,0.05359,268.37,426,1031,1926,1926,1903,1611,2021,1425,1710,1890,2021,2020,2021,2017,2017,2017,2017,2133,2132,2291,2141,2980,2965,2978,3418,3418,3612,3736,3806,3732
3249,0.87042,0.86437,0.04969,0.05328,268.45,426,1031,1926,1926,1903,1611,2020,1425,1710,1890,2020,2020,2020,2017,2017,2017,2017,2132,2132,2291,2140,2980,2965,2978,3418,3418,3612,3736,3806,3732
3250,0.8704,0.86276,0.04969,0.05359,268.53,426,1032,1926,1926,1903,1612,2021,1425,1711,1890,2021,2020,2020,2017,2017,2017,2017,2132,2132,2291,2141,2980,2965,2978,3418,3418,3612,3736,3806,3732
3251,0.87038,0.86446,0.04969,0.05326,268.61,426,1033,1926,1926,1904,1612,2020,1425,1711,1890,2020,2020,2020,2017,2017,2017,2017,2132,2132,2291,2141,2980,2965,2978,3418,3418,3612,3736,3806,3732
3252,0.87037,0.8626,0.0497,0.05362,268.7,426,1033,1926,1926,1904,1612,2021,1425,1711,1890,2021,2020,2021,2018,2017,2017,2017,2132,2132,2291,2141,2980,2965,2978,3418,3418,3612,3736,3806,3732
3253,0.87038,0.86441,0.04969,0.05327,268.79,426,1034,1926,1926,1905,1613,2021,1425,1711,1890,2020,2020,2020,2017,2017,2017,2017,2132,2132,2291,2141,2980,2965,2978,3418,3418,3612,3736,3806,3732
3254,0.8704,0.86273,0.04969,0.0536,268.86,426,1034,1926,1926,1905,1613,2021,1425,1712,1891,2020,2020,2020,2017,2017,2017,2017,2133,2132,2291,2141,2980,2965,2978,3418,3418,3612,3736,3806,3732
3255,0.87043,0.86447,0.04968,0.05326,268.94,426,1035,1926,1926,1905,1614,2020,1425,1712,1891,2020,2020,2020,2017,2017,2017,2017,2133,2132,2291,2141,2980,2965,2978,3418,3418,3612,3736,3806,3732
3256,0.87048,0.86284,0.04967,0.05358,269.01,426,1035,1926,1926,1906,1614,2021,1425,1712,1891,2020,2020,2020,2017,2017,2017,2017,2133,2132,2291,2141,2980,2965,2978,3418,3418,3612,3736,3806,3732
3257,0.87052,0.86435,0.04967,0.05328,269.1,426,1036,1926,1926,1906,1614,2020,1425,1713,1891,2020,2020,2020,2017,2017,2017,2017,2133,2132,2291,2140,2980,2965,2978,3418,3418,3612,3736,3806,3732
3258,0.87058,0.86317,0.04966,0.05351,269.18,426,1036,1926,1926,1906,1615,2021,1425,1713,1891,2020,2020,2020,2017,2017,2017,2017,2133,2132,2291,2141,2980,2965,2978,3418,3418,3612,3736,3806,3732
3259,0.87062,0.86431,0.04965,0.05329,269.26,426,1037,1926,1926,1907,1615,2020,1425,1713,1891,2021,2020,2020,2017,2017,2017,2017,2133,2132,2291,2140,2980,2965,2978,3418,3418,3612,3736,3806,3732
3260,0.87066,0.86334,0.04964,0.05348,269.34,426,1038,1926,1926,1907,1615,2021,1425,1713,1891,2021,2020,2021,2017,2017,2017,2017,2133,2132,2291,2141,2980,2965,2978,3418,3418,3612,3736,3806,3732
3261,0.87068,0.86416,0.04964,0.05332,269.42,426,1038,1926,1926,1907,1616,2020,1425,1714,1891,2021,2020,2020,2017,2017,2017,2017,2133,2132,2291,2141,2980,2965,2978,3418,3418,3612,3736,3806,3732
3262,0.87071,0.86364,0.04963,0.05342,269.51,426,1039,1926,1926,1908,1616,2020,1425,1714,1891,2020,2020,2020,2017,2017,2017,2017,2133,2132,2291,2141,2980,2965,2978,3418,3418,3612,3736,3806,3732
3263,0.87073,0.86407,0.04963,0.05334,269.61,426,1039,1926,1926,1908,1616,2020,1425,1714,1891,2020,2020,2020,2017,2017,2017,2017,2133,2132,2291,2140,2980,2965,2978,3418,3418,3612,3735,3806,3732
3264,0.87074,0.86375,0.04962,0.0534,269.69,426,1040,1926,1926,1909,1617,2020,1425,1714,1892,2020,2020,2020,2017,2017,2017,2017,2133,2132,2291,2140,2980,2965,2978,3418,3418,3612,3735,3806,3732
3265,0.87075,0.86391,0.04962,0.05337,269.78,426,1040,1926,1926,1909,1617,2020,1425,1714,1892,2020,2020,2020,2017,2017,2017,2017,2133,2132,2291,2140,2980,2965,2978,3418,3418,3612,3735,3806,3732
3266,0.87075,0.86398,0.04962,0.05335,269.87,426,1041,1926,1926,1909,1618,2020,1425,1715,1892,2020,2020,2020,2017,2017,2017,2017,2133,2132,2291,2140,2980,2965,2978,3418,3418,3612,3735,3806,3732
3267,0.87076,0.86381,0.04962,0.05339,269.95,426,1041,1926,1926,1910,1618,2020,1425,1715,1892,2020,2020,2020,2017,2017,2017,2017,2133,2133,2291,2140,2980,2965,2978,3418,3418,3612,3735,3806,3732
3268,0.87075,0.86403,0.04962,0.05334,270.05,426,1042,1926,1926,1910,1618,2020,1425,1715,1892,2021,2020,2020,2017,2017,2017,2017,2133,2132,2291,2140,2980,2965,2978,3418,3418,3612,3735,3806,3732
3269,0.87075,0.86367,0.04962,0.05342,270.13,426,1042,1926,1926,1910,1619,2020,1425,1716,1892,2021,2020,2020,2017,2017,2017,2017,2133,2133,2291,2140,2980,2965,2978,3418,3418,3612,3735,3806,3732
3270,0.87075,0.86419,0.04962,0.05331,270.22,426,1043,1926,1926,1911,1619,2020,1425,1716,1892,2020,2020,2020,2017,2017,2017,2017,2133,2132,2291,2140,2980,2965,2978,3418,3418,3612,3735,3806,3732
3271,0.87074,0.86357,0.04962,0.05343,270.3,426,1044,1926,1926,1911,1620,2020,1425,1716,1892,2020,2020,2020,2017,2017,2017,2017,2133,2132,2291,2140,2980,2965,2978,3418,3418,3612,3735,3806,3732
3272,0.87072,0.86423,0.04963,0.0533,270.38,426,1044,1926,1926,1911,1620,2020,1425,1716,1892,2020,2020,2020,2017,2017,2017,2017,2133,2132,2291,2140,2980,2965,2978,3418,3418,3612,3735,3806,3732
3273,0.87071,0.86339,0.04963,0.05347,270.48,426,1045,1926,1926,1912,1620,2020,1425,1717,1892,2020,2020,2020,2017,2017,2017,2017,2133,2132,2291,2140,2980,2965,2978,3418,3418,3612,3735,3806,3732
3274,0.87069,0.86437,0.04963,0.05328,270.57,426,1045,1926,1926,1912,1621,2020,1425,1717,1893,2020,2020,2020,2017,2017,2017,2017,2133,2132,2291,2140,2980,2965,2978,3418,3418,3612,3735,3806,3732
3275,0.87066,0.86319,0.04964,0.05351,270.66,426,1046,1926,1926,1912,1621,2021,1425,1717,1893,2021,2020,2020,2018,2017,2017,2017,2133,2132,2291,2141,2980,2965,2978,3418,3418,3612,3735,3806,3732
3276,0.87062,0.86443,0.04965,0.05327,270.75,426,1046,1926,1926,1913,1622,2020,1425,1717,1893,2020,2020,2020,2017,2017,2017,2017,2133,2132,2291,2141,2980,2965,2978,3418,3418,3612,3735,3806,3732
3277,0.87057,0.86295,0.04966,0.05356,270.83,426,1047,1926,1926,1913,1622,2021,1425,1718,1893,2021,2020,2020,2018,2017,2017,2017,2133,2132,2291,2141,2980,2965,2978,3418,3418,3612,3735,3806,3732
3278,0.8705,0.86458,0.04967,0.05324,270.93,426,1047,1926,1926,1913,1622,2020,1425,1718,1893,2020,2020,2020,2017,2017,2017,2017,2133,2132,2291,2141,2980,2965,2978,3418,3418,3612,3735,3806,3732
3279,0.87042,0.86256,0.04969,0.05363,271.01,426,1048,1926,1926,1914,1623,2021,1425,1718,1893,2021,2020,2020,2018,2017,2017,2017,2133,2132,2291,2141,2980,2965,2978,3418,3418,3612,3735,3806,3732
3280,0.87032,0.8646,0.0497,0.05323,271.1,426,1048,1926,1926,1914,1623,2020,1425,1718,1893,2020,2020,2020,2017,2017,2017,2017,2132,2132,2291,2140,2980,2965,2978,3418,3418,3612,3735,3806,3732
3281,0.87023,0.86219,0.04972,0.0537,271.19,426,1049,1926,1926,1915,1624,2021,1425,1719,1893,2021,2020,2020,2017,2017,2017,2017,2132,2132,2291,2141,2980,2965,2978,3418,3418,3612,3735,3806,3732
3282,0.87017,0.86468,0.04973,0.05322,271.27,426,1050,1926,1926,1915,1624,2020,1425,1719,1893,2020,2020,2020,2017,2017,2017,2017,2132,2132,2291,2141,2980,2965,2978,3418,3418,3612,3735,3806,3732
3283,0.87017,0.86204,0.04973,0.05373,271.36,426,1050,1926,1926,1915,1624,2021,1425,1719,1893,2021,2020,2020,2017,2017,2017,2017,2132,2132,2291,2141,2980,2965,2978,3418,3418,3612,3735,3806,3732
3284,0.87022,0.86463,0.04972,0.05323,271.45,426,1051,1926,1926,1916,1625,2020,1425,1719,1893,2020,2020,2020,2017,2017,2017,2017,2132,2132,2291,2141,2980,2965,2978,3418,3418,3612,3735,3806,3732
3285,0.87033,0.86237,0.0497,0.05367,271.53,426,1051,1926,1926,1916,1625,2020,1425,1720,1893,2021,2020,2020,2017,2017,2017,2017,2132,2132,2291,2141,2980,2965,2978,3418,3418,3612,3735,3806,3732
3286,0.87047,0.86465,0.04968,0.05322,271.62,426,1052,1926,1926,1916,1625,2020,1425,1720,1893,2020,2020,2020,2017,2017,2017,2017,2132,2132,2291,2141,2980,2965,2978,3418,3418,3612,3735,3806,3732
3287,0.87062,0.86298,0.04965,0.05355,271.7,426,1052,1926,1926,1917,1626,2020,1425,1720,1893,2021,2020,2020,2017,2017,2017,2017,2133,2132,2291,2141,2980,2965,2978,3418,3418,3612,3735,3806,3732
3288,0.87074,0.8644,0.04962,0.05327,271.79,426,1053,1926,1926,1917,1626,2020,1425,1720,1893,2020,2020,2020,2017,2017,2017,2017,2133,2132,2291,2141,2980,2965,2978,3418,3418,3612,3735,3806,3732
3289,0.87082,0.86362,0.04961,0.05343,271.87,426,1053,1926,1926,1917,1627,2020,1425,1721,1893,2020,2020,2020,2017,2017,2017,2017,2133,2132,2291,2141,2980,2965,2978,3418,3418,3612,3735,3806,3732
3290,0.87086,0.86411,0.0496,0.05333,271.95,426,1054,1926,1926,1918,1627,2020,1425,1721,1893,2020,2020,2020,2017,2017,2017,2017,2133,2132,2291,2141,2980,2965,2978,3418,3418,3612,3735,3806,3732
3291,0.87087,0.86408,0.0496,0.05333,272.04,426,1055,1926,1926,1918,1628,2020,1425,1721,1893,2020,2020,2020,2017,2017,2017,2017,2133,2132,2291,2140,2980,2965,2978,3418,3418,3612,3735,3806,3732
3292,0.87085,0.8637,0.0496,0.05341,272.14,426,1055,1926,1926,1918,1628,2020,1425,1722,1893,2020,2020,2020,2018,2017,2017,2017,2133,2132,2291,2140,2980,2965,2978,3418,3418,3612,3735,3806,3732
3293,0.87081,0.86436,0.04961,0.05328,272.23,426,1056,1926,1926,1919,1628,2020,1425,1722,1893,2021,2020,2020,2018,2017,2017,2017,2133,2132,2291,2140,2980,2965,2978,3418,3418,3612,3735,3806,3732
3294,0.87077,0.86337,0.04962,0.05347,272.32,426,1056,1926,1926,1919,1629,2020,1425,1722,1893,2021,2020,2020,2018,2017,2017,2018,2133,2133,2291,2140,2980,2965,2978,3418,3418,3612,3735,3806,3732
3295,0.87072,0.86451,0.04963,0.05325,272.41,426,1057,1926,1926,1919,1629,2020,1425,1722,1893,2021,2020,2020,2018,2017,2017,2017,2133,2132,2291,2140,2980,2965,2978,3418,3418,3612,3735,3806,3732
3296,0.87069,0.86311,0.04963,0.05352,272.51,426,1057,1926,1926,1920,1630,2021,1425,1722,1893,2021,2020,2020,2018,2017,2017,2018,2133,2132,2291,2140,2980,2965,2978,3418,3418,3612,3735,3806,3732
3297,0.87066,0.86461,0.04964,0.05323,272.59,426,1058,1926,1926,1920,1630,2020,1425,1723,1893,2020,2020,2020,2017,2017,2017,2017,2133,2132,2291,2140,2980,2965,2978,3418,3418,3612,3735,3806,3732
3298,0.87065,0.86301,0.04964,0.05354,272.68,426,1058,1926,1926,1920,1630,2021,1425,1723,1893,2020,2020,2020,2017,2017,2017,2017,2133,2132,2291,2141,2980,2965,2978,3418,3418,3612,3735,3806,3732
3299,0.87065,0.8646,0.04964,0.05323,272.77,426,1059,1926,1926,1920,1631,2020,1425,1723,1893,2020,2020,2020,2017,2017,2017,2017,2133,2132,2291,2141,2980,2965,2978,3418,3418,3612,3735,3806,3732
3300,0.87068,0.86305,0.04963,0.05354,272.86,426,1059,1926,1926,1921,1631,2021,1425,1723,1893,2021,2020,2020,2017,2017,2017,2017,2133,2132,2291,2141,2980,2965,2978,3418,3418,3612,3735,3806,3732
3301,0.87072,0.86458,0.04963,0.05324,272.95,426,1060,1926,1926,1921,1632,2020,1425,1724,1893,2020,2020,2020,2017,2017,2017,2017,2133,2132,2291,2141,2980,2965,2978,3418,3418,3612,3735,3806,3732
3302,0.87077,0.86329,0.04962,0.05349,273.04,426,1061,1926,1926,1921,1632,2020,1425,1724,1893,2021,2020,2020,2017,2017,2017,2017,2133,2132,2291,2141,2980,2965,2978,3418,3418,3612,3735,3806,3732
3303,0.87082,0.86444,0.04961,0.05326,273.13,426,1061,1926,1926,1922,1632,2020,1425,1724,1893,2020,2020,2020,2017,2017,2017,2017,2132,2132,2291,2140,2980,2965,2978,3418,3418,3612,3735,3806,3732
3304,0.87087,0.86361,0.0496,0.05343,273.22,426,1062,1926,1926,1922,1633,2020,1425,1724,1893,2020,2020,2020,2017,2017,2017,2017,2132,2132,2291,2140,2980,2965,2978,3418,3418,3612,3735,3806,3732
3305,0.87091,0.86425,0.04959,0.0533,273.3,426,1062,1926,1926,1922,1633,2020,1425,1725,1893,2020,2020,2020,2017,2017,2017,2017,2132,2132,2291,2140,2980,2965,2978,3418,3418,3612,3735,3806,3732
3306,0.87093,0.86397,0.04959,0.05336,273.38,426,1063,1926,1926,1923,1634,2020,1425,1725,1893,2020,2020,2020,2017,2017,2017,2017,2132,2133,2291,2140,2980,2965,2978,3418,3418,3612,3735,3806,3732
3307,0.87094,0.86402,0.04959,0.05335,273.46,426,1063,1926,1926,1923,1634,2020,1425,1725,1893,2020,2020,2020,2018,2017,2017,2017,2132,2133,2291,2140,2980,2965,2978,3418,3418,3612,3735,3806,3732
3308,0.87093,0.86419,0.04959,0.05331,273.55,426,1064,1926,1926,1923,1635,2020,1425,1726,1893,2020,2020,2020,2018,2017,2017,2017,2133,2133,2291,2140,2980,2965,2978,3418,3418,3612,3735,3806,3732
3309,0.87092,0.86379,0.04959,0.05339,273.64,426,1064,1926,1926,1923,1635,2020,1425,1726,1893,2020,2020,2020,2018,2017,2017,2018,2133,2133,2291,2140,2980,2965,2978,3418,3418,3612,3735,3806,3732
3310,0.87091,0.86437,0.04959,0.05328,273.73,426,1065,1926,1926,1924,1635,2020,1425,1726,1893,2020,2020,2020,2018,2017,2017,2017,2133,2132,2291,2140,2980,2965,2978,3418,3418,3612,3735,3806,3732
3311,0.87089,0.86357,0.0496,0.05343,273.82,426,1065,1926,1926,1924,1636,2020,1425,1726,1893,2020,2020,2020,2018,2017,2017,2017,2133,2133,2291,2140,2980,2965,2978,3418,3418,3612,3735,3806,3732
3312,0.87086,0.86448,0.0496,0.05326,273.92,426,1066,1926,1926,1924,1636,2020,1425,1726,1893,2020,2020,2020,2017,2017,2017,2017,2133,2132,2291,2140,2980,2965,2978,3418,3418,3612,3735,3806,3732
3313,0.87084,0.86341,0.0496,0.05347,274.01,426,1067,1926,1926,1924,1637,2020,1425,1727,1893,2020,2020,2020,2017,2017,2017,2017,2133,2132,2291,2141,2980,2965,2978,3418,3418,3612,3735,3806,3732
3314,0.87081,0.86458,0.04961,0.05324,274.1,426,1067,1926,1926,1925,1637,2020,1425,1727,1893,2020,2020,2020,2017,2017,2017,2017,2133,2132,2291,2141,2980,2965,2978,3418,3418,3612,3735,3806,3732
3315,0.8708,0.86325,0.04961,0.0535,274.18,426,1068,1926,1926,1925,1637,2021,1425,1727,1893,2021,2020,2021,2017,2017,2017,2017,2133,2132,2291,2141,2980,2965,2978,3418,3418,3612,3735,3806,3732
3316,0.87078,0.8646,0.04962,0.05323,274.27,426,1068,1926,1926,1925,1638,2020,1425,1728,1893,2021,2020,2020,2017,2017,2017,2017,2133,2132,2291,2141,2980,2965,2978,3418,3418,3612,3735,3806,3732
3317,0.87078,0.86318,0.04962,0.05351,274.36,426,1069,1926,1926,1925,1638,2021,1425,1728,1893,2021,2020,2020,2017,2017,2017,2017,2133,2132,2291,2141,2980,2965,2978,3418,3418,3612,3735,3806,3732
3318,0.87078,0.86465,0.04962,0.05322,274.44,426,1069,1926,1926,1926,1639,2020,1425,1728,1893,2020,2020,2020,2017,2017,2017,2017,2133,2132,2291,2140,2980,2965,2978,3418,3418,3612,3735,3806,3732
3319,0.87079,0.86318,0.04961,0.05351,274.53,426,1070,1926,1926,1926,1639,2020,1425,1728,1893,2020,2020,2020,2017,2017,2017,2017,2133,2132,2291,2141,2980,2965,2978,3418,3418,3612,3735,3806,3732
3320,0.8708,0.8646,0.04961,0.05323,274.61,426,1070,1926,1926,1926,1640,2020,1425,1729,1893,2020,2020,2020,2017,2017,2017,2017,2133,2132,2291,2140,2980,2965,2978,3418,3418,3612,3735,3806,3732
3321,0.87082,0.86326,0.04961,0.0535,274.69,426,1071,1926,1926,1926,1640,2020,1425,1729,1893,2021,2020,2020,2017,2017,2017,2017,2133,2132,2291,2141,2980,2965,2978,3418,3418,3612,3735,3806,3732
3322,0.87084,0.86461,0.0496,0.05323,274.77,426,1071,1926,1926,1927,1640,2020,1425,1729,1893,2020,2020,2020,2017,2017,2017,2017,2133,2132,2291,2141,2980,2965,2978,3418,3418,3612,3735,3806,3732
3323,0.87087,0.86338,0.0496,0.05347,274.86,426,1072,1926,1926,1927,1641,2020,1425,1730,1893,2021,2020,2020,2018,2017,2017,2017,2133,2132,2291,2141,2980,2965,2978,3418,3418,3612,3735,3806,3732
3324,0.8709,0.86451,0.04959,0.05325,274.95,426,1072,1926,1926,1927,1641,2020,1425,1730,1893,2020,2020,2020,2017,2017,2017,2017,2132,2132,2291,2141,2979,2965,2978,3418,3418,3612,3735,3806,3732
3325,0.87093,0.86354,0.04959,0.05344,275.03,426,1073,1926,1926,1927,1642,2020,1425,1730,1893,2020,2020,2020,2018,2017,2017,2017,2132,2132,2291,2141,2979,2965,2978,3418,3418,3612,3735,3806,3732
3326,0.87095,0.8645,0.04958,0.05325,275.1,426,1074,1926,1926,1927,1642,2020,1425,1730,1893,2020,2020,2020,2017,2017,2017,2017,2132,2132,2291,2141,2979,2965,2978,3418,3418,3612,3735,3806,3732
3327,0.87097,0.86369,0.04958,0.05341,275.2,426,1074,1926,1926,1928,1643,2020,1425,1731,1893,2020,2020,2020,2018,2017,2017,2017,2132,2132,2291,2141,2979,2965,2978,3418,3418,3612,3735,3806,3732
3328,0.87099,0.86436,0.04958,0.05328,275.29,426,1075,1926,1926,1928,1643,2020,1425,1731,1893,2021,2020,2020,2017,2017,2017,2017,2133,2132,2291,2140,2979,2965,2978,3418,3418,3612,3735,3806,3732
3329,0.87101,0.86384,0.04957,0.05338,275.36,426,1075,1926,1926,1928,1644,2020,1425,1731,1893,2021,2020,2020,2017,2017,2017,2017,2133,2132,2291,2140,2979,2965,2978,3418,3418,3612,3735,3806,3732
3330,0.87102,0.86434,0.04957,0.05328,275.45,426,1076,1926,1926,1928,1644,2020,1425,1731,1893,2020,2020,2020,2017,2017,2017,2017,2133,2132,2291,2140,2979,2965,2978,3418,3418,3612,3735,3806,3732
3331,0.87103,0.86392,0.04957,0.05337,275.53,426,1076,1926,1926,1928,1644,2020,1425,1732,1893,2020,2020,2020,2017,2017,2017,2017,2133,2133,2291,2140,2979,2965,2978,3418,3418,3612,3735,3806,3732
3332,0.87103,0.86421,0.04957,0.05331,275.62,426,1077,1926,1926,1929,1645,2020,1425,1732,1893,2020,2020,2020,2017,2017,2017,2017,2133,2133,2291,2140,2979,2965,2978,3418,3418,3612,3735,3806,3732
3333,0.87104,0.86402,0.04957,0.05335,275.72,426,1077,1926,1926,1929,1645,2020,1425,1732,1893,2020,2020,2020,2017,2017,2017,2017,2133,2133,2291,2140,2979,2965,2978,3418,3418,3612,3735,3806,3732
3334,0.87105,0.8642,0.04957,0.05331,275.8,426,1078,1926,1926,1929,1646,2020,1425,1732,1893,2020,2020,2020,2017,2017,2017,2017,2133,2133,2291,2140,2979,2965,2978,3418,3418,3612,3735,3806,3732
3335,0.87105,0.86402,0.04956,0.05335,275.89,426,1078,1926,1926,1929,1646,2020,1425,1733,1893,2020,2020,2020,2017,2017,2017,2017,2133,2133,2291,2140,2979,2965,2978,3418,3418,3612,3735,3806,3732
3336,0.87106,0.86417,0.04956,0.05332,275.97,426,1079,1926,1926,1929,1647,2020,1425,1733,1893,2020,2020,2020,2017,2017,2017,2017,2133,2133,2291,2140,2979,2965,2978,3418,3418,3612,3735,3806,3732
3337,0.87106,0.8641,0.04956,0.05333,276.05,426,1079,1926,1926,1930,1647,2020,1425,1733,1893,2020,2020,2020,2017,2017,2017,2017,2133,2133,2291,2140,2979,2965,2978,3418,3418,3612,3735,3806,3732
3338,0.87106,0.86416,0.04956,0.05332,276.13,426,1080,1926,1926,1930,1648,2020,1425,1733,1893,2020,2020,2020,2017,2017,2017,2017,2133,2133,2291,2140,2979,2965,2978,3418,3418,3612,3735,3806,3732
3339,0.87107,0.86405,0.04956,0.05334,276.21,426,1080,1926,1926,1930,1648,2020,1425,1734,1893,2021,2020,2020,2017,2017,2017,2017,2133,2133,2291,2140,2979,2965,2978,3418,3418,3612,3735,3806,3732
3340,0.87107,0.8642,0.04956,0.05331,276.29,426,1081,1926,1926,1930,1648,2020,1425,1734,1893,2020,2020,2020,2017,2017,2017,2017,2133,2133,2291,2140,2979,2965,2978,3418,3418,3612,3735,3805,3732
3341,0.87107,0.86408,0.04956,0.05333,276.38,426,1082,1926,1926,1930,1649,2020,1425,1734,1893,2020,2020,2020,2017,2017,2017,2017,2133,2133,2291,2140,2979,2965,2978,3418,3418,3612,3735,3805,3732
3342,0.87108,0.86419,0.04956,0.05331,276.47,426,1082,1926,1926,1930,1649,2020,1425,1735,1893,2020,2020,2020,2017,2017,2017,2017,2133,2133,2291,2140,2979,2965,2978,3418,3418,3612,3735,3805,3732
3343,0.87108,0.864,0.04956,0.05335,276.55,426,1083,1926,1926,1930,1650,2020,1425,1735,1893,2020,2020,2020,2017,2017,2017,2017,2133,2133,2291,2140,2979,2965,2978,3418,3418,3612,3735,3805,3732
3344,0.87108,0.8643,0.04956,0.05329,276.63,426,1083,1926,1926,1931,1650,2020,1425,1735,1893,2020,2020,2020,2017,2017,2017,2017,2133,2133,2291,2140,2979,2965,2978,3418,3418,3612,3735,3805,3732
3345,0.87108,0.86399,0.04956,0.05335,276.72,426,1084,1926,1926,1931,1651,2020,1425,1735,1893,2020,2020,2020,2017,2017,2017,2017,2133,2133,2291,2140,2979,2965,2978,3418,3418,3612,3735,3805,3732
3346,0.87108,0.86431,0.04956,0.05329,276.82,426,1084,1926,1926,1931,1651,2020,1425,1736,1893,2021,2020,2020,2017,2017,2017,2017,2133,2133,2291,2140,2979,2965,2978,3418,3418,3612,3735,3805,3732
3347,0.87108,0.86385,0.04956,0.05338,276.91,426,1085,1926,1926,1931,1651,2020,1425,1736,1893,2021,2020,2020,2017,2017,2017,2017,2133,2133,2291,2140,2979,2965,2979,3418,3418,3612,3735,3805,3732
3348,0.87106,0.86446,0.04956,0.05326,276.99,426,1085,1926,1926,1931,1652,2020,1425,1736,1893,2020,2020,2020,2017,2017,2017,2017,2133,2132,2291,2140,2979,2965,2978,3418,3418,3612,3735,3805,3732
3349,0.87105,0.86373,0.04956,0.0534,277.08,426,1086,1926,1926,1931,1652,2020,1425,1736,1893,2020,2020,2020,2017,2017,2017,2017,2133,2133,2291,2140,2979,2965,2979,3418,3418,3612,3735,3805,3732
3350,0.87102,0.86454,0.04957,0.05325,277.18,426,1086,1926,1926,1931,1653,2020,1425,1737,1893,2020,2020,2020,2017,2017,2017,2017,2133,2132,2291,2140,2978,2965,2979,3418,3418,3612,3735,3805,3732
3351,0.87098,0.86345,0.04958,0.05346,277.27,426,1087,1926,1926,1932,1653,2020,1425,1737,1893,2020,2020,2020,2018,2017,2017,2017,2133,2132,2291,2141,2979,2965,2979,3418,3418,3612,3735,3805,3732
3352,0.8709,0.86475,0.04959,0.0532,277.35,426,1087,1926,1926,1932,1654,2020,1425,1737,1893,2020,2020,2020,2017,2017,2017,2017,2133,2132,2291,2141,2978,2965,2979,3418,3418,3612,3735,3805,3732
3353,0.8708,0.86298,0.04961,0.05355,277.44,426,1088,1926,1926,1932,1654,2020,1425,1737,1893,2021,2020,2020,2018,2017,2017,2017,2133,2132,2291,2141,2978,2965,2979,3418,3418,3612,3735,3805,3732
3354,0.87063,0.86485,0.04964,0.05318,277.52,426,1088,1926,1926,1932,1655,2020,1425,1738,1893,2020,2020,2020,2017,2017,2017,2017,2133,2132,2291,2141,2978,2965,2979,3418,3418,3612,3735,3805,3732
3355,0.87041,0.86216,0.04969,0.05371,277.62,426,1089,1926,1926,1932,1655,2021,1425,1738,1893,2021,2020,2021,2018,2017,2017,2017,2133,2132,2291,2141,2979,2965,2979,3418,3418,3612,3735,3806,3732
3356,0.87013,0.86487,0.04974,0.05318,277.7,426,1089,1926,1926,1932,1656,2020,1425,1738,1893,2020,2020,2020,2017,2017,2017,2017,2133,2132,2291,2141,2978,2965,2978,3418,3418,3612,3735,3805,3732
3357,0.86983,0.86119,0.0498,0.0539,277.79,426,1090,1926,1926,1932,1656,2021,1425,1738,1893,2021,2021,2021,2017,2017,2017,2017,2133,2132,2291,2141,2979,2965,2979,3418,3418,3612,3735,3806,3732
3358,0.86957,0.86477,0.04985,0.0532,277.88,426,1091,1926,1926,1932,1656,2020,1426,1739,1893,2020,2020,2020,2017,2017,2017,2017,2132,2132,2291,2141,2978,2965,2978,3418,3418,3612,3735,3805,3732
3359,0.86947,0.8606,0.04987,0.05401,277.95,426,1091,1926,1926,1932,1657,2021,1425,1739,1893,2021,2021,2020,2017,2017,2017,2017,2132,2132,2291,2141,2979,2965,2979,3418,3418,3612,3735,3806,3732
3360,0.86967,0.86477,0.04983,0.0532,278.04,426,1092,1926,1926,1932,1657,2020,1426,1739,1893,2020,2020,2020,2017,2017,2017,2017,2132,2132,2291,2140,2978,2965,2979,3418,3418,3612,3735,3806,3732
3361,0.87014,0.86175,0.04974,0.05379,278.12,426,1092,1926,1926,1933,1658,2021,1425,1739,1893,2021,2021,2021,2017,2017,2017,2017,2132,2133,2291,2141,2979,2965,2979,3417,3418,3612,3735,3806,3732
3362,0.87068,0.86489,0.04964,0.05318,278.2,426,1093,1926,1926,1933,1658,2021,1425,1740,1893,2021,2020,2020,2017,2017,2017,2017,2131,2132,2291,2142,2978,2965,2979,3417,3418,3612,3735,3806,3732
3363,0.87105,0.86362,0.04957,0.05342,278.29,426,1093,1926,1926,1933,1659,2021,1425,1740,1893,2021,2020,2021,2017,2017,2017,2017,2132,2132,2291,2143,2979,2965,2979,3417,3417,3612,3735,3806,3732
3364,0.87114,0.86406,0.04955,0.05334,278.38,426,1094,1926,1926,1933,1659,2021,1425,1740,1893,2020,2020,2020,2017,2017,2017,2017,2132,2132,2291,2143,2979,2965,2979,3418,3417,3612,3735,3806,3732
3365,0.87098,0.86476,0.04958,0.0532,278.46,426,1094,1926,1926,1933,1660,2020,1425,1741,1893,2020,2020,2020,2017,2017,2017,2017,2132,2132,2291,2144,2978,2965,2979,3418,3417,3612,3735,3806,3732
3366,0.87072,0.86276,0.04963,0.05359,278.54,426,1095,1926,1926,1933,1660,2020,1425,1741,1894,2020,2020,2020,2018,2017,2017,2017,2132,2132,2291,2145,2979,2965,2979,3418,3417,3612,3735,3806,3732
3367,0.87048,0.86492,0.04967,0.05317,278.64,426,1095,1926,1926,1933,1660,2020,1425,1741,1894,2020,2020,2020,2017,2017,2017,2017,2133,2132,2291,2145,2978,2965,2979,3418,3418,3612,3735,3806,3732
3368,0.87037,0.86208,0.04969,0.05373,278.73,426,1096,1926,1926,1933,1661,2020,1425,1741,1894,2021,2020,2021,2018,2017,2017,2018,2133,2132,2291,2145,2979,2965,2979,3417,3418,3612,3735,3806,3732
3369,0.87041,0.86492,0.04969,0.05317,278.82,426,1096,1926,1926,1933,1661,2020,1426,1742,1894,2021,2020,2021,2017,2017,2017,2017,2133,2132,2291,2145,2978,2965,2979,3416,3417,3612,3735,3806,3732
3370,0.87059,0.86252,0.04965,0.05364,278.89,426,1097,1926,1926,1933,1662,2020,1426,1742,1894,2021,2021,2021,2018,2017,2017,2018,2133,2132,2291,2145,2979,2965,2979,3417,3417,3612,3735,3806,3732
3371,0.87084,0.86485,0.0496,0.05318,278.98,426,1097,1926,1926,1933,1662,2020,1426,1742,1894,2021,2021,2021,2017,2017,2017,2017,2133,2132,2291,2145,2978,2965,2979,3417,3417,3612,3735,3806,3732
3372,0.87108,0.86371,0.04956,0.05341,279.06,426,1098,1926,1926,1933,1663,2021,1425,1742,1894,2020,2021,2020,2017,2017,2017,2017,2133,2133,2291,2145,2979,2965,2979,3417,3417,3612,3735,3806,3732
3373,0.87118,0.86433,0.04954,0.05329,279.15,426,1098,1926,1926,1933,1663,2021,1425,1743,1894,2020,2020,2020,2017,2017,2017,2017,2133,2133,2291,2145,2979,2965,2979,3418,3417,3612,3735,3806,3732
3374,0.87115,0.86458,0.04955,0.05324,279.23,426,1099,1926,1926,1933,1664,2021,1425,1743,1894,2020,2020,2020,2017,2017,2017,2017,2133,2133,2291,2145,2978,2965,2979,3418,3418,3612,3735,3806,3732
3375,0.87103,0.86345,0.04957,0.05346,279.31,426,1099,1926,1926,1933,1664,2021,1425,1743,1894,2020,2020,2020,2017,2017,2017,2017,2133,2133,2291,2145,2979,2965,2979,3419,3418,3612,3735,3806,3732
3376,0.87091,0.86493,0.04959,0.05317,279.4,426,1100,1926,1926,1934,1665,2020,1425,1743,1894,2020,2020,2020,2017,2017,2017,2017,2133,2133,2291,2145,2978,2965,2979,3419,3418,3612,3735,3806,3732
3377,0.87087,0.86305,0.0496,0.05354,279.48,426,1100,1926,1926,1934,1665,2020,1425,1744,1895,2020,2020,2020,2017,2017,2017,2017,2133,2132,2291,2145,2979,2965,2979,3419,3418,3612,3735,3806,3732
3378,0.87093,0.86491,0.04959,0.05317,279.57,426,1101,1926,1926,1934,1665,2020,1425,1744,1895,2020,2020,2020,2017,2017,2017,2017,2133,2132,2291,2144,2978,2965,2978,3419,3418,3612,3735,3806,3732
3379,0.87106,0.86348,0.04956,0.05345,279.65,426,1102,1926,1926,1934,1666,2020,1425,1744,1895,2021,2020,2021,2017,2017,2017,2017,2133,2132,2291,2144,2978,2965,2979,3419,3417,3612,3735,3806,3732
3380,0.87118,0.86467,0.04954,0.05322,279.74,426,1102,1926,1926,1934,1666,2020,1426,1744,1895,2020,2020,2020,2017,2017,2017,2017,2133,2132,2291,2143,2978,2965,2978,3419,3417,3612,3735,3806,3732
3381,0.87125,0.86428,0.04953,0.0533,279.82,426,1103,1926,1926,1934,1667,2020,1425,1745,1895,2020,2020,2020,2017,2017,2017,2017,2133,2132,2291,2143,2978,2965,2978,3419,3417,3612,3735,3806,3732
3382,0.87124,0.86408,0.04953,0.05333,279.91,426,1103,1926,1926,1934,1667,2020,1425,1745,1895,2020,2020,2020,2018,2017,2017,2017,2133,2132,2291,2142,2978,2965,2978,3420,3417,3612,3735,3806,3732
3383,0.87119,0.86472,0.04954,0.05321,279.99,426,1104,1926,1926,1934,1668,2020,1425,1745,1895,2020,2020,2020,2017,2017,2017,2017,2133,2132,2291,2141,2978,2965,2978,3420,3417,3612,3735,3806,3732
3384,0.87113,0.8636,0.04955,0.05343,280.08,426,1104,1926,1926,1934,1668,2020,1425,1746,1895,2020,2020,2020,2018,2017,2017,2017,2133,2132,2291,2141,2978,2965,2978,3420,3417,3612,3735,3806,3732
3385,0.87111,0.86487,0.04955,0.05318,280.17,426,1105,1926,1926,1934,1669,2020,1425,1746,1895,2020,2020,2020,2017,2017,2017,2017,2132,2132,2291,2140,2978,2965,2978,3420,3418,3612,3735,3806,3732
3386,0.87114,0.86356,0.04955,0.05344,280.25,426,1105,1926,1926,1934,1669,2020,1425,1746,1896,2020,2020,2020,2018,2017,2017,2017,2133,2133,2291,2140,2978,2965,2978,3420,3418,3612,3735,3806,3732
3387,0.8712,0.8648,0.04954,0.05319,280.33,426,1106,1926,1926,1934,1669,2020,1425,1746,1896,2020,2020,2020,2017,2017,2017,2017,2132,2133,2291,2139,2978,2965,2978,3421,3418,3612,3735,3806,3732
3388,0.87128,0.86395,0.04952,0.05336,280.42,426,1106,1926,1926,1934,1670,2020,1425,1747,1896,2020,2020,2020,2017,2017,2017,2017,2133,2133,2291,2139,2978,2965,2978,3421,3418,3612,3735,3806,3732
3389,0.87132,0.86455,0.04951,0.05324,280.52,426,1107,1926,1926,1934,1670,2020,1425,1747,1896,2020,2020,2020,2017,2017,2017,2017,2133,2133,2291,2139,2978,2965,2978,3421,3418,3612,3735,3806,3732
3390,0.87134,0.8644,0.04951,0.05327,280.61,426,1107,1926,1926,1934,1671,2020,1425,1747,1896,2020,2020,2020,2017,2017,2017,2017,2133,2133,2291,2138,2978,2965,2978,3422,3418,3612,3735,3806,3732
3391,0.87132,0.86412,0.04951,0.05333,280.7,426,1108,1926,1926,1934,1671,2020,1425,1747,1896,2020,2020,2020,2017,2017,2017,2017,2133,2133,2291,2138,2978,2965,2978,3422,3418,3612,3735,3806,3732
3392,0.87129,0.86466,0.04952,0.05322,280.79,426,1108,1926,1926,1934,1672,2020,1425,1748,1896,2020,2020,2020,2017,2017,2017,2017,2133,2133,2291,2138,2978,2965,2978,3421,3418,3612,3735,3806,3732
3393,0.87127,0.8639,0.04952,0.05337,280.88,426,1109,1926,1926,1934,1672,2020,1425,1748,1896,2020,2020,2020,2017,2017,2017,2017,2133,2133,2291,2138,2978,2965,2978,3421,3418,3612,3735,3806,3732
3394,0.87126,0.86474,0.04952,0.05321,280.98,426,1109,1926,1926,1934,1673,2020,1425,1748,1896,2020,2020,2020,2017,2017,2017,2017,2133,2132,2291,2137,2978,2965,2978,3421,3418,3612,3735,3806,3732
3395,0.87128,0.86382,0.04952,0.05339,281.07,426,1110,1926,1926,1934,1673,2020,1425,1749,1896,2020,2020,2020,2017,2017,2017,2017,2133,2132,2291,2137,2978,2965,2978,3421,3418,3612,3735,3806,3732
3396,0.8713,0.86466,0.04952,0.05322,281.16,426,1110,1926,1926,1934,1674,2020,1425,1749,1896,2020,2020,2020,2017,2017,2017,2017,2133,2132,2291,2137,2978,2965,2978,3420,3418,3612,3735,3806,3732
3397,0.87133,0.86408,0.04951,0.05333,281.25,426,1111,1926,1926,1934,1674,2020,1425,1749,1896,2020,2020,2020,2017,2017,2017,2017,2133,2132,2291,2137,2978,2965,2978,3420,3418,3612,3735,3806,3732
3398,0.87135,0.86447,0.04951,0.05326,281.34,426,1111,1926,1926,1934,1674,2020,1425,1749,1896,2020,2020,2020,2017,2017,2017,2017,2133,2132,2291,2136,2978,2965,2978,3420,3418,3612,3735,3806,3732
3399,0.87137,0.8643,0.0495,0.05329,281.43,426,1112,1926,1926,1934,1675,2020,1425,1750,1896,2020,2020,2020,2017,2017,2017,2017,2133,2132,2291,2136,2978,2965,2978,3421,3418,3612,3735,3806,3732
3400,0.87137,0.86428,0.0495,0.0533,281.51,426,1112,1926,1926,1934,1675,2020,1425,1750,1896,2020,2020,2020,2017,2017,2017,2017,2133,2132,2291,2136,2978,2965,2978,3421,3418,3612,3735,3806,3732
3401,0.87137,0.86452,0.0495,0.05325,281.6,426,1113,1926,1926,1933,1676,2020,1425,1750,1896,2020,2020,2020,2017,2017,2017,2017,2133,2132,2291,2137,2978,2965,2978,3421,3418,3612,3735,3806,3732
3402,0.87136,0.8641,0.0495,0.05333,281.68,426,1114,1926,1926,1933,1676,2020,1425,1750,1896,2020,2020,2020,2017,2017,2017,2017,2133,2132,2291,2137,2978,2965,2978,3421,3418,3612,3735,3806,3732
3403,0.87135,0.86463,0.04951,0.05323,281.77,426,1114,1926,1926,1933,1677,2020,1425,1751,1896,2020,2020,2020,2017,2017,2017,2017,2133,2132,2291,2137,2978,2965,2978,3421,3418,3612,3735,3806,3732
3404,0.87135,0.86404,0.04951,0.05334,281.86,426,1115,1926,1926,1933,1677,2020,1425,1751,1896,2020,2020,2020,2017,2017,2017,2017,2133,2133,2291,2137,2978,2965,2978,3421,3418,3612,3735,3806,3732
3405,0.87135,0.86464,0.04951,0.05322,281.95,426,1115,1926,1926,1933,1678,2020,1425,1751,1896,2020,2020,2020,2017,2017,2017,2017,2133,2133,2291,2137,2978,2965,2978,3421,3418,3612,3735,3806,3732
3406,0.87136,0.86402,0.04951,0.05335,282.05,426,1116,1926,1926,1933,1678,2020,1425,1751,1896,2021,2020,2020,2017,2017,2017,2017,2133,2133,2291,2137,2978,2965,2978,3421,3418,3612,3735,3806,3732
3407,0.87137,0.86458,0.0495,0.05324,282.13,426,1116,1926,1926,1933,1679,2020,1425,1752,1896,2020,2020,2020,2017,2017,2017,2017,2133,2132,2291,2137,2978,2965,2978,3421,3418,3612,3735,3806,3732
3408,0.87138,0.86415,0.0495,0.05332,282.21,426,1117,1926,1926,1933,1679,2020,1425,1752,1896,2020,2020,2020,2017,2017,2017,2017,2133,2132,2291,2137,2978,2965,2978,3421,3418,3612,3735,3806,3732
3409,0.87139,0.86449,0.0495,0.05325,282.3,426,1117,1926,1926,1933,1679,2020,1425,1752,1896,2020,2020,2020,2017,2017,2017,2017,2133,2132,2291,2137,2978,2965,2978,3421,3418,3612,3735,3806,3732
3410,0.8714,0.86428,0.0495,0.0533,282.41,426,1118,1926,1926,1933,1680,2020,1425,1753,1896,2020,2020,2020,2017,2017,2017,2017,2133,2132,2291,2137,2978,2965,2978,3421,3418,3612,3735,3806,3732
3411,0.87141,0.86434,0.0495,0.05328,282.48,426,1118,1926,1926,1933,1680,2020,1425,1753,1896,2020,2020,2020,2017,2017,2017,2017,2133,2132,2291,2137,2978,2965,2978,3421,3418,3612,3735,3806,3732
3412,0.87141,0.86445,0.0495,0.05326,282.57,426,1119,1926,1926,1933,1681,2020,1425,1753,1896,2020,2020,2020,2017,2017,2017,2017,2133,2132,2291,2137,2978,2965,2978,3421,3418,3612,3735,3806,3732
3413,0.87141,0.86426,0.0495,0.0533,282.66,426,1119,1926,1926,1933,1681,2020,1425,1753,1896,2020,2020,2020,2017,2017,2017,2017,2133,2132,2291,2137,2978,2965,2978,3421,3418,3612,3735,3806,3732
3414,0.87141,0.86454,0.0495,0.05324,282.74,426,1120,1926,1926,1933,1682,2020,1425,1754,1897,2021,2020,2020,2017,2017,2017,2017,2133,2132,2291,2137,2978,2965,2978,3421,3418,3612,3735,3806,3732
3415,0.87141,0.86419,0.0495,0.05331,282.84,426,1120,1926,1926,1933,1682,2020,1425,1754,1897,2021,2020,2020,2018,2017,2017,2017,2133,2132,2291,2137,2978,2965,2978,3421,3418,3612,3735,3806,3732
3416,0.87141,0.8646,0.0495,0.05323,282.93,426,1121,1926,1926,1933,1682,2020,1425,1754,1897,2020,2020,2020,2017,2017,2017,2017,2133,2132,2291,2137,2978,2965,2978,3421,3418,3612,3735,3806,3732
3417,0.87141,0.86421,0.0495,0.05331,283.02,426,1121,1926,1926,1933,1683,2020,1425,1754,1897,2020,2020,2020,2018,2017,2017,2017,2133,2132,2291,2137,2978,2965,2978,3421,3418,3612,3735,3806,3732
3418,0.87141,0.86458,0.0495,0.05324,283.11,426,1122,1926,1926,1933,1683,2020,1425,1755,1897,2020,2020,2020,2017,2017,2017,2017,2133,2132,2291,2137,2978,2965,2978,3421,3418,3612,3735,3805,3732
3419,0.87142,0.86424,0.04949,0.0533,283.19,426,1122,1926,1926,1933,1684,2020,1425,1755,1897,2020,2020,2020,2017,2017,2017,2017,2133,2132,2291,2137,2978,2965,2978,3421,3418,3612,3735,3805,3732
3420,0.87142,0.86454,0.04949,0.05324,283.28,426,1123,1926,1926,1933,1684,2020,1425,1755,1897,2020,2020,2020,2017,2017,2017,2017,2133,2132,2291,2137,2978,2965,2978,3421,3418,3612,3735,3805,3732
3421,0.87143,0.86435,0.04949,0.05328,283.36,426,1123,1926,1926,1933,1684,2020,1425,1755,1897,2020,2020,2020,2017,2017,2017,2017,2133,2132,2291,2137,2978,2965,2978,3421,3418,3612,3735,3805,3732
3422,0.87144,0.86446,0.04949,0.05326,283.45,426,1124,1926,1926,1933,1685,2020,1425,1756,1897,2020,2020,2020,2017,2017,2017,2017,2133,2132,2291,2137,2978,2965,2978,3421,3418,3612,3735,3805,3732
3423,0.87144,0.86445,0.04949,0.05326,283.54,426,1124,1926,1926,1933,1685,2020,1425,1756,1897,2020,2020,2020,2017,2017,2017,2017,2133,2132,2291,2137,2978,2965,2978,3421,3418,3612,3735,3805,3732
3424,0.87144,0.86438,0.04949,0.05328,283.63,426,1125,1926,1926,1933,1686,2020,1425,1756,1897,2020,2020,2020,2017,2017,2017,2017,2133,2132,2291,2137,2978,2965,2978,3421,3418,3612,3735,3805,3732
3425,0.87144,0.86454,0.04949,0.05325,283.72,426,1125,1926,1926,1933,1686,2020,1425,1756,1897,2020,2020,2020,2017,2017,2017,2017,2133,2132,2291,2137,2978,2965,2978,3421,3418,3612,3735,3805,3732
3426,0.87145,0.86431,0.04949,0.05329,283.81,426,1126,1926,1926,1933,1687,2020,1425,1757,1897,2020,2020,2020,2017,2017,2017,2017,2133,2132,2291,2137,2978,2965,2978,3421,3418,3612,3735,3805,3732
3427,0.87145,0.86458,0.04949,0.05324,283.9,426,1126,1926,1926,1933,1687,2020,1425,1757,1897,2020,2020,2020,2017,2017,2017,2017,2133,2132,2291,2137,2978,2965,2978,3421,3418,3612,3735,3805,3732
3428,0.87145,0.86429,0.04949,0.05329,283.97,426,1127,1926,1926,1933,1687,2020,1425,1757,1897,2020,2020,2020,2017,2017,2017,2017,2133,2132,2291,2137,2978,2965,2978,3421,3418,3612,3735,3805,3732
3429,0.87145,0.86463,0.04949,0.05323,284.06,426,1127,1926,1926,1933,1688,2020,1425,1758,1897,2020,2020,2020,2017,2017,2017,2017,2133,2132,2291,2137,2978,2965,2978,3421,3418,3612,3735,3805,3732
3430,0.87145,0.86426,0.04949,0.0533,284.14,426,1128,1926,1926,1933,1688,2020,1425,1758,1897,2020,2020,2020,2017,2017,2017,2017,2133,2132,2291,2137,2978,2965,2978,3421,3418,3612,3735,3805,3732
3431,0.87145,0.86464,0.04949,0.05322,284.23,426,1128,1926,1926,1933,1689,2020,1425,1758,1897,2020,2020,2020,2017,2017,2017,2017,2133,2132,2291,2137,2978,2965,2978,3421,3418,3612,3735,3805,3732
3432,0.87145,0.86426,0.04949,0.0533,284.32,426,1129,1926,1926,1933,1689,2020,1425,1758,1897,2020,2020,2020,2017,2017,2017,2017,2133,2132,2291,2137,2978,2965,2978,3421,3418,3612,3735,3805,3732
3433,0.87145,0.86465,0.04949,0.05322,284.4,426,1129,1926,1926,1933,1690,2020,1425,1759,1897,2020,2020,2020,2017,2017,2017,2017,2133,2132,2291,2137,2978,2965,2978,3421,3418,3612,3735,3805,3732
3434,0.87146,0.86423,0.04949,0.05331,284.49,426,1130,1926,1926,1933,1690,2020,1425,1759,1897,2020,2020,2020,2017,2017,2017,2017,2133,2132,2291,2137,2978,2965,2978,3421,3418,3612,3735,3805,3732
3435,0.87146,0.86466,0.04949,0.05322,284.58,426,1130,1926,1926,1933,1690,2020,1425,1759,1897,2020,2020,2020,2017,2017,2017,2017,2133,2132,2291,2137,2978,2965,2978,3421,3418,3612,3735,3805,3732
3436,0.87146,0.86426,0.04948,0.0533,284.66,426,1131,1926,1926,1933,1691,2020,1425,1759,1897,2020,2020,2020,2017,2017,2017,2017,2133,2132,2291,2137,2978,2965,2978,3421,3418,3612,3735,3805,3732
3437,0.87146,0.8647,0.04949,0.05321,284.76,426,1131,1926,1926,1933,1691,2020,1425,1760,1897,2020,2020,2020,2017,2017,2017,2017,2133,2132,2291,2137,2978,2965,2978,3421,3418,3612,3735,3805,3732
3438,0.87147,0.86421,0.04948,0.05331,284.85,426,1132,1926,1926,1933,1692,2020,1425,1760,1897,2020,2020,2020,2017,2017,2017,2017,2133,2132,2291,2137,2978,2965,2978,3421,3418,3612,3735,3805,3732
3439,0.87146,0.86471,0.04949,0.05321,284.95,426,1132,1926,1926,1933,1692,2020,1425,1760,1897,2020,2020,2020,2017,2017,2017,2017,2133,2132,2291,2137,2978,2965,2978,3421,3418,3612,3735,3805,3732
3440,0.87146,0.86416,0.04949,0.05332,285.03,426,1133,1926,1926,1933,1693,2020,1425,1760,1897,2021,2020,2020,2017,2017,2017,2017,2133,2132,2291,2137,2978,2965,2978,3421,3418,3612,3735,3805,3732
3441,0.87145,0.86476,0.04949,0.0532,285.13,426,1133,1926,1926,1933,1693,2020,1425,1761,1897,2020,2020,2020,2017,2017,2017,2017,2133,2132,2291,2137,2978,2965,2978,3421,3418,3612,3735,3805,3732
3442,0.87145,0.86408,0.04949,0.05333,285.21,426,1134,1926,1926,1933,1693,2020,1425,1761,1897,2020,2020,2020,2017,2017,2017,2017,2133,2132,2291,2137,2978,2965,2978,3421,3418,3612,3735,3805,3732
3443,0.87144,0.86483,0.04949,0.05319,285.29,426,1134,1926,1926,1933,1694,2020,1425,1761,1897,2020,2020,2020,2017,2017,2017,2017,2133,2132,2291,2137,2978,2965,2978,3421,3418,3612,3735,3805,3732
3444,0.87144,0.86402,0.04949,0.05335,285.37,426,1135,1926,1926,1933,1694,2020,1425,1761,1897,2020,2020,2020,2017,2017,2017,2017,2133,2132,2291,2137,2978,2965,2978,3421,3418,3612,3735,3805,3732
3445,0.87142,0.86489,0.04949,0.05318,285.46,426,1135,1926,1926,1933,1695,2020,1425,1762,1897,2020,2020,2020,2017,2017,2017,2017,2133,2132,2291,2137,2978,2965,2978,3421,3418,3612,3735,3805,3732
3446,0.87142,0.86394,0.04949,0.05336,285.55,426,1136,1926,1926,1933,1695,2020,1425,1762,1897,2020,2020,2020,2017,2017,2017,2017,2133,2132,2291,2137,2978,2965,2978,3421,3418,3612,3735,3805,3732
3447,0.87141,0.86493,0.0495,0.05317,285.64,426,1136,1926,1926,1933,1696,2020,1425,1762,1897,2020,2020,2020,2017,2017,2017,2017,2133,2132,2291,2137,2978,2965,2978,3421,3418,3612,3735,3805,3732
3448,0.87139,0.86382,0.0495,0.05339,285.72,426,1137,1926,1926,1933,1696,2020,1425,1763,1897,2021,2020,2020,2017,2017,2017,2017,2133,2132,2291,2137,2978,2965,2978,3421,3418,3612,3735,3805,3732
3449,0.87137,0.86496,0.0495,0.05316,285.8,426,1137,1926,1926,1933,1696,2020,1425,1763,1897,2020,2020,2020,2017,2017,2017,2017,2133,2132,2291,2137,2978,2965,2978,3421,3418,3612,3735,3805,3732
3450,0.87136,0.86371,0.0495,0.05341,285.89,426,1138,1926,1926,1933,1697,2020,1425,1763,1897,2020,2020,2020,2017,2017,2017,2017,2133,2132,2291,2137,2978,2965,2978,3421,3418,3612,3735,3806,3732
3451,0.87134,0.86501,0.04951,0.05315,285.97,426,1138,1926,1926,1933,1697,2020,1425,1763,1897,2020,2020,2020,2017,2017,2017,2017,2133,2132,2291,2137,2978,2965,2978,3421,3418,3612,3735,3805,3732
3452,0.87133,0.86361,0.04951,0.05343,286.06,426,1139,1926,1926,1933,1698,2020,1425,1763,1897,2020,2020,2020,2017,2017,2017,2017,2133,2132,2291,2137,2978,2965,2978,3421,3418,3612,3735,3806,3732
3453,0.87131,0.86506,0.04951,0.05314,286.15,426,1139,1926,1926,1933,1698,2020,1425,1764,1897,2020,2020,2020,2017,2017,2017,2017,2133,2132,2291,2137,2978,2965,2978,3421,3418,3612,3735,3805,3732
3454,0.8713,0.86353,0.04952,0.05344,286.23,426,1140,1926,1926,1933,1699,2020,1425,1764,1897,2020,2020,2020,2017,2017,2017,2017,2133,2132,2291,2137,2978,2965,2978,3421,3418,3612,3735,3806,3732
3455,0.87128,0.8651,0.04952,0.05313,286.31,426,1140,1926,1926,1933,1699,2020,1425,1764,1897,2020,2020,2020,2017,2017,2017,2017,2132,2132,2291,2137,2978,2965,2978,3421,3418,3612,3735,3805,3732
3456,0.87127,0.86346,0.04952,0.05346,286.4,426,1141,1926,1926,1933,1699,2020,1425,1765,1897,2021,2020,2020,2017,2017,2017,2017,2132,2132,2291,2137,2978,2965,2978,3421,3418,3612,3735,3806,3732
3457,0.87126,0.86512,0.04952,0.05313,286.49,426,1141,1926,1926,1933,1700,2020,1425,1765,1897,2020,2020,2020,2017,2017,2017,2017,2132,2132,2291,2137,2978,2965,2978,3421,3418,3612,3735,3806,3732
3458,0.87127,0.86344,0.04952,0.05346,286.59,426,1142,1926,1926,1933,1700,2020,1425,1765,1897,2021,2020,2020,2017,2017,2017,2017,2132,2132,2291,2137,2978,2965,2978,3421,3418,3612,3735,3806,3732
3459,0.87129,0.86509,0.04952,0.05314,286.68,426,1142,1926,1926,1933,1701,2020,1425,1765,1897,2020,2020,2020,2017,2017,2017,2017,2132,2132,2291,2137,2978,2965,2978,3421,3418,3612,3735,3806,3732
3460,0.87132,0.86353,0.04951,0.05344,286.76,426,1143,1926,1926,1933,1701,2020,1425,1766,1897,2020,2020,2020,2017,2017,2017,2017,2133,2132,2291,2137,2978,2965,2978,3421,3418,3612,3735,3806,3732
3461,0.87135,0.86508,0.04951,0.05314,286.84,426,1143,1926,1926,1933,1702,2020,1425,1766,1897,2020,2020,2020,2017,2017,2017,2017,2133,2132,2291,2137,2978,2965,2978,3421,3418,3612,3735,3806,3732
3462,0.87139,0.86372,0.0495,0.0534,286.93,426,1144,1926,1926,1933,1702,2020,1425,1766,1897,2020,2020,2020,2017,2017,2017,2017,2133,2132,2291,2137,2978,2965,2978,3421,3418,3612,3735,3806,3732
3463,0.87143,0.86499,0.04949,0.05316,287.01,426,1144,1926,1926,1933,1702,2020,1425,1766,1897,2020,2020,2020,2017,2017,2017,2017,2133,2132,2291,2137,2978,2965,2978,3421,3418,3612,3735,3806,3732
3464,0.87147,0.86397,0.04948,0.05336,287.08,426,1144,1926,1926,1933,1703,2020,1425,1767,1897,2021,2020,2021,2017,2017,2017,2017,2133,2132,2291,2137,2978,2965,2978,3421,3418,3612,3735,3806,3732
3465,0.87151,0.86488,0.04948,0.05318,287.17,426,1145,1926,1926,1933,1703,2020,1425,1767,1897,2021,2020,2020,2017,2017,2017,2017,2133,2132,2291,2137,2978,2965,2978,3421,3418,3612,3735,3806,3732
3466,0.87154,0.86421,0.04947,0.05331,287.26,426,1145,1926,1926,1933,1704,2020,1425,1767,1897,2021,2020,2020,2017,2017,2017,2017,2133,2132,2291,2137,2978,2965,2978,3421,3418,3612,3735,3806,3732
3467,0.87156,0.86472,0.04947,0.05321,287.35,426,1146,1926,1926,1933,1704,2020,1425,1767,1897,2020,2020,2020,2017,2017,2017,2017,2133,2132,2291,2137,2978,2965,2978,3421,3418,3612,3735,3806,3732
3468,0.87157,0.86445,0.04946,0.05326,287.45,426,1146,1926,1926,1933,1704,2020,1425,1768,1897,2020,2020,2020,2017,2017,2017,2017,2133,2132,2291,2137,2978,2965,2978,3421,3418,3612,3735,3806,3732
3469,0.87158,0.8646,0.04946,0.05323,287.53,426,1147,1926,1926,1933,1705,2020,1425,1768,1897,2020,2020,2020,2017,2017,2017,2017,2133,2132,2291,2137,2978,2965,2978,3421,3418,3612,3735,3806,3732
3470,0.87158,0.86462,0.04946,0.05323,287.61,426,1147,1926,1926,1933,1705,2020,1425,1768,1897,2020,2020,2020,2017,2017,2017,2017,2133,2133,2291,2137,2978,2965,2978,3421,3418,3612,3735,3806,3732
3471,0.87158,0.86446,0.04946,0.05326,287.7,426,1148,1926,1926,1933,1706,2020,1425,1768,1897,2020,2020,2020,2017,2017,2017,2017,2133,2133,2291,2137,2978,2965,2978,3421,3418,3612,3735,3806,3732
3472,0.87158,0.86476,0.04946,0.0532,287.79,426,1148,1926,1926,1933,1706,2020,1425,1769,1897,2020,2020,2020,2017,2017,2017,2017,2133,2133,2291,2137,2978,2965,2978,3421,3418,3612,3735,3806,3732
3473,0.87157,0.86431,0.04947,0.05329,287.88,426,1149,1926,1926,1933,1707,2020,1425,1769,1897,2021,2020,2020,2017,2017,2017,2017,2133,2133,2291,2137,2978,2965,2978,3421,3418,3612,3735,3806,3732
3474,0.87155,0.86488,0.04947,0.05318,287.97,426,1149,1926,1926,1933,1707,2020,1425,1769,1897,2020,2020,2020,2017,2017,2017,2017,2133,2133,2291,2137,2978,2965,2978,3421,3418,3612,3735,3806,3732
3475,0.87153,0.86412,0.04947,0.05333,288.06,426,1150,1926,1926,1933,1707,2020,1425,1769,1897,2020,2020,2020,2017,2017,2017,2017,2133,2133,2291,2137,2978,2965,2978,3421,3418,3612,3735,3806,3732
3476,0.87149,0.86501,0.04948,0.05315,288.15,426,1150,1926,1926,1933,1708,2020,1425,1770,1897,2020,2020,2020,2017,2017,2017,2017,2133,2132,2291,2137,2978,2965,2978,3421,3418,3612,3735,3805,3732
3477,0.87145,0.86385,0.04949,0.05338,288.23,426,1151,1926,1926,1933,1708,2020,1425,1770,1897,2020,2020,2020,2017,2017,2017,2017,2133,2132,2291,2137,2978,2965,2978,3421,3418,3612,3735,3806,3732
3478,0.8714,0.86513,0.0495,0.05313,288.31,426,1151,1926,1926,1933,1709,2020,1425,1770,1897,2020,2020,2020,2017,2017,2017,2017,2133,2132,2291,2137,2978,2965,2978,3421,3418,3612,3735,3805,3732
3479,0.87134,0.86354,0.04951,0.05344,288.42,426,1152,1926,1926,1933,1709,2020,1425,1770,1897,2020,2020,2020,2017,2017,2017,2017,2133,2132,2291,2137,2978,2965,2978,3421,3418,3612,3735,3806,3732
3480,0.87126,0.86524,0.04952,0.05311,288.5,426,1152,1926,1926,1933,1709,2020,1425,1771,1897,2020,2020,2020,2017,2017,2017,2017,2133,2132,2291,2137,2978,2965,2978,3421,3418,3612,3735,3805,3732
3481,0.87119,0.8632,0.04954,0.05351,288.59,426,1153,1926,1926,1933,1710,2020,1425,1771,1897,2021,2020,2020,2017,2017,2017,2017,2133,2132,2291,2137,2978,2965,2978,3421,3418,3612,3735,3806,3732
3482,0.87113,0.86528,0.04955,0.0531,288.67,426,1153,1926,1926,1933,1710,2020,1425,1771,1897,2020,2020,2020,2017,2017,2017,2017,2133,2132,2291,2137,2978,2965,2978,3421,3418,3612,3735,3805,3732
3483,0.87108,0.86297,0.04956,0.05355,288.76,426,1154,1926,1926,1933,1711,2020,1425,1771,1897,2021,2020,2021,2017,2017,2017,2017,2133,2132,2291,2137,2978,2965,2978,3421,3418,3612,3735,3806,3732
3484,0.87105,0.86531,0.04956,0.05309,288.84,426,1154,1926,1926,1933,1711,2020,1425,1772,1897,2020,2020,2020,2017,2017,2017,2017,2132,2132,2291,2137,2978,2965,2978,3421,3418,3612,3735,3805,3732
3485,0.87107,0.86292,0.04956,0.05356,288.91,426,1154,1926,1926,1933,1711,2020,1425,1772,1897,2020,2020,2020,2017,2017,2017,2017,2132,2132,2291,2137,2978,2965,2978,3421,3418,3612,3735,3806,3732
3486,0.87112,0.86528,0.04955,0.0531,289.0,426,1155,1926,1926,1933,1712,2020,1425,1772,1897,2020,2020,2020,2017,2017,2017,2017,2132,2132,2291,2137,2978,2965,2978,3421,3418,3612,3735,3805,3732
3487,0.87122,0.86325,0.04953,0.0535,289.08,426,1155,1926,1926,1933,1712,2020,1425,1773,1897,2020,2020,2020,2017,2017,2017,2017,2132,2132,2291,2137,2978,2965,2978,3421,3418,3612,3735,3806,3732
3488,0.87133,0.86523,0.04951,0.05311,289.17,426,1156,1926,1926,1933,1713,2020,1425,1773,1897,2020,2020,2020,2017,2017,2017,2017,2132,2132,2291,2137,2978,2965,2978,3421,3418,3612,3735,3806,3732
3489,0.87145,0.86381,0.04949,0.05339,289.25,426,1156,1926,1926,1933,1713,2020,1425,1773,1897,2020,2020,2020,2017,2017,2017,2017,2132,2132,2291,2137,2978,2965,2978,3421,3418,3612,3735,3806,3732
3490,0.87154,0.86503,0.04947,0.05315,289.33,426,1157,1926,1926,1933,1713,2020,1425,1773,1897,2020,2020,2020,2017,2017,2017,2017,2132,2132,2291,2137,2978,2965,2978,3421,3418,3612,3735,3806,3732
3491,0.87161,0.86435,0.04946,0.05328,289.41,426,1157,1926,1926,1933,1714,2020,1425,1774,1897,2021,2020,2020,2017,2017,2017,2017,2132,2132,2291,2137,2978,2965,2978,3421,3418,3612,3735,3806,3732
3492,0.87164,0.86471,0.04945,0.05321,289.49,426,1158,1926,1926,1933,1714,2020,1425,1774,1897,2020,2020,2020,2017,2017,2017,2017,2133,2132,2291,2137,2978,2965,2978,3421,3418,3612,3735,3806,3732
3493,0.87164,0.86474,0.04945,0.0532,289.57,426,1158,1926,1926,1933,1715,2020,1425,1774,1897,2020,2020,2020,2017,2017,2017,2017,2133,2133,2291,2137,2978,2965,2978,3421,3418,3612,3735,3806,3732
3494,0.87162,0.86436,0.04945,0.05328,289.65,426,1159,1926,1926,1933,1715,2020,1425,1774,1897,2020,2020,2020,2018,2017,2017,2017,2133,2133,2291,2137,2978,2965,2978,3421,3418,3612,3735,3806,3732
3495,0.87159,0.86497,0.04946,0.05316,289.73,426,1159,1926,1926,1933,1716,2020,1425,1775,1897,2020,2020,2020,2017,2017,2017,2017,2133,2133,2291,2137,2978,2965,2978,3421,3418,3612,3735,3806,3732
3496,0.87156,0.86406,0.04947,0.05334,289.81,426,1160,1926,1926,1933,1716,2020,1425,1775,1897,2020,2020,2020,2018,2017,2017,2017,2133,2133,2291,2137,2978,2965,2978,3421,3418,3612,3735,3806,3732
3497,0.87151,0.86512,0.04948,0.05313,289.89,426,1160,1926,1926,1933,1716,2020,1425,1775,1897,2020,2020,2020,2017,2017,2017,2017,2133,2132,2291,2137,2978,2965,2978,3421,3418,3612,3735,3806,3732
3498,0.87147,0.86382,0.04948,0.05339,289.98,426,1161,1926,1926,1933,1717,2020,1425,1775,1897,2020,2020,2020,2018,2017,2017,2017,2133,2132,2291,2137,2978,2965,2978,3421,3418,3612,3735,3806,3732
3499,0.87144,0.8652,0.04949,0.05311,290.06,426,1161,1926,1926,1933,1717,2020,1425,1776,1897,2020,2020,2020,2017,2017,2017,2017,2133,2132,2291,2137,2978,2965,2978,3421,3418,3612,3735,3806,3732
3500,0.87143,0.8637,0.04949,0.05341,290.14,426,1162,1926,1926,1932,1718,2020,1425,1776,1897,2020,2020,2020,2017,2017,2017,2017,2133,2132,2291,2137,2978,2965,2978,3421,3418,3612,3735,3806,3732
3501,0.87143,0.86523,0.04949,0.05311,290.23,426,1162,1926,1926,1932,1718,2020,1425,1776,1897,2020,2020,2020,2017,2017,2017,2017,2133,2132,2291,2137,2978,2965,2978,3421,3418,3612,3735,3806,3732
3502,0.87145,0.86374,0.04949,0.0534,290.33,426,1163,1926,1926,1932,1718,2020,1425,1776,1897,2020,2020,2020,2017,2017,2017,2017,2133,2132,2291,2137,2978,2965,2978,3421,3418,3612,3735,3806,3732
3503,0.87148,0.86517,0.04948,0.05312,290.42,426,1163,1926,1926,1932,1719,2020,1425,1777,1897,2020,2020,2020,2017,2017,2017,2017,2133,2132,2291,2137,2978,2965,2978,3421,3418,3612,3735,3806,3732
3504,0.87153,0.86396,0.04947,0.05336,290.51,426,1163,1926,1926,1932,1719,2020,1425,1777,1897,2020,2020,2020,2017,2017,2017,2017,2133,2132,2291,2137,2978,2965,2978,3421,3418,3612,3735,3806,3732
3505,0.87157,0.86508,0.04946,0.05314,290.6,426,1164,1926,1926,1932,1720,2020,1425,1777,1897,2020,2020,2020,2017,2017,2017,2017,2133,2132,2291,2137,2978,2965,2978,3421,3418,3612,3735,3806,3732
3506,0.87161,0.86421,0.04946,0.05331,290.69,426,1164,1926,1926,1932,1720,2020,1425,1777,1897,2020,2020,2020,2017,2017,2017,2017,2133,2133,2291,2137,2978,2965,2978,3421,3418,3612,3735,3806,3732
3507,0.87164,0.86493,0.04945,0.05317,290.77,426,1165,1926,1926,1932,1720,2020,1425,1778,1898,2020,2020,2020,2017,2017,2017,2017,2133,2133,2291,2137,2978,2965,2978,3421,3418,3612,3735,3806,3732
3508,0.87166,0.86447,0.04945,0.05326,290.87,426,1165,1926,1926,1932,1721,2020,1425,1778,1898,2020,2020,2020,2017,2017,2017,2017,2133,2133,2291,2137,2978,2965,2978,3421,3418,3612,3735,3806,3732
3509,0.87168,0.86477,0.04944,0.0532,290.96,426,1166,1926,1926,1932,1721,2020,1425,1778,1898,2020,2020,2020,2017,2017,2017,2017,2133,2133,2291,2137,2978,2965,2978,3421,3418,3612,3735,3806,3732
3510,0.87168,0.86465,0.04944,0.05322,291.04,426,1166,1926,1926,1932,1722,2020,1425,1778,1898,2020,2020,2020,2017,2017,2017,2017,2133,2133,2291,2137,2978,2965,2978,3421,3418,3612,3735,3806,3732
3511,0.87168,0.86464,0.04944,0.05322,291.12,426,1167,1926,1926,1932,1722,2020,1425,1778,1898,2020,2020,2020,2018,2017,2017,2017,2133,2133,2291,2137,2978,2965,2978,3421,3418,3612,3735,3805,3732
3512,0.87168,0.86483,0.04944,0.05319,291.21,426,1167,1926,1926,1932,1722,2020,1425,1779,1898,2020,2020,2020,2017,2017,2017,2017,2133,2133,2291,2137,2978,2965,2978,3421,3418,3612,3735,3805,3732
3513,0.87167,0.86447,0.04944,0.05326,291.29,426,1168,1926,1926,1932,1723,2020,1425,1779,1898,2020,2020,2020,2018,2017,2017,2017,2133,2133,2291,2137,2978,2965,2978,3421,3418,3612,3735,3805,3732
3514,0.87166,0.86491,0.04945,0.05317,291.38,426,1168,1926,1926,1932,1723,2020,1425,1779,1898,2020,2020,2020,2017,2017,2017,2017,2133,2133,2291,2137,2978,2965,2978,3421,3418,3612,3735,3805,3732
3515,0.87166,0.8644,0.04945,0.05327,291.46,426,1169,1926,1926,1932,1724,2020,1425,1779,1898,2020,2020,2020,2017,2017,2017,2017,2133,2133,2291,2137,2978,2965,2978,3421,3418,3612,3735,3805,3732
3516,0.87164,0.86503,0.04945,0.05315,291.55,426,1169,1926,1926,1932,1724,2020,1425,1780,1898,2020,2020,2020,2017,2017,2017,2017,2133,2132,2291,2137,2978,2965,2978,3421,3418,3612,3735,3805,3732
3517,0.87163,0.86424,0.04945,0.0533,291.62,426,1170,1926,1926,1932,1724,2020,1425,1780,1898,2020,2020,2020,2017,2017,2017,2017,2133,2132,2291,2137,2978,2965,2978,3421,3418,3612,3735,3805,3732
3518,0.87162,0.86509,0.04945,0.05314,291.72,426,1170,1926,1926,1932,1725,2020,1425,1780,1898,2020,2020,2020,2017,2017,2017,2017,2133,2132,2291,2137,2978,2965,2978,3421,3418,3612,3735,3805,3732
3519,0.87161,0.86419,0.04946,0.05331,291.8,426,1171,1926,1926,1932,1725,2020,1425,1780,1898,2020,2020,2020,2017,2017,2017,2017,2133,2132,2291,2137,2978,2965,2978,3421,3418,3612,3735,3805,3732
3520,0.8716,0.86515,0.04946,0.05312,291.89,426,1171,1926,1926,1932,1726,2020,1425,1781,1898,2020,2020,2020,2017,2017,2017,2017,2133,2132,2291,2137,2978,2965,2978,3421,3418,3612,3735,3805,3732
3521,0.87159,0.86404,0.04946,0.05334,291.98,426,1172,1926,1926,1932,1726,2020,1425,1781,1898,2020,2020,2020,2017,2017,2017,2017,2133,2132,2291,2137,2978,2965,2978,3421,3418,3612,3735,3805,3732
3522,0.87157,0.86518,0.04946,0.05312,292.07,426,1172,1926,1926,1932,1726,2020,1425,1781,1898,2020,2020,2020,2017,2017,2017,2017,2133,2132,2291,2137,2978,2965,2978,3421,3418,3612,3735,3805,3732
3523,0.87156,0.86397,0.04947,0.05336,292.16,426,1173,1926,1926,1932,1727,2020,1425,1781,1898,2020,2020,2020,2017,2017,2017,2017,2133,2132,2291,2137,2978,2965,2978,3421,3418,3612,3735,3805,3732
3524,0.87154,0.86524,0.04947,0.05311,292.24,426,1173,1926,1926,1932,1727,2020,1425,1782,1898,2020,2020,2020,2017,2017,2017,2017,2133,2132,2291,2137,2978,2965,2978,3421,3418,3612,3735,3805,3732
3525,0.87153,0.86385,0.04947,0.05338,292.32,426,1173,1926,1926,1932,1728,2020,1425,1782,1898,2020,2020,2020,2017,2017,2017,2017,2133,2132,2291,2137,2978,2965,2978,3421,3418,3612,3735,3805,3732
3526,0.87151,0.86527,0.04948,0.0531,292.42,426,1174,1926,1926,1932,1728,2020,1425,1782,1898,2020,2020,2020,2017,2017,2017,2017,2133,2132,2291,2137,2978,2965,2978,3421,3418,3612,3735,3805,3732
3527,0.8715,0.8638,0.04948,0.05339,292.51,426,1174,1926,1926,1932,1728,2020,1425,1782,1898,2020,2020,2020,2017,2017,2017,2017,2133,2132,2291,2137,2978,2965,2978,3421,3418,3612,3735,3805,3732
3528,0.87149,0.8653,0.04948,0.05309,292.59,426,1175,1926,1926,1932,1729,2020,1425,1783,1898,2020,2020,2020,2017,2017,2017,2017,2133,2132,2291,2137,2978,2965,2978,3421,3418,3612,3735,3805,3732
3529,0.87148,0.8637,0.04948,0.05341,292.67,426,1175,1926,1926,1932,1729,2020,1425,1783,1898,2020,2020,2020,2017,2017,2017,2017,2133,2132,2291,2137,2978,2965,2978,3421,3418,3612,3735,3806,3732
3530,0.87147,0.86533,0.04948,0.05309,292.77,426,1176,1926,1926,1932,1730,2020,1425,1783,1898,2020,2020,2020,2017,2017,2017,2017,2133,2132,2291,2137,2978,2965,2978,3421,3418,3612,3735,3805,3732
3531,0.87147,0.86371,0.04948,0.05341,292.86,426,1176,1926,1926,1932,1730,2020,1425,1783,1899,2020,2020,2020,2017,2017,2017,2017,2133,2132,2291,2137,2978,2965,2978,3421,3418,3612,3735,3806,3732
3532,0.87147,0.86534,0.04948,0.05309,292.95,426,1177,1926,1926,1932,1731,2020,1425,1783,1899,2020,2020,2020,2017,2017,2017,2017,2132,2132,2291,2137,2978,2965,2978,3421,3418,3612,3735,3805,3732
3533,0.87148,0.8637,0.04948,0.05341,293.03,426,1177,1926,1926,1932,1731,2020,1425,1784,1899,2020,2020,2020,2017,2017,2017,2017,2132,2132,2291,2137,2978,2965,2978,3421,3418,3612,3735,3806,3732
3534,0.8715,0.86532,0.04948,0.05309,293.11,426,1178,1926,1926,1932,1731,2020,1425,1784,1899,2020,2020,2020,2017,2017,2017,2017,2132,2132,2291,2137,2978,2965,2978,3421,3418,3612,3735,3805,3732
3535,0.87153,0.86384,0.04947,0.05338,293.2,426,1178,1926,1926,1932,1732,2020,1425,1784,1899,2020,2020,2020,2017,2017,2017,2017,2133,2132,2291,2137,2978,2965,2978,3421,3418,3612,3735,3806,3732
3536,0.87155,0.8653,0.04947,0.05309,293.28,426,1179,1926,1926,1932,1732,2020,1425,1784,1899,2020,2020,2020,2017,2017,2017,2017,2133,2132,2291,2137,2978,2965,2978,3421,3418,3612,3735,3806,3732
3537,0.87159,0.86397,0.04946,0.05336,293.37,426,1179,1926,1926,1932,1733,2020,1425,1785,1899,2020,2020,2020,2017,2017,2017,2017,2133,2132,2291,2137,2978,2965,2978,3421,3418,3612,3735,3806,3732
3538,0.87162,0.86521,0.04946,0.05311,293.45,426,1180,1926,1926,1932,1733,2020,1425,1785,1899,2020,2020,2020,2017,2017,2017,2017,2133,2132,2291,2137,2978,2965,2978,3421,3418,3612,3735,3806,3732
3539,0.87166,0.86419,0.04945,0.05331,293.53,426,1180,1926,1926,1932,1733,2020,1425,1785,1899,2020,2020,2020,2017,2017,2017,2017,2133,2132,2291,2137,2978,2965,2978,3421,3418,3612,3735,3806,3732
3540,0.87168,0.86512,0.04944,0.05313,293.62,426,1181,1926,1926,1932,1734,2020,1425,1785,1899,2020,2020,2020,2017,2017,2017,2017,2133,2132,2291,2137,2978,2965,2978,3421,3418,3612,3735,3806,3732
3541,0.87171,0.86439,0.04944,0.05327,293.72,426,1181,1926,1926,1932,1734,2020,1425,1786,1899,2020,2020,2020,2017,2017,2017,2017,2133,2132,2291,2137,2978,2965,2978,3421,3418,3612,3735,3806,3732
3542,0.87173,0.865,0.04943,0.05315,293.81,426,1182,1926,1926,1932,1735,2020,1425,1786,1899,2020,2020,2020,2017,2017,2017,2017,2133,2132,2291,2137,2978,2965,2978,3421,3418,3612,3735,3806,3732
3543,0.87175,0.8646,0.04943,0.05323,293.9,426,1182,1926,1926,1932,1735,2020,1425,1786,1899,2020,2020,2020,2017,2017,2017,2017,2133,2132,2291,2137,2978,2965,2978,3421,3418,3612,3735,3806,3732
3544,0.87176,0.86489,0.04943,0.05318,293.98,426,1183,1926,1926,1932,1736,2020,1425,1786,1899,2020,2020,2020,2017,2017,2017,2017,2133,2133,2291,2137,2978,2965,2978,3421,3418,3612,3735,3806,3732
3545,0.87177,0.86472,0.04943,0.05321,294.08,426,1183,1926,1926,1932,1736,2020,1425,1787,1899,2020,2020,2020,2017,2017,2017,2017,2133,2133,2291,2137,2978,2965,2978,3421,3418,3612,3735,3806,3732
3546,0.87177,0.8648,0.04943,0.05319,294.17,426,1183,1926,1926,1932,1736,2020,1425,1787,1899,2020,2020,2020,2017,2017,2017,2017,2133,2133,2291,2137,2978,2965,2978,3421,3418,3612,3735,3806,3732
3547,0.87177,0.86482,0.04943,0.05319,294.26,426,1184,1926,1926,1932,1737,2020,1425,1787,1899,2020,2020,2020,2017,2017,2017,2017,2133,2133,2291,2137,2978,2965,2978,3421,3418,3612,3735,3805,3732
3548,0.87177,0.86469,0.04943,0.05322,294.35,426,1184,1926,1926,1932,1737,2020,1425,1787,1900,2020,2020,2020,2017,2017,2017,2017,2133,2133,2291,2137,2978,2965,2978,3421,3418,3612,3735,3805,3732
3549,0.87177,0.86495,0.04943,0.05316,294.43,426,1185,1926,1926,1932,1738,2020,1425,1788,1900,2020,2020,2020,2017,2017,2017,2017,2133,2133,2291,2137,2978,2965,2978,3421,3418,3612,3734,3805,3731
3550,0.87176,0.8646,0.04943,0.05323,294.52,426,1185,1926,1926,1932,1738,2020,1425,1788,1900,2020,2020,2020,2017,2017,2017,2017,2133,2133,2291,2137,2978,2965,2978,3421,3418,3612,3734,3805,3731
3551,0.87175,0.86501,0.04943,0.05315,294.6,426,1186,1926,1926,1932,1738,2020,1425,1788,1900,2020,2020,2020,2017,2017,2017,2017,2133,2133,2291,2137,2978,2965,2978,3421,3418,3612,3734,3805,3731
3552,0.87174,0.86446,0.04943,0.05326,294.68,426,1186,1926,1926,1932,1739,2020,1425,1788,1900,2020,2020,2020,2017,2017,2017,2017,2133,2133,2291,2137,2978,2965,2978,3421,3418,3612,3734,3805,3731
3553,0.87172,0.86518,0.04944,0.05312,294.76,426,1187,1926,1926,1932,1739,2020,1425,1789,1900,2020,2020,2020,2017,2017,2017,2017,2133,2132,2291,2137,2978,2965,2978,3421,3418,3612,3734,3805,3731
3554,0.8717,0.86428,0.04944,0.05329,294.85,426,1187,1926,1926,1932,1740,2020,1425,1789,1900,2020,2020,2020,2017,2017,2017,2017,2133,2132,2291,2137,2978,2965,2978,3421,3418,3612,3734,3805,3731
3555,0.87166,0.86526,0.04945,0.0531,294.95,426,1188,1926,1926,1932,1740,2020,1425,1789,1900,2020,2020,2020,2017,2017,2017,2017,2133,2132,2291,2137,2978,2965,2978,3421,3418,3612,3734,3805,3731
3556,0.87162,0.86402,0.04945,0.05335,295.04,426,1188,1926,1926,1932,1740,2020,1425,1789,1900,2020,2020,2020,2017,2017,2017,2017,2133,2132,2291,2137,2978,2965,2978,3421,3418,3612,3734,3805,3731
3557,0.87156,0.86541,0.04947,0.05307,295.13,426,1189,1926,1926,1932,1741,2020,1425,1790,1900,2020,2020,2020,2017,2017,2017,2017,2133,2132,2291,2137,2978,2965,2978,3421,3418,3612,3734,3805,3731
3558,0.87149,0.86366,0.04948,0.05342,295.21,426,1189,1926,1926,1932,1741,2020,1425,1790,1900,2020,2020,2020,2017,2017,2017,2017,2133,2132,2291,2137,2978,2965,2978,3421,3418,3612,3734,3805,3731
3559,0.8714,0.86548,0.0495,0.05306,295.3,426,1190,1926,1926,1932,1742,2020,1425,1790,1900,2020,2020,2020,2017,2017,2017,2017,2133,2132,2291,2137,2978,2965,2978,3421,3418,3612,3734,3805,3731
3560,0.87131,0.86328,0.04951,0.05349,295.39,426,1190,1926,1926,1932,1742,2020,1425,1790,1900,2020,2020,2020,2017,2017,2017,2017,2133,2132,2291,2137,2978,2965,2978,3421,3418,3612,3734,3805,3732
3561,0.87121,0.86557,0.04953,0.05304,295.46,426,1191,1926,1926,1932,1742,2020,1425,1790,1900,2020,2020,2020,2017,2017,2017,2017,2133,2132,2291,2137,2978,2965,2978,3421,3418,3612,3734,3805,3731
3562,0.87115,0.86293,0.04955,0.05356,295.54,426,1191,1926,1926,1932,1743,2020,1425,1791,1900,2020,2020,2020,2017,2017,2017,2017,2132,2132,2291,2137,2978,2965,2978,3421,3418,3612,3734,3805,3732
3563,0.87113,0.86552,0.04955,0.05305,295.63,426,1192,1926,1926,1932,1743,2020,1425,1791,1900,2020,2020,2020,2017,2017,2017,2017,2132,2132,2291,2137,2978,2965,2978,3421,3418,3612,3734,3805,3731
3564,0.87117,0.86298,0.04954,0.05355,295.71,426,1192,1926,1926,1932,1744,2020,1425,1791,1900,2020,2020,2020,2017,2017,2017,2017,2132,2132,2291,2137,2978,2965,2978,3421,3418,3612,3734,3805,3732
3565,0.87127,0.86556,0.04952,0.05304,295.8,426,1192,1926,1926,1932,1744,2020,1425,1791,1901,2020,2020,2020,2017,2017,2017,2017,2132,2132,2291,2137,2978,2965,2978,3421,3418,3612,3734,3805,3731
3566,0.87141,0.86345,0.0495,0.05346,295.9,426,1193,1926,1926,1932,1744,2020,1425,1792,1901,2020,2020,2020,2017,2017,2017,2017,2132,2132,2291,2137,2978,2965,2978,3421,3418,3612,3734,3806,3732
3567,0.87156,0.86539,0.04947,0.05308,295.99,426,1193,1926,1926,1932,1745,2020,1425,1792,1901,2020,2020,2020,2017,2017,2017,2017,2132,2132,2291,2137,2978,2965,2978,3421,3418,3612,3734,3805,3731
3568,0.8717,0.8642,0.04944,0.05331,296.07,426,1194,1926,1926,1932,1745,2020,1425,1792,1901,2020,2020,2020,2017,2017,2017,2017,2132,2132,2291,2137,2978,2965,2978,3421,3418,3612,3734,3806,3732
3569,0.87178,0.8651,0.04942,0.05313,296.16,426,1194,1926,1926,1932,1746,2020,1425,1792,1901,2020,2020,2020,2017,2017,2017,2017,2132,2132,2291,2137,2978,2965,2978,3421,3418,3612,3734,3806,3731
3570,0.87182,0.86478,0.04942,0.0532,296.26,426,1195,1926,1926,1932,1746,2020,1425,1793,1901,2020,2020,2020,2017,2017,2017,2017,2133,2132,2291,2137,2978,2965,2978,3421,3418,3612,3734,3806,3731
3571,0.87181,0.86463,0.04942,0.05323,296.33,426,1195,1926,1926,1932,1746,2020,1425,1793,1901,2020,2020,2020,2017,2017,2017,2017,2133,2133,2291,2137,2978,2965,2978,3421,3418,3612,3734,3806,3731
3572,0.87176,0.86525,0.04943,0.0531,296.42,426,1196,1926,1926,1932,1747,2020,1425,1793,1901,2020,2020,2020,2017,2017,2017,2017,2133,2132,2291,2137,2978,2965,2978,3421,3418,3612,3734,3806,3731
3573,0.8717,0.86418,0.04944,0.05331,296.5,426,1196,1926,1926,1932,1747,2020,1425,1793,1901,2020,2020,2020,2018,2017,2017,2018,2133,2133,2291,2137,2978,2965,2978,3421,3418,3612,3734,3806,3732
3574,0.87162,0.86541,0.04945,0.05307,296.59,426,1197,1926,1926,1932,1748,2020,1425,1794,1901,2020,2020,2020,2017,2017,2017,2017,2133,2132,2291,2137,2978,2965,2978,3421,3418,3612,3734,3806,3731
3575,0.87155,0.86377,0.04947,0.0534,296.67,426,1197,1926,1926,1932,1748,2020,1425,1794,1901,2020,2020,2020,2018,2017,2017,2018,2133,2132,2291,2137,2978,2965,2978,3421,3418,3612,3734,3806,3732
3576,0.87148,0.86555,0.04948,0.05305,296.75,426,1198,1926,1926,1932,1748,2020,1425,1794,1901,2020,2020,2020,2017,2017,2017,2017,2133,2132,2291,2137,2978,2965,2978,3421,3418,3612,3734,3806,3731
3577,0.87145,0.86352,0.04949,0.05344,296.84,426,1198,1926,1926,1932,1749,2020,1425,1794,1901,2020,2020,2020,2017,2017,2017,2017,2133,2132,2291,2137,2978,2965,2978,3421,3418,3612,3734,3806,3732
3578,0.87144,0.86552,0.04949,0.05305,296.92,426,1199,1926,1926,1932,1749,2020,1425,1795,1901,2020,2020,2020,2017,2017,2017,2017,2133,2132,2291,2137,2978,2965,2978,3421,3418,3612,3734,3806,3731
3579,0.87147,0.8636,0.04948,0.05343,297.01,426,1199,1926,1926,1932,1750,2020,1425,1795,1901,2020,2020,2020,2017,2017,2017,2017,2133,2132,2291,2137,2978,2965,2978,3421,3418,3612,3734,3806,3732
3580,0.87154,0.86556,0.04947,0.05304,297.08,426,1200,1926,1926,1932,1750,2020,1425,1795,1902,2020,2020,2020,2017,2017,2017,2017,2133,2132,2291,2137,2978,2965,2978,3421,3418,3612,3734,3806,3731
3581,0.87163,0.86393,0.04945,0.05336,297.17,426,1200,1926,1926,1932,1751,2020,1425,1795,1902,2020,2020,2020,2017,2017,2017,2017,2133,2132,2291,2137,2978,2965,2978,3421,3418,3612,3734,3806,3732
3582,0.87171,0.86536,0.04944,0.05308,297.25,426,1201,1926,1926,1932,1751,2020,1425,1796,1902,2020,2020,2020,2017,2017,2017,2017,2133,2132,2291,2137,2978,2965,2978,3421,3418,3612,3734,3806,3731
3583,0.87179,0.86451,0.04942,0.05325,297.32,426,1201,1926,1926,1932,1751,2020,1425,1796,1902,2020,2020,2020,2017,2017,2017,2017,2133,2132,2291,2137,2978,2965,2978,3421,3418,3612,3734,3806,3731
3584,0.87184,0.86505,0.04941,0.05314,297.41,426,1201,1926,1926,1932,1752,2020,1425,1796,1902,2020,2020,2020,2017,2017,2017,2017,2133,2132,2291,2137,2978,2965,2978,3421,3418,3612,3734,3806,3731
3585,0.87185,0.86487,0.04941,0.05318,297.49,426,1202,1926,1926,1932,1752,2020,1425,1796,1902,2020,2020,2020,2017,2017,2017,2017,2133,2132,2291,2137,2978,2965,2978,3421,3418,3612,3734,3806,3731
3586,0.87184,0.86467,0.04941,0.05322,297.58,426,1202,1926,1926,1932,1753,2020,1425,1797,1902,2020,2020,2020,2017,2017,2017,2017,2133,2133,2291,2137,2978,2965,2978,3421,3418,3612,3734,3806,3731
3587,0.87181,0.86523,0.04942,0.05311,297.65,426,1203,1926,1926,1932,1753,2020,1425,1797,1902,2020,2020,2020,2018,2017,2017,2017,2133,2132,2291,2137,2978,2965,2978,3421,3418,3612,3734,3806,3731
3588,0.87177,0.86432,0.04943,0.05329,297.73,426,1203,1926,1926,1932,1753,2020,1425,1797,1902,2020,2020,2020,2018,2017,2017,2018,2133,2133,2291,2137,2978,2965,2978,3421,3418,3612,3734,3806,3731
3589,0.87172,0.86538,0.04943,0.05308,297.81,426,1204,1926,1926,1932,1754,2020,1425,1797,1902,2020,2020,2020,2018,2017,2017,2017,2133,2132,2291,2137,2978,2965,2978,3421,3418,3612,3734,3805,3731
3590,0.87169,0.8641,0.04944,0.05333,297.88,426,1204,1926,1926,1932,1754,2020,1425,1798,1902,2020,2020,2020,2018,2017,2017,2018,2133,2132,2291,2137,2978,2965,2978,3421,3418,3612,3734,3806,3731
3591,0.87166,0.86555,0.04945,0.05305,297.97,426,1205,1926,1926,1932,1755,2020,1425,1798,1902,2020,2020,2020,2017,2017,2017,2017,2133,2132,2291,2137,2978,2965,2978,3421,3418,3612,3734,3805,3731
3592,0.87165,0.864,0.04945,0.05335,298.07,426,1205,1926,1926,1932,1755,2020,1425,1798,1902,2020,2020,2020,2017,2017,2017,2017,2133,2132,2291,2137,2978,2965,2978,3421,3418,3612,3734,3805,3731
3593,0.87165,0.86552,0.04945,0.05305,298.16,426,1206,1926,1926,1932,1755,2020,1425,1798,1902,2020,2020,2020,2017,2017,2017,2017,2133,2132,2291,2137,2978,2965,2978,3421,3418,3612,3734,3805,3731
3594,0.87168,0.86408,0.04944,0.05334,298.27,426,1206,1926,1926,1932,1756,2020,1425,1799,1902,2020,2020,2020,2017,2017,2017,2017,2133,2132,2291,2137,2978,2965,2978,3421,3418,3612,3734,3805,3731
3595,0.87172,0.86545,0.04944,0.05307,298.37,426,1207,1926,1926,1932,1756,2020,1425,1799,1902,2020,2020,2020,2017,2017,2017,2017,2133,2132,2291,2137,2978,2965,2978,3421,3418,3612,3734,3805,3731
3596,0.87177,0.86429,0.04943,0.05329,298.45,426,1207,1926,1926,1932,1757,2020,1425,1799,1902,2020,2020,2020,2017,2017,2017,2017,2133,2132,2291,2137,2978,2965,2978,3421,3418,3612,3734,3805,3731
3597,0.87182,0.86528,0.04942,0.0531,298.54,426,1208,1926,1926,1932,1757,2020,1425,1799,1902,2020,2020,2020,2017,2017,2017,2017,2133,2132,2291,2137,2978,2965,2978,3421,3418,3612,3734,3805,3731
3598,0.87186,0.86465,0.04941,0.05322,298.63,426,1208,1926,1926,1932,1757,2020,1425,1800,1902,2020,2020,2020,2017,2017,2017,2017,2133,2133,2291,2137,2978,2965,2978,3421,3418,3612,3734,3805,3731
3599,0.87188,0.86506,0.0494,0.05314,298.71,426,1209,1926,1926,1932,1758,2020,1425,1800,1902,2020,2020,2020,2017,2017,2017,2017,2133,2133,2291,2137,2978,2965,2978,3421,3418,3612,3734,3805,3731
3600,0.87189,0.86495,0.0494,0.05316,298.79,426,1209,1926,1926,1932,1758,2020,1425,1800,1902,2020,2020,2020,2017,2017,2017,2017,2133,2133,2291,2137,2978,2965,2978,3421,3418,3612,3734,3805,3731
3601,0.87189,0.86482,0.0494,0.05319,298.87,426,1210,1926,1926,1932,1759,2020,1425,1800,1902,2020,2020,2020,2017,2017,2017,2017,2133,2133,2291,2137,2978,2965,2978,3421,3418,3612,3734,3805,3731
3602,0.87187,0.86519,0.04941,0.05312,298.96,426,1210,1926,1926,1932,1759,2020,1425,1801,1902,2020,2020,2020,2017,2017,2017,2017,2133,2133,2291,2137,2978,2965,2978,3421,3418,3612,3734,3805,3731
3603,0.87186,0.8646,0.04941,0.05323,299.04,426,1210,1926,1926,1932,1759,2020,1425,1801,1901,2020,2020,2020,2018,2017,2017,2017,2133,2133,2291,2137,2978,2965,2978,3421,3418,3612,3734,3805,3731
3604,0.87184,0.86532,0.04941,0.05309,299.13,426,1211,1926,1926,1932,1760,2020,1425,1801,1901,2020,2020,2020,2018,2017,2017,2017,2133,2133,2291,2137,2978,2965,2978,3421,3418,3612,3734,3805,3731
3605,0.87182,0.86443,0.04942,0.05327,299.22,426,1211,1926,1926,1932,1760,2020,1425,1801,1901,2020,2020,2020,2018,2017,2017,2018,2133,2133,2291,2137,2978,2965,2978,3421,3418,3612,3734,3805,3731
3606,0.8718,0.86539,0.04942,0.05308,299.3,426,1212,1926,1926,1932,1761,2020,1425,1802,1901,2020,2020,2020,2017,2017,2017,2017,2133,2132,2291,2137,2978,2965,2978,3421,3418,3612,3734,3805,3731
3607,0.87178,0.86429,0.04942,0.05329,299.39,426,1212,1926,1926,1932,1761,2020,1425,1802,1901,2020,2020,2020,2017,2017,2017,2017,2133,2132,2291,2137,2978,2965,2978,3421,3418,3612,3734,3805,3731
3608,0.87176,0.86551,0.04943,0.05305,299.48,426,1213,1926,1926,1932,1761,2020,1425,1802,1901,2020,2020,2020,2017,2017,2017,2017,2133,2132,2291,2137,2978,2965,2978,3421,3418,3612,3734,3805,3731
3609,0.87175,0.86423,0.04943,0.0533,299.57,426,1213,1926,1926,1932,1762,2020,1425,1802,1901,2020,2020,2020,2017,2017,2017,2017,2133,2132,2291,2137,2978,2965,2978,3421,3418,3612,3734,3805,3731
3610,0.87174,0.86555,0.04943,0.05305,299.64,426,1214,1926,1926,1932,1762,2020,1425,1803,1901,2020,2020,2020,2017,2017,2017,2017,2133,2132,2291,2137,2978,2965,2978,3421,3418,3612,3734,3805,3731
3611,0.87176,0.86424,0.04943,0.0533,299.73,426,1214,1926,1926,1932,1763,2020,1425,1803,1901,2021,2020,2020,2017,2017,2017,2017,2133,2132,2291,2137,2978,2965,2978,3421,3418,3612,3734,3805,3731
3612,0.87178,0.8655,0.04942,0.05305,299.82,426,1215,1926,1926,1932,1763,2020,1425,1803,1901,2020,2020,2020,2017,2017,2017,2017,2133,2132,2291,2137,2978,2965,2978,3421,3418,3612,3734,3805,3731
3613,0.8718,0.86432,0.04942,0.05329,299.91,426,1215,1926,1926,1932,1763,2020,1425,1803,1901,2020,2020,2020,2017,2017,2017,2017,2133,2132,2291,2137,2978,2965,2978,3421,3418,3612,3734,3805,3731
3614,0.87182,0.86542,0.04942,0.05307,299.99,426,1216,1926,1926,1932,1764,2020,1425,1804,1901,2020,2020,2020,2017,2017,2017,2017,2133,2132,2291,2137,2978,2965,2978,3421,3418,3612,3734,3805,3731
3615,0.87185,0.86448,0.04941,0.05326,300.08,426,1216,1926,1926,1932,1764,2020,1425,1804,1901,2020,2020,2020,2017,2017,2017,2017,2133,2133,2291,2137,2978,2965,2978,3421,3418,3612,3734,3805,3731
3616,0.87186,0.86536,0.04941,0.05308,300.18,426,1217,1926,1926,1932,1765,2020,1425,1804,1901,2020,2020,2020,2017,2017,2017,2017,2133,2132,2291,2137,2978,2965,2978,3421,3418,3612,3734,3805,3731
3617,0.87188,0.86454,0.0494,0.05324,300.25,426,1217,1926,1926,1932,1765,2020,1425,1804,1901,2020,2020,2020,2017,2017,2017,2017,2133,2133,2291,2137,2978,2965,2978,3421,3418,3612,3734,3805,3731
3618,0.87189,0.86535,0.0494,0.05308,300.35,426,1218,1926,1926,1932,1765,2020,1425,1805,1901,2020,2020,2020,2017,2017,2017,2017,2133,2132,2291,2137,2978,2965,2978,3421,3418,3612,3734,3805,3731
3619,0.8719,0.86468,0.0494,0.05322,300.43,426,1218,1926,1926,1932,1766,2020,1425,1805,1901,2020,2020,2020,2017,2017,2017,2017,2133,2133,2291,2137,2978,2965,2978,3421,3418,3612,3734,3805,3731
3620,0.87191,0.86529,0.0494,0.0531,300.53,426,1219,1926,1926,1932,1766,2020,1425,1805,1901,2020,2020,2020,2017,2017,2017,2017,2133,2132,2291,2137,2978,2965,2978,3421,3418,3612,3734,3805,3731
3621,0.87192,0.86474,0.0494,0.0532,300.62,426,1219,1926,1926,1932,1767,2020,1425,1805,1901,2020,2020,2020,2017,2017,2017,2017,2133,2132,2291,2137,2978,2965,2978,3421,3418,3612,3734,3805,3731
3622,0.87192,0.86528,0.0494,0.0531,300.7,426,1219,1926,1926,1932,1767,2020,1425,1805,1901,2020,2020,2020,2017,2017,2017,2017,2133,2132,2291,2137,2978,2965,2978,3421,3418,3612,3734,3805,3731
3623,0.87193,0.8648,0.0494,0.05319,300.78,426,1220,1926,1926,1932,1767,2020,1425,1806,1901,2020,2020,2020,2017,2017,2017,2017,2133,2132,2291,2137,2978,2965,2978,3421,3418,3612,3734,3805,3731
3624,0.87194,0.86512,0.04939,0.05313,300.86,426,1220,1926,1926,1932,1768,2020,1425,1806,1902,2020,2020,2020,2017,2017,2017,2017,2133,2132,2291,2137,2978,2965,2978,3421,3418,3612,3734,3805,3731
3625,0.87194,0.86487,0.04939,0.05318,300.94,426,1221,1926,1926,1932,1768,2020,1425,1806,1902,2020,2020,2020,2017,2017,2017,2017,2133,2132,2291,2137,2978,2965,2978,3421,3418,3612,3734,3805,3731
3626,0.87195,0.8652,0.04939,0.05311,301.03,426,1221,1926,1926,1932,1769,2020,1425,1806,1902,2020,2020,2020,2017,2017,2017,2017,2133,2132,2291,2137,2978,2965,2978,3421,3418,3612,3734,3805,3731
3627,0.87195,0.86497,0.04939,0.05316,301.11,426,1222,1926,1926,1932,1769,2020,1425,1807,1902,2020,2020,2020,2017,2017,2017,2017,2133,2133,2291,2137,2978,2965,2978,3421,3418,3612,3734,3805,3731
3628,0.87195,0.86517,0.04939,0.05312,301.19,426,1222,1926,1926,1932,1769,2020,1425,1807,1902,2020,2020,2020,2017,2017,2017,2017,2133,2133,2291,2137,2978,2965,2978,3421,3418,3612,3734,3805,3731
3629,0.87196,0.86498,0.04939,0.05316,301.28,426,1223,1926,1926,1932,1770,2020,1425,1807,1902,2020,2020,2020,2017,2017,2017,2017,2133,2133,2291,2137,2978,2965,2978,3421,3418,3612,3734,3805,3731
3630,0.87196,0.86517,0.04939,0.05312,301.37,426,1223,1926,1926,1932,1770,2020,1425,1807,1902,2020,2020,2020,2017,2017,2017,2017,2133,2133,2291,2137,2978,2965,2978,3421,3418,3612,3734,3805,3731
3631,0.87196,0.86488,0.04939,0.05318,301.45,426,1224,1926,1926,1932,1771,2020,1425,1808,1902,2020,2020,2020,2017,2017,2017,2017,2133,2133,2291,2137,2978,2965,2978,3421,3418,3612,3734,3805,3731
3632,0.87196,0.86518,0.04939,0.05312,301.54,426,1224,1926,1926,1932,1771,2020,1425,1808,1902,2020,2020,2020,2017,2017,2017,2017,2133,2133,2291,2137,2978,2965,2978,3421,3418,3612,3734,3805,3731
3633,0.87196,0.86487,0.04939,0.05318,301.62,426,1225,1926,1926,1932,1771,2020,1425,1808,1902,2020,2020,2020,2017,2017,2017,2017,2133,2133,2291,2137,2978,2965,2978,3421,3418,3612,3734,3805,3731
3634,0.87196,0.86525,0.04939,0.0531,301.71,426,1225,1926,1926,1932,1772,2020,1425,1808,1902,2020,2020,2020,2017,2017,2017,2017,2133,2133,2291,2137,2978,2965,2978,3421,3418,3612,3734,3805,3731
3635,0.87196,0.86481,0.04939,0.05319,301.79,426,1226,1926,1926,1932,1772,2020,1425,1809,1902,2020,2020,2020,2017,2017,2017,2017,2133,2133,2291,2137,2978,2965,2978,3421,3418,3612,3734,3805,3731
3636,0.87195,0.86534,0.04939,0.05309,301.89,426,1226,1926,1926,1932,1773,2020,1425,1809,1902,2020,2020,2020,2017,2017,2017,2017,2133,2132,2291,2137,2978,2965,2978,3421,3418,3612,3734,3805,3731
3637,0.87194,0.86469,0.04939,0.05322,301.98,426,1227,1926,1926,1932,1773,2020,1425,1809,1902,2020,2020,2020,2017,2017,2017,2017,2133,2132,2291,2137,2978,2965,2978,3421,3418,3612,3734,3805,3731
3638,0.87192,0.86544,0.0494,0.05307,302.06,426,1227,1926,1926,1932,1773,2020,1425,1809,1902,2020,2020,2020,2017,2017,2017,2017,2133,2132,2291,2137,2978,2965,2978,3421,3418,3612,3734,3805,3731
3639,0.87189,0.86449,0.0494,0.05325,302.14,426,1227,1926,1926,1932,1774,2020,1425,1810,1902,2020,2020,2020,2017,2017,2017,2017,2133,2132,2291,2137,2978,2965,2978,3421,3418,3612,3734,3805,3731
3640,0.87184,0.8656,0.04941,0.05303,302.22,426,1228,1926,1926,1932,1774,2020,1425,1810,1902,2020,2020,2020,2017,2017,2017,2017,2133,2132,2291,2137,2978,2965,2978,3421,3418,3612,3734,3805,3731
3641,0.87178,0.86413,0.04942,0.05333,302.3,426,1228,1926,1926,1932,1775,2020,1425,1810,1902,2020,2020,2020,2017,2017,2017,2017,2133,2132,2291,2137,2978,2965,2978,3421,3418,3612,3734,3805,3731
3642,0.87166,0.86576,0.04945,0.053,302.38,426,1229,1926,1926,1932,1775,2020,1425,1811,1902,2020,2020,2020,2017,2017,2017,2017,2133,2132,2291,2137,2978,2965,2978,3421,3418,3612,3734,3805,3731
3643,0.8715,0.86349,0.04948,0.05345,302.47,426,1229,1926,1926,1932,1775,2020,1425,1811,1902,2020,2020,2020,2017,2017,2017,2017,2133,2132,2291,2137,2978,2965,2978,3421,3418,3612,3734,3805,3731
3644,0.87129,0.86585,0.04952,0.05299,302.55,426,1230,1926,1926,1932,1776,2020,1425,1811,1902,2020,2020,2020,2017,2017,2017,2017,2133,2132,2291,2137,2978,2965,2978,3421,3418,3612,3734,3805,3731
3645,0.87106,0.86272,0.04956,0.0536,302.64,426,1230,1926,1926,1932,1776,2020,1425,1811,1902,2020,2020,2020,2017,2017,2017,2017,2133,2132,2291,2137,2978,2965,2978,3421,3418,3612,3734,3805,3731
3646,0.87084,0.86585,0.04961,0.05299,302.73,426,1231,1926,1926,1932,1777,2020,1426,1812,1902,2020,2020,2020,2017,2017,2017,2017,2132,2132,2291,2137,2978,2965,2978,3421,3418,3612,3734,3805,3731
3647,0.87072,0.86213,0.04963,0.05372,302.81,426,1231,1926,1926,1932,1777,2020,1425,1812,1902,2021,2020,2021,2017,2017,2017,2017,2132,2132,2291,2137,2978,2965,2978,3421,3418,3612,3734,3806,3731
3648,0.87079,0.86579,0.04961,0.053,302.9,426,1232,1926,1926,1932,1777,2020,1426,1812,1902,2020,2020,2020,2017,2017,2017,2017,2132,2132,2292,2137,2978,2965,2978,3421,3418,3612,3734,3805,3731
3649,0.87104,0.86269,0.04957,0.05361,302.99,426,1232,1926,1926,1932,1778,2021,1425,1812,1902,2021,2021,2021,2017,2017,2017,2017,2132,2132,2291,2137,2978,2965,2978,3421,3418,3612,3734,3806,3731
3650,0.87142,0.86586,0.04949,0.05298,303.07,426,1233,1926,1926,1932,1778,2020,1426,1813,1902,2020,2020,2020,2017,2017,2017,2017,2132,2132,2291,2137,2978,2965,2978,3421,3418,3612,3734,3805,3731
3651,0.87177,0.86411,0.04943,0.05333,303.15,426,1233,1926,1926,1932,1779,2020,1425,1813,1902,2020,2020,2020,2017,2017,2017,2017,2132,2132,2291,2137,2978,2965,2978,3421,3418,3612,3734,3806,3731
3652,0.87197,0.86534,0.04939,0.05309,303.24,426,1234,1926,1926,1932,1779,2020,1425,1813,1902,2020,2020,2020,2017,2017,2017,2017,2132,2132,2292,2137,2978,2965,2978,3421,3418,3612,3734,3806,3731
3653,0.87199,0.86529,0.04938,0.0531,303.32,426,1234,1926,1926,1932,1779,2020,1425,1813,1902,2020,2020,2020,2017,2017,2017,2017,2132,2133,2292,2137,2978,2965,2978,3421,3418,3612,3734,3806,3731
3654,0.87187,0.86434,0.04941,0.05328,303.41,426,1235,1926,1926,1932,1780,2020,1425,1814,1902,2020,2020,2020,2017,2017,2017,2017,2133,2133,2291,2137,2978,2965,2978,3421,3418,3612,3734,3806,3731
3655,0.87168,0.86578,0.04944,0.053,303.49,426,1235,1926,1926,1932,1780,2020,1425,1814,1902,2020,2020,2020,2017,2017,2017,2017,2133,2132,2291,2137,2978,2965,2978,3421,3418,3612,3734,3806,3731
3656,0.87151,0.86347,0.04948,0.05345,303.57,426,1236,1926,1926,1932,1780,2020,1425,1814,1902,2021,2020,2021,2018,2017,2017,2018,2133,2132,2291,2137,2978,2965,2978,3421,3418,3612,3734,3806,3731
3657,0.87139,0.86585,0.0495,0.05299,303.66,426,1236,1926,1926,1932,1781,2020,1426,1814,1902,2020,2020,2020,2017,2017,2017,2017,2133,2132,2291,2137,2978,2965,2978,3421,3418,3612,3734,3806,3731
3658,0.87138,0.86324,0.0495,0.0535,303.75,426,1236,1926,1926,1932,1781,2020,1425,1815,1902,2020,2020,2020,2018,2017,2017,2018,2133,2132,2291,2137,2978,2965,2978,3421,3417,3612,3734,3806,3731
3659,0.87145,0.86588,0.04949,0.05298,303.84,426,1237,1926,1926,1932,1782,2020,1426,1815,1902,2020,2020,2020,2017,2017,2017,2017,2133,2132,2292,2137,2978,2965,2978,3421,3418,3612,3734,3806,3731
3660,0.87162,0.86375,0.04946,0.0534,303.93,426,1237,1926,1926,1932,1782,2020,1425,1815,1902,2020,2021,2020,2017,2017,2017,2017,2133,2132,2291,2137,2978,2965,2978,3421,3418,3612,3734,3806,3731
3661,0.87179,0.86574,0.04942,0.05301,304.01,426,1238,1926,1926,1932,1782,2020,1425,1815,1902,2020,2020,2020,2017,2017,2017,2017,2133,2132,2291,2137,2978,2965,2978,3421,3418,3612,3734,3806,3731
3662,0.87195,0.86458,0.04939,0.05324,304.09,426,1238,1926,1926,1932,1783,2021,1425,1816,1902,2020,2020,2020,2017,2017,2017,2017,2133,2132,2291,2137,2978,2965,2978,3421,3418,3612,3734,3806,3731
3663,0.87202,0.86524,0.04938,0.05311,304.18,426,1239,1926,1926,1932,1783,2021,1425,1816,1902,2020,2020,2020,2017,2017,2017,2017,2132,2132,2291,2137,2978,2965,2978,3421,3418,3612,3734,3806,3731
3664,0.87201,0.86534,0.04938,0.05309,304.25,426,1239,1926,1926,1932,1784,2020,1425,1816,1902,2020,2020,2020,2017,2017,2017,2017,2132,2133,2292,2137,2978,2965,2978,3421,3418,3612,3734,3806,3731
3665,0.87194,0.86456,0.04939,0.05324,304.34,426,1240,1926,1926,1932,1784,2020,1425,1816,1902,2020,2020,2020,2017,2017,2017,2017,2132,2133,2291,2137,2978,2965,2978,3421,3418,3612,3734,3806,3731
3666,0.87184,0.86571,0.04941,0.05301,304.43,426,1240,1926,1926,1932,1784,2020,1425,1817,1902,2020,2020,2020,2017,2017,2017,2017,2132,2133,2291,2137,2978,2965,2978,3421,3418,3612,3734,3805,3731
3667,0.87176,0.86402,0.04943,0.05335,304.52,426,1241,1926,1926,1932,1785,2020,1425,1817,1902,2020,2020,2020,2017,2017,2017,2017,2132,2133,2291,2137,2978,2965,2978,3421,3418,3612,3734,3806,3731
3668,0.87173,0.86578,0.04943,0.053,304.6,426,1241,1926,1926,1932,1785,2020,1426,1817,1902,2020,2020,2020,2017,2017,2017,2017,2132,2132,2291,2137,2978,2965,2978,3421,3418,3612,3734,3805,3731
3669,0.87177,0.86404,0.04943,0.05334,304.69,426,1242,1926,1926,1932,1785,2020,1425,1817,1902,2020,2020,2020,2018,2017,2017,2017,2133,2132,2291,2137,2978,2965,2978,3421,3418,3612,3734,3806,3731
3670,0.87184,0.86571,0.04941,0.05301,304.77,426,1242,1926,1926,1932,1786,2020,1426,1818,1902,2020,2020,2020,2017,2017,2017,2017,2133,2132,2291,2137,2978,2965,2978,3421,3418,3612,3734,3805,3731
3671,0.87194,0.86447,0.04939,0.05326,304.87,426,1243,1926,1926,1932,1786,2020,1425,1818,1902,2020,2020,2020,2017,2017,2017,2017,2133,2132,2291,2137,2978,2965,2978,3421,3418,3612,3734,3805,3731
3672,0.87201,0.86542,0.04938,0.05307,304.95,426,1243,1926,1926,1932,1787,2020,1425,1818,1902,2020,2020,2020,2017,2017,2017,2017,2133,2132,2291,2137,2978,2965,2978,3421,3418,3612,3734,3805,3731
3673,0.87204,0.86506,0.04937,0.05314,305.03,426,1244,1926,1926,1932,1787,2020,1425,1818,1902,2020,2020,2020,2017,2017,2017,2017,2133,2132,2291,2137,2978,2965,2978,3421,3418,3612,3734,3805,3731
3674,0.87204,0.865,0.04937,0.05315,305.12,426,1244,1926,1926,1932,1787,2020,1425,1819,1902,2020,2020,2020,2017,2017,2017,2017,2133,2132,2291,2137,2978,2965,2978,3421,3418,3612,3734,3805,3731
3675,0.87201,0.86547,0.04938,0.05306,305.21,426,1245,1926,1926,1932,1788,2020,1425,1819,1902,2020,2020,2020,2017,2017,2017,2017,2133,2132,2291,2137,2978,2965,2978,3421,3418,3612,3734,3805,3731
3676,0.87197,0.86465,0.04939,0.05322,305.3,426,1245,1926,1926,1932,1788,2020,1425,1819,1902,2020,2020,2020,2017,2017,2017,2017,2133,2132,2291,2137,2978,2965,2978,3421,3418,3612,3734,3805,3731
3677,0.87193,0.86569,0.0494,0.05302,305.38,426,1245,1926,1926,1932,1789,2020,1425,1819,1902,2020,2020,2020,2017,2017,2017,2017,2133,2133,2291,2137,2978,2965,2978,3421,3418,3612,3734,3805,3731
3678,0.87191,0.86443,0.0494,0.05327,305.47,426,1246,1926,1926,1932,1789,2020,1425,1820,1902,2021,2020,2020,2017,2017,2017,2017,2133,2133,2291,2137,2978,2965,2978,3421,3418,3612,3734,3805,3731
3679,0.87192,0.86564,0.0494,0.05303,305.55,426,1246,1926,1926,1932,1789,2020,1425,1820,1902,2020,2020,2020,2017,2017,2017,2017,2133,2133,2291,2137,2978,2965,2978,3421,3418,3612,3734,3805,3731
3680,0.87196,0.86456,0.04939,0.05324,305.65,426,1247,1926,1926,1932,1790,2020,1425,1820,1902,2020,2020,2020,2017,2017,2017,2017,2133,2133,2291,2137,2978,2965,2978,3421,3418,3612,3734,3805,3731
3681,0.87199,0.86556,0.04938,0.05304,305.74,426,1247,1926,1926,1932,1790,2020,1425,1820,1902,2020,2020,2020,2017,2017,2017,2017,2133,2132,2291,2137,2978,2965,2978,3421,3418,3612,3734,3805,3731
3682,0.87203,0.86482,0.04938,0.05319,305.83,426,1248,1926,1926,1932,1790,2020,1425,1820,1902,2020,2020,2020,2017,2017,2017,2017,2133,2132,2291,2137,2978,2965,2978,3421,3418,3612,3734,3805,3731
3683,0.87205,0.86534,0.04937,0.05309,305.92,426,1248,1926,1926,1932,1791,2020,1425,1821,1902,2020,2020,2020,2017,2017,2017,2017,2133,2132,2291,2137,2978,2965,2978,3421,3418,3612,3734,3805,3731
3684,0.87207,0.86517,0.04937,0.05312,306.01,426,1249,1926,1926,1932,1791,2020,1425,1821,1902,2020,2020,2020,2017,2017,2017,2017,2133,2132,2291,2137,2978,2965,2978,3421,3418,3612,3734,3805,3731
3685,0.87207,0.86514,0.04937,0.05313,306.09,426,1249,1926,1926,1932,1792,2020,1425,1821,1902,2020,2020,2020,2017,2017,2017,2017,2133,2132,2291,2137,2978,2965,2978,3421,3418,3612,3734,3805,3731
3686,0.87206,0.86535,0.04937,0.05308,306.18,426,1250,1926,1926,1932,1792,2020,1425,1821,1902,2020,2020,2020,2017,2017,2017,2017,2133,2132,2291,2137,2978,2965,2978,3421,3418,3612,3734,3805,3731
3687,0.87205,0.8649,0.04937,0.05317,306.27,426,1250,1926,1926,1932,1792,2020,1425,1822,1902,2020,2020,2020,2017,2017,2017,2017,2133,2132,2291,2137,2978,2965,2978,3421,3418,3612,3734,3805,3731
3688,0.87204,0.86549,0.04937,0.05306,306.35,426,1251,1926,1926,1932,1793,2020,1425,1822,1902,2020,2020,2020,2017,2017,2017,2017,2133,2132,2291,2137,2978,2965,2978,3421,3418,3612,3734,3805,3731
3689,0.87203,0.86475,0.04938,0.0532,306.44,426,1251,1926,1926,1932,1793,2020,1425,1822,1902,2020,2020,2020,2017,2017,2017,2017,2133,2132,2291,2137,2978,2965,2978,3421,3418,3612,3734,3805,3731
3690,0.87202,0.86554,0.04938,0.05305,306.52,426,1252,1926,1926,1932,1794,2020,1425,1822,1902,2020,2020,2020,2017,2017,2017,2017,2133,2133,2291,2137,2978,2965,2978,3421,3418,3612,3734,3805,3731
3691,0.87202,0.86477,0.04938,0.0532,306.6,426,1252,1926,1926,1932,1794,2020,1425,1823,1902,2020,2020,2020,2017,2017,2017,2017,2133,2133,2291,2137,2978,2965,2978,3421,3418,3612,3734,3805,3731
3692,0.87203,0.86557,0.04938,0.05304,306.7,426,1253,1926,1926,1932,1794,2020,1425,1823,1902,2020,2020,2020,2017,2017,2017,2017,2133,2133,2291,2137,2978,2965,2978,3421,3418,3612,3734,3805,3731
3693,0.87205,0.86485,0.04937,0.05318,306.78,426,1253,1926,1926,1932,1795,2020,1425,1823,1902,2020,2020,2020,2017,2017,2017,2017,2133,2133,2291,2137,2978,2965,2978,3421,3418,3612,3734,3805,3731
3694,0.87206,0.86547,0.04937,0.05306,306.86,426,1254,1926,1926,1932,1795,2020,1425,1823,1902,2020,2020,2020,2017,2017,2017,2017,2133,2133,2291,2137,2978,2965,2978,3421,3418,3612,3734,3805,3731
3695,0.87208,0.865,0.04937,0.05315,306.96,426,1254,1926,1926,1932,1795,2020,1425,1823,1902,2021,2020,2020,2017,2017,2017,2017,2133,2133,2291,2137,2978,2965,2978,3421,3418,3612,3734,3805,3731
3696,0.87209,0.86534,0.04937,0.05309,307.06,426,1255,1926,1926,1932,1796,2020,1425,1824,1902,2020,2020,2020,2017,2017,2017,2017,2133,2132,2291,2137,2978,2965,2978,3421,3418,3612,3734,3805,3731
3697,0.87209,0.8651,0.04936,0.05313,307.15,426,1255,1926,1926,1932,1796,2020,1425,1824,1902,2020,2020,2020,2017,2017,2017,2017,2133,2132,2291,2137,2978,2965,2978,3421,3418,3612,3734,3805,3731
3698,0.8721,0.86527,0.04936,0.0531,307.24,426,1256,1926,1926,1932,1797,2020,1425,1824,1902,2020,2020,2020,2017,2017,2017,2017,2133,2132,2291,2137,2978,2965,2978,3421,3418,3612,3734,3805,3731
3699,0.8721,0.86527,0.04936,0.0531,307.32,426,1256,1926,1926,1932,1797,2020,1425,1824,1902,2020,2020,2020,2017,2017,2017,2017,2133,2132,2291,2137,2978,2965,2978,3421,3418,3612,3734,3805,3731
3700,0.8721,0.86516,0.04936,0.05312,307.41,426,1256,1926,1926,1932,1797,2020,1425,1824,1902,2020,2020,2020,2017,2017,2017,2017,2133,2132,2291,2137,2978,2965,2978,3421,3418,3612,3734,3805,3731
3701,0.8721,0.86532,0.04936,0.05309,307.49,426,1257,1926,1926,1932,1798,2020,1425,1825,1902,2020,2020,2020,2017,2017,2017,2017,2133,2132,2291,2137,2978,2965,2978,3421,3418,3612,3734,3805,3731
3702,0.8721,0.86511,0.04936,0.05313,307.58,426,1257,1926,1926,1932,1798,2020,1425,1825,1902,2020,2020,2020,2017,2017,2017,2017,2133,2132,2291,2137,2978,2965,2978,3421,3418,3612,3734,3805,3731
3703,0.8721,0.86538,0.04936,0.05308,307.67,426,1258,1926,1926,1932,1798,2020,1425,1825,1902,2020,2020,2020,2017,2017,2017,2017,2133,2133,2291,2137,2978,2965,2978,3421,3418,3612,3734,3805,3731
3704,0.8721,0.86504,0.04936,0.05315,307.75,426,1258,1926,1926,1932,1799,2020,1425,1825,1902,2020,2020,2020,2017,2017,2017,2017,2133,2133,2291,2137,2978,2965,2978,3421,3418,3612,3734,3805,3731
3705,0.8721,0.86544,0.04936,0.05307,307.83,426,1259,1926,1926,1932,1799,2020,1425,1826,1902,2020,2020,2020,2017,2017,2017,2017,2133,2133,2291,2137,2978,2965,2978,3421,3418,3612,3734,3805,3731
3706,0.8721,0.86502,0.04936,0.05315,307.91,426,1259,1926,1926,1932,1800,2020,1425,1826,1902,2020,2020,2020,2017,2017,2017,2017,2133,2133,2291,2137,2978,2965,2978,3421,3418,3612,3734,3805,3731
3707,0.8721,0.86543,0.04936,0.05307,308.01,426,1260,1926,1926,1932,1800,2020,1425,1826,1902,2020,2020,2020,2017,2017,2017,2017,2133,2133,2291,2137,2978,2965,2978,3421,3418,3612,3734,3805,3731
3708,0.8721,0.86499,0.04936,0.05316,308.1,426,1260,1926,1926,1932,1800,2020,1425,1826,1902,2020,2020,2020,2017,2017,2017,2017,2133,2133,2291,2137,2978,2965,2978,3421,3418,3612,3734,3805,3731
3709,0.8721,0.86548,0.04936,0.05306,308.18,426,1261,1926,1926,1932,1801,2020,1425,1826,1902,2020,2020,2020,2017,2017,2017,2017,2133,2133,2291,2137,2978,2965,2978,3421,3418,3612,3734,3805,3731
3710,0.8721,0.86497,0.04936,0.05316,308.27,426,1261,1926,1926,1932,1801,2020,1425,1827,1902,2020,2020,2020,2017,2017,2017,2017,2133,2133,2291,2137,2978,2965,2978,3421,3418,3612,3734,3805,3731
3711,0.8721,0.86548,0.04936,0.05306,308.36,426,1262,1926,1926,1932,1801,2020,1425,1827,1902,2020,2020,2020,2017,2017,2017,2017,2133,2132,2291,2137,2978,2965,2978,3421,3418,3612,3734,3805,3731
3712,0.8721,0.86497,0.04936,0.05316,308.44,426,1262,1926,1926,1932,1802,2020,1425,1827,1902,2020,2020,2020,2017,2017,2017,2017,2133,2132,2291,2137,2978,2965,2978,3421,3418,3612,3734,3805,3731
3713,0.8721,0.86552,0.04936,0.05305,308.53,426,1263,1926,1926,1932,1802,2020,1425,1827,1902,2020,2020,2020,2017,2017,2017,2017,2133,2132,2291,2137,2978,2965,2978,3421,3418,3612,3734,3805,3731
3714,0.8721,0.86494,0.04936,0.05317,308.62,426,1263,1926,1926,1932,1803,2020,1425,1828,1902,2020,2020,2020,2017,2017,2017,2017,2133,2132,2291,2137,2978,2965,2978,3421,3418,3612,3734,3805,3731
3715,0.8721,0.86552,0.04936,0.05305,308.7,426,1264,1926,1926,1932,1803,2020,1425,1828,1902,2020,2020,2020,2017,2017,2017,2017,2133,2132,2291,2137,2978,2965,2978,3421,3418,3612,3734,3805,3731
3716,0.8721,0.86495,0.04936,0.05316,308.79,426,1264,1926,1926,1932,1803,2020,1425,1828,1902,2020,2020,2020,2017,2017,2017,2017,2133,2132,2291,2137,2978,2965,2978,3421,3418,3612,3734,3805,3731
3717,0.8721,0.86556,0.04936,0.05304,308.88,426,1265,1926,1926,1932,1804,2020,1425,1828,1902,2020,2020,2020,2017,2017,2017,2017,2133,2132,2291,2137,2978,2965,2978,3421,3418,3612,3734,3805,3731
3718,0.8721,0.8649,0.04936,0.05317,308.98,426,1265,1926,1926,1932,1804,2020,1425,1828,1902,2020,2020,2020,2017,2017,2017,2017,2133,2132,2291,2137,2978,2965,2978,3421,3418,3612,3734,3805,3731
3719,0.87209,0.8656,0.04936,0.05304,309.08,426,1266,1926,1926,1932,1804,2020,1425,1829,1902,2020,2020,2020,2017,2017,2017,2017,2133,2132,2291,2137,2978,2965,2978,3421,3418,3612,3734,3805,3731
3720,0.87209,0.86487,0.04936,0.05318,309.16,426,1266,1926,1926,1932,1805,2020,1425,1829,1902,2020,2020,2020,2017,2017,2017,2017,2133,2133,2291,2137,2978,2965,2978,3421,3418,3612,3734,3805,3731
3721,0.87208,0.86566,0.04937,0.05302,309.24,426,1266,1926,1926,1932,1805,2020,1425,1829,1902,2020,2020,2020,2017,2017,2017,2017,2133,2132,2291,2137,2978,2965,2978,3421,3418,3612,3734,3805,3731
3722,0.87207,0.86477,0.04937,0.0532,309.32,426,1267,1926,1926,1932,1806,2020,1425,1829,1902,2020,2020,2020,2017,2017,2017,2017,2133,2133,2291,2137,2978,2965,2978,3421,3418,3612,3734,3805,3731
3723,0.87205,0.86571,0.04937,0.05301,309.42,426,1267,1926,1926,1932,1806,2020,1425,1830,1902,2020,2020,2020,2017,2017,2017,2017,2133,2132,2291,2137,2978,2965,2978,3421,3418,3612,3734,3805,3731
3724,0.87204,0.86465,0.04937,0.05322,309.49,426,1268,1926,1926,1932,1806,2020,1425,1830,1902,2020,2020,2020,2017,2017,2017,2017,2133,2132,2291,2137,2978,2965,2978,3421,3418,3612,3734,3805,3731
3725,0.87202,0.86578,0.04938,0.053,309.58,426,1268,1926,1926,1932,1807,2020,1425,1830,1902,2020,2020,2020,2017,2017,2017,2017,2133,2132,2291,2137,2978,2965,2978,3421,3418,3612,3734,3805,3731
3726,0.872,0.8645,0.04938,0.05325,309.66,426,1269,1926,1926,1932,1807,2020,1425,1830,1902,2020,2020,2020,2017,2017,2017,2017,2133,2132,2291,2137,2978,2965,2978,3421,3418,3612,3734,3805,3731
3727,0.87197,0.86584,0.04939,0.05299,309.75,426,1269,1926,1926,1932,1807,2020,1425,1831,1902,2020,2020,2020,2017,2017,2017,2017,2133,2132,2291,2137,2978,2965,2978,3421,3418,3612,3734,3805,3731
3728,0.87195,0.86434,0.04939,0.05328,309.83,426,1270,1926,1926,1932,1808,2020,1425,1831,1902,2020,2020,2020,2017,2017,2017,2017,2133,2132,2291,2137,2978,2965,2978,3421,3418,3612,3734,3805,3731
3729,0.87191,0.86591,0.0494,0.05297,309.9,426,1270,1926,1926,1932,1808,2020,1425,1831,1902,2020,2020,2020,2017,2017,2017,2017,2133,2132,2291,2137,2978,2965,2978,3421,3418,3612,3734,3805,3731
3730,0.87189,0.8642,0.0494,0.05331,309.99,426,1271,1926,1926,1932,1809,2020,1425,1831,1902,2020,2020,2020,2017,2017,2017,2017,2133,2132,2291,2137,2978,2965,2978,3421,3418,3612,3734,3805,3731
3731,0.87185,0.86596,0.04941,0.05297,310.08,426,1271,1926,1926,1932,1809,2020,1425,1831,1902,2020,2020,2020,2017,2017,2017,2017,2133,2132,2291,2137,2978,2965,2978,3421,3418,3612,3734,3805,3731
3732,0.87182,0.864,0.04942,0.05335,310.16,426,1272,1926,1926,1932,1809,2020,1425,1832,1902,2020,2020,2020,2017,2017,2017,2017,2133,2132,2291,2137,2978,2965,2978,3421,3418,3612,3734,3805,3731
3733,0.87179,0.86601,0.04942,0.05295,310.24,426,1272,1926,1926,1932,1810,2020,1425,1832,1902,2020,2020,2020,2017,2017,2017,2017,2132,2132,2291,2137,2978,2965,2978,3421,3418,3612,3734,3805,3731
3734,0.87179,0.86397,0.04942,0.05336,310.32,426,1273,1926,1926,1932,1810,2020,1425,1832,1902,2020,2020,2020,2017,2017,2017,2017,2132,2132,2291,2137,2978,2965,2978,3421,3418,3612,3734,3805,3731
3735,0.8718,0.86599,0.04942,0.05296,310.41,426,1273,1926,1926,1932,1810,2020,1425,1832,1902,2020,2020,2020,2017,2017,2017,2017,2132,2132,2291,2137,2978,2965,2978,3421,3418,3612,3734,3805,3731
3736,0.87184,0.86406,0.04941,0.05334,310.49,426,1274,1926,1926,1932,1811,2020,1425,1833,1902,2020,2020,2020,2017,2017,2017,2017,2132,2132,2291,2137,2978,2965,2978,3421,3418,3612,3734,3805,3731
3737,0.87189,0.86598,0.0494,0.05296,310.59,426,1274,1926,1926,1932,1811,2020,1425,1833,1902,2020,2020,2020,2017,2017,2017,2017,2132,2132,2291,2137,2978,2965,2978,3421,3418,3612,3734,3805,3731
3738,0.87196,0.86435,0.04939,0.05328,310.67,426,1275,1926,1926,1932,1812,2020,1425,1833,1902,2020,2020,2020,2017,2017,2017,2017,2132,2132,2291,2137,2978,2965,2978,3421,3418,3612,3734,3805,3731
3739,0.87203,0.86582,0.04938,0.05299,310.75,426,1275,1926,1926,1932,1812,2020,1425,1833,1902,2020,2020,2020,2017,2017,2017,2017,2132,2132,2291,2137,2978,2965,2978,3421,3418,3612,3734,3805,3731
3740,0.87209,0.86479,0.04936,0.0532,310.83,426,1276,1926,1926,1932,1812,2020,1425,1833,1902,2020,2020,2020,2017,2017,2017,2017,2133,2132,2291,2137,2978,2965,2978,3421,3418,3612,3734,3805,3731
3741,0.87214,0.86569,0.04936,0.05302,310.91,426,1276,1926,1926,1932,1813,2020,1425,1834,1902,2020,2020,2020,2017,2017,2017,2017,2133,2132,2291,2137,2978,2965,2978,3421,3418,3612,3734,3805,3731
3742,0.87217,0.8651,0.04935,0.05313,311.0,426,1277,1926,1926,1932,1813,2020,1425,1834,1902,2020,2020,2020,2017,2017,2017,2017,2133,2132,2291,2137,2978,2965,2978,3421,3418,3612,3734,3805,3731
3743,0.87219,0.86538,0.04935,0.05308,311.08,426,1277,1926,1926,1932,1813,2020,1425,1834,1902,2020,2020,2020,2017,2017,2017,2017,2133,2133,2291,2137,2978,2965,2978,3421,3418,3612,3734,3805,3731
3744,0.87219,0.86537,0.04935,0.05308,311.16,426,1277,1926,1926,1932,1814,2020,1425,1834,1902,2020,2020,2020,2017,2017,2017,2017,2133,2133,2291,2137,2978,2965,2978,3421,3418,3612,3734,3805,3731
3745,0.87219,0.86521,0.04935,0.05311,311.24,426,1278,1926,1926,1932,1814,2020,1425,1835,1902,2020,2020,2020,2017,2017,2017,2017,2133,2133,2291,2137,2978,2965,2978,3421,3418,3612,3734,3805,3731
3746,0.87217,0.86556,0.04935,0.05304,311.31,426,1278,1926,1926,1932,1815,2020,1425,1835,1903,2020,2020,2020,2017,2017,2017,2017,2133,2133,2291,2137,2978,2965,2978,3421,3418,3612,3734,3805,3731
3747,0.87216,0.86497,0.04935,0.05316,311.4,426,1279,1926,1926,1932,1815,2020,1425,1835,1903,2020,2020,2020,2017,2017,2017,2017,2133,2133,2291,2137,2978,2965,2978,3421,3418,3612,3734,3805,3731
3748,0.87213,0.86574,0.04936,0.05301,311.48,426,1279,1926,1926,1932,1815,2020,1425,1835,1903,2020,2020,2020,2017,2017,2017,2017,2133,2133,2291,2137,2978,2965,2978,3421,3418,3612,3734,3805,3731
3749,0.8721,0.86479,0.04936,0.0532,311.55,426,1280,1926,1926,1932,1816,2020,1425,1835,1903,2020,2020,2020,2017,2017,2017,2017,2133,2133,2291,2137,2978,2965,2978,3421,3418,3612,3734,3805,3731
3750,0.87207,0.86583,0.04937,0.05299,311.63,426,1280,1926,1926,1932,1816,2020,1425,1836,1903,2020,2020,2020,2017,2017,2017,2017,2133,2132,2291,2137,2978,2965,2978,3421,3418,3612,3734,3805,3731
3751,0.87204,0.86455,0.04937,0.05324,311.71,426,1281,1926,1926,1932,1816,2020,1425,1836,1903,2020,2020,2020,2017,2017,2017,2017,2133,2132,2291,2137,2978,2965,2978,3421,3418,3612,3734,3805,3731
3752,0.87201,0.86594,0.04938,0.05297,311.79,426,1281,1926,1926,1932,1817,2020,1425,1836,1903,2020,2020,2020,2017,2017,2017,2017,2133,2132,2291,2137,2978,2965,2978,3421,3418,3612,3734,3805,3731
3753,0.872,0.86445,0.04938,0.05326,311.88,426,1282,1926,1926,1932,1817,2020,1425,1836,1903,2020,2020,2020,2017,2017,2017,2017,2133,2132,2291,2137,2978,2965,2978,3421,3418,3612,3734,3805,3731
3754,0.87198,0.86596,0.04939,0.05296,311.96,426,1282,1926,1926,1932,1817,2020,1425,1837,1903,2020,2020,2020,2017,2017,2017,2017,2133,2132,2291,2137,2978,2965,2978,3421,3418,3612,3734,3805,3731
3755,0.87197,0.86437,0.04939,0.05328,312.04,426,1283,1926,1926,1932,1818,2020,1425,1837,1903,2020,2020,2020,2017,2017,2017,2017,2133,2132,2291,2137,2978,2965,2978,3421,3418,3612,3734,3805,3731
3756,0.87197,0.86599,0.04939,0.05296,312.12,426,1283,1926,1926,1932,1818,2020,1425,1837,1903,2020,2020,2020,2017,2017,2017,2017,2133,2132,2291,2137,2977,2965,2978,3421,3418,3612,3734,3805,3731
3757,0.87199,0.86441,0.04938,0.05327,312.2,426,1284,1926,1926,1932,1819,2020,1425,1837,1903,2020,2020,2020,2017,2017,2017,2017,2133,2132,2291,2137,2978,2965,2978,3421,3418,3612,3734,3805,3731
3758,0.87202,0.86593,0.04938,0.05297,312.28,426,1284,1926,1926,1932,1819,2020,1425,1837,1903,2020,2020,2020,2017,2017,2017,2017,2133,2132,2291,2137,2977,2965,2978,3421,3418,3612,3734,3805,3731
3759,0.87206,0.8646,0.04937,0.05323,312.36,426,1285,1926,1926,1932,1819,2020,1425,1838,1903,2020,2020,2020,2017,2017,2017,2017,2133,2132,2291,2137,2978,2965,2978,3421,3418,3612,3734,3805,3731
3760,0.8721,0.86587,0.04936,0.05298,312.45,426,1285,1926,1926,1932,1820,2020,1425,1838,1903,2020,2020,2020,2017,2017,2017,2017,2133,2132,2291,2137,2977,2965,2978,3421,3418,3612,3734,3805,3731
3761,0.87213,0.8648,0.04936,0.05319,312.53,426,1286,1926,1926,1932,1820,2020,1425,1838,1903,2020,2020,2020,2017,2017,2017,2017,2133,2132,2291,2137,2978,2965,2978,3421,3418,3612,3734,3805,3731
3762,0.87216,0.86576,0.04935,0.053,312.62,426,1286,1926,1926,1932,1820,2020,1425,1838,1903,2020,2020,2020,2017,2017,2017,2017,2132,2132,2291,2137,2977,2965,2978,3421,3418,3612,3734,3805,3731
3763,0.87218,0.86503,0.04935,0.05315,312.71,426,1287,1926,1926,1932,1821,2020,1425,1839,1903,2020,2020,2020,2017,2017,2017,2017,2132,2132,2291,2137,2978,2965,2978,3421,3418,3612,3734,3805,3731
3764,0.8722,0.86565,0.04934,0.05303,312.79,426,1287,1926,1926,1932,1821,2020,1425,1839,1903,2020,2020,2020,2017,2017,2017,2017,2132,2132,2291,2137,2977,2965,2978,3421,3418,3612,3734,3805,3731
3765,0.87222,0.86519,0.04934,0.05312,312.87,426,1287,1926,1926,1932,1821,2020,1425,1839,1903,2020,2020,2020,2017,2017,2017,2017,2132,2132,2291,2137,2977,2965,2978,3421,3418,3612,3734,3805,3731
3766,0.87223,0.86556,0.04934,0.05304,312.95,426,1288,1926,1926,1932,1822,2020,1425,1839,1903,2020,2020,2020,2017,2017,2017,2017,2133,2132,2291,2137,2977,2965,2978,3421,3418,3612,3734,3805,3731
3767,0.87223,0.86536,0.04934,0.05308,313.04,426,1288,1926,1926,1932,1822,2020,1425,1839,1904,2020,2020,2020,2017,2017,2017,2017,2133,2133,2291,2137,2977,2965,2978,3421,3418,3612,3734,3805,3731
3768,0.87224,0.86544,0.04934,0.05307,313.11,426,1289,1926,1926,1932,1822,2020,1425,1840,1904,2020,2020,2020,2017,2017,2017,2017,2133,2133,2291,2137,2977,2965,2978,3421,3418,3612,3734,3805,3731
3769,0.87224,0.86542,0.04934,0.05307,313.2,426,1289,1926,1926,1932,1823,2020,1425,1840,1904,2020,2020,2020,2017,2017,2017,2017,2133,2133,2291,2137,2977,2965,2978,3421,3418,3612,3734,3805,3731
3770,0.87224,0.8654,0.04933,0.05307,313.28,426,1290,1926,1926,1932,1823,2020,1425,1840,1904,2020,2020,2020,2017,2017,2017,2017,2133,2133,2291,2137,2977,2965,2978,3421,3418,3612,3734,3805,3731
3771,0.87224,0.86554,0.04933,0.05305,313.37,426,1290,1926,1926,1932,1823,2020,1425,1840,1904,2020,2020,2020,2017,2017,2017,2017,2133,2133,2291,2137,2977,2965,2978,3421,3418,3612,3734,3805,3731
3772,0.87224,0.86534,0.04933,0.05309,313.44,426,1291,1926,1926,1932,1824,2020,1425,1841,1904,2020,2020,2020,2017,2017,2017,2017,2133,2133,2291,2137,2977,2965,2978,3421,3418,3612,3734,3805,3731
3773,0.87224,0.86556,0.04933,0.05304,313.52,426,1291,1926,1926,1932,1824,2020,1425,1841,1904,2020,2020,2020,2017,2017,2017,2017,2133,2133,2291,2137,2977,2965,2978,3421,3418,3612,3734,3805,3731
3774,0.87225,0.86534,0.04933,0.05309,313.59,426,1292,1926,1926,1932,1825,2020,1425,1841,1904,2020,2020,2020,2017,2017,2017,2017,2133,2133,2291,2137,2977,2965,2978,3421,3418,3612,3734,3805,3731
3775,0.87225,0.86561,0.04933,0.05303,313.66,426,1292,1926,1926,1932,1825,2020,1425,1841,1905,2020,2020,2020,2017,2017,2017,2017,2133,2133,2291,2137,2977,2965,2978,3421,3418,3612,3734,3805,3731
3776,0.87225,0.86527,0.04933,0.0531,313.74,426,1293,1926,1926,1932,1825,2020,1425,1841,1905,2020,2020,2020,2017,2017,2017,2017,2133,2133,2291,2137,2978,2965,2978,3421,3418,3612,3734,3805,3731
3777,0.87225,0.86563,0.04933,0.05303,313.85,426,1293,1926,1926,1932,1826,2020,1425,1842,1905,2020,2020,2020,2017,2017,2017,2017,2133,2133,2291,2137,2977,2965,2978,3421,3418,3612,3734,3805,3731
3778,0.87225,0.86526,0.04933,0.0531,313.95,426,1294,1926,1926,1932,1826,2020,1425,1842,1905,2020,2020,2020,2017,2017,2017,2017,2133,2133,2291,2137,2978,2965,2978,3421,3418,3612,3734,3805,3731
3779,0.87224,0.86569,0.04933,0.05302,314.04,426,1294,1926,1926,1932,1826,2020,1425,1842,1905,2020,2020,2020,2017,2017,2017,2017,2133,2132,2291,2137,2977,2965,2978,3421,3418,3612,3734,3805,3731
3780,0.87224,0.86518,0.04933,0.05312,314.12,426,1295,1926,1926,1932,1827,2020,1425,1842,1905,2020,2020,2020,2017,2017,2017,2017,2133,2132,2291,2137,2978,2965,2978,3421,3418,3612,3734,3805,3731
3781,0.87223,0.86579,0.04934,0.053,314.21,426,1295,1926,1926,1932,1827,2020,1425,1842,1905,2020,2020,2020,2017,2017,2017,2017,2133,2132,2291,2137,2977,2965,2978,3421,3418,3612,3734,3805,3731
3782,0.87222,0.86509,0.04934,0.05314,314.3,426,1296,1926,1926,1932,1827,2020,1425,1843,1905,2020,2020,2020,2017,2017,2017,2017,2133,2132,2291,2137,2978,2965,2978,3421,3418,3612,3734,3805,3731
3783,0.87221,0.86584,0.04934,0.05299,314.37,426,1296,1926,1926,1932,1828,2020,1425,1843,1905,2020,2020,2020,2017,2017,2017,2017,2133,2132,2291,2137,2977,2965,2978,3421,3418,3612,3734,3805,3731
3784,0.8722,0.86497,0.04934,0.05316,314.46,426,1297,1926,1926,1932,1828,2020,1425,1843,1905,2020,2020,2020,2017,2017,2017,2017,2133,2132,2291,2137,2978,2965,2978,3421,3418,3612,3734,3805,3731
3785,0.87218,0.866,0.04935,0.05296,314.54,426,1297,1926,1926,1932,1828,2020,1425,1843,1905,2020,2020,2020,2017,2017,2017,2017,2133,2132,2291,2137,2977,2965,2978,3421,3418,3612,3734,3805,3731
3786,0.87215,0.86479,0.04935,0.0532,314.64,426,1298,1926,1926,1932,1829,2020,1425,1843,1905,2020,2020,2020,2017,2017,2017,2017,2133,2132,2291,2137,2978,2965,2978,3421,3418,3612,3734,3805,3731
3787,0.87211,0.86605,0.04936,0.05295,314.73,426,1298,1926,1926,1932,1829,2020,1425,1843,1906,2020,2020,2020,2017,2017,2017,2017,2133,2132,2291,2137,2977,2965,2978,3421,3418,3612,3734,3805,3731
3788,0.87208,0.86459,0.04937,0.05323,314.81,426,1298,1926,1926,1932,1829,2020,1425,1844,1906,2020,2020,2020,2017,2017,2017,2017,2133,2132,2291,2137,2978,2965,2978,3421,3418,3612,3734,3805,3731
3789,0.87205,0.86616,0.04937,0.05292,314.9,426,1299,1926,1926,1932,1830,2020,1425,1844,1906,2020,2020,2020,2017,2017,2017,2017,2133,2132,2291,2137,2977,2965,2978,3421,3418,3612,3734,3805,3731
3790,0.87203,0.86443,0.04938,0.05327,314.98,426,1299,1926,1926,1932,1830,2020,1425,1844,1906,2020,2020,2020,2017,2017,2017,2017,2133,2132,2291,2137,2977,2965,2978,3421,3418,3612,3734,3805,3731
3791,0.87201,0.86619,0.04938,0.05292,315.06,426,1300,1926,1926,1932,1830,2020,1425,1844,1906,2020,2020,2020,2017,2017,2017,2017,2133,2132,2291,2137,2977,2965,2978,3421,3418,3612,3734,3805,3731
3792,0.87201,0.86439,0.04938,0.05327,315.14,426,1300,1926,1926,1932,1831,2020,1425,1844,1906,2020,2020,2020,2017,2017,2017,2017,2133,2132,2291,2137,2977,2965,2978,3421,3418,3612,3734,3805,3731
3793,0.87203,0.86618,0.04938,0.05292,315.22,426,1301,1926,1926,1932,1831,2020,1425,1845,1906,2020,2020,2020,2017,2017,2017,2017,2132,2132,2291,2137,2977,2965,2978,3421,3418,3612,3734,3805,3731
3794,0.87207,0.86452,0.04937,0.05325,315.3,426,1301,1926,1926,1932,1831,2020,1425,1845,1906,2020,2020,2020,2017,2017,2017,2017,2132,2132,2291,2137,2977,2965,2978,3421,3418,3612,3734,3805,3731
3795,0.87213,0.86611,0.04936,0.05294,315.4,426,1302,1926,1926,1932,1832,2020,1425,1845,1906,2020,2020,2020,2017,2017,2017,2017,2132,2132,2291,2137,2977,2965,2978,3421,3418,3612,3734,3805,3731
3796,0.87219,0.86489,0.04934,0.05318,315.48,426,1302,1926,1926,1932,1832,2020,1425,1845,1906,2020,2020,2020,2017,2017,2017,2017,2132,2132,2291,2137,2977,2965,2978,3421,3418,3612,3734,3805,3731
3797,0.87224,0.86596,0.04933,0.05297,315.57,426,1303,1926,1926,1932,1833,2020,1425,1845,1906,2020,2020,2020,2017,2017,2017,2017,2132,2132,2291,2137,2977,2965,2978,3421,3418,3612,3734,3805,3731
3798,0.87229,0.86528,0.04933,0.0531,315.67,426,1303,1926,1926,1932,1833,2020,1425,1846,1906,2020,2020,2020,2017,2017,2017,2017,2132,2132,2291,2137,2977,2965,2978,3421,3418,3612,3734,3806,3731
3799,0.87231,0.86569,0.04932,0.05302,315.77,426,1304,1926,1926,1932,1833,2020,1425,1846,1906,2020,2020,2020,2017,2017,2017,2017,2132,2132,2291,2137,2977,2965,2978,3421,3418,3612,3734,3806,3731
3800,0.87232,0.8656,0.04932,0.05304,315.87,426,1304,1926,1926,1932,1833,2020,1425,1846,1907,2020,2020,2020,2017,2017,2017,2017,2133,2133,2291,2137,2977,2965,2978,3421,3418,3612,3734,3806,3731
3801,0.87232,0.86542,0.04932,0.05307,315.95,426,1305,1926,1926,1932,1834,2020,1425,1846,1907,2020,2020,2020,2017,2017,2017,2017,2133,2133,2291,2137,2977,2965,2978,3421,3418,3612,3734,3806,3731
3802,0.8723,0.86582,0.04932,0.05299,316.04,426,1305,1926,1926,1932,1834,2020,1425,1846,1907,2020,2020,2020,2017,2017,2017,2017,2133,2133,2291,2137,2977,2965,2978,3421,3418,3612,3734,3806,3731
3803,0.87228,0.86517,0.04933,0.05312,316.13,426,1306,1926,1926,1932,1835,2020,1425,1847,1907,2020,2020,2020,2017,2017,2017,2017,2133,2133,2291,2137,2977,2965,2978,3421,3418,3612,3734,3806,3731
3804,0.87226,0.86602,0.04933,0.05295,316.21,426,1306,1926,1926,1932,1835,2020,1425,1847,1907,2020,2020,2020,2017,2017,2017,2017,2133,2133,2291,2137,2977,2965,2978,3421,3418,3612,3734,3806,3731
3805,0.87223,0.86492,0.04934,0.05317,316.3,426,1307,1926,1926,1932,1835,2020,1425,1847,1907,2020,2020,2020,2017,2017,2017,2017,2133,2133,2291,2137,2977,2965,2978,3421,3418,3612,3734,3806,3731
3806,0.8722,0.86609,0.04934,0.05294,316.38,426,1307,1926,1926,1932,1836,2020,1425,1847,1907,2020,2020,2020,2017,2017,2017,2017,2133,2132,2291,2137,2977,2965,2978,3421,3418,3612,3734,3806,3731
3807,0.87217,0.86478,0.04935,0.0532,316.48,426,1308,1926,1926,1932,1836,2020,1425,1847,1907,2020,2020,2020,2017,2017,2017,2017,2133,2132,2291,2137,2977,2965,2978,3421,3418,3612,3734,3806,3731
3808,0.87216,0.86619,0.04935,0.05292,316.57,426,1308,1926,1926,1932,1836,2020,1425,1848,1907,2020,2020,2020,2017,2017,2017,2017,2133,2132,2291,2137,2977,2965,2978,3421,3418,3612,3734,3806,3731
3809,0.87215,0.86468,0.04935,0.05322,316.65,426,1309,1926,1926,1932,1837,2020,1425,1848,1907,2020,2020,2020,2017,2017,2017,2017,2133,2132,2291,2137,2977,2965,2978,3421,3418,3612,3734,3806,3731
3810,0.87216,0.86615,0.04935,0.05293,316.74,426,1309,1926,1926,1932,1837,2020,1425,1848,1907,2020,2020,2020,2017,2017,2017,2017,2133,2132,2292,2137,2977,2965,2978,3421,3418,3612,3734,3806,3731
3811,0.87217,0.86471,0.04935,0.05321,316.83,426,1309,1926,1926,1932,1837,2020,1425,1848,1908,2020,2020,2020,2017,2017,2017,2017,2133,2132,2291,2137,2977,2965,2978,3421,3418,3612,3734,3806,3731
3812,0.87218,0.86612,0.04935,0.05293,316.91,426,1310,1926,1926,1932,1838,2020,1425,1848,1908,2020,2020,2020,2017,2017,2017,2017,2133,2132,2291,2137,2977,2965,2978,3421,3418,3612,3734,3806,3731
3813,0.8722,0.86479,0.04934,0.05319,317.0,426,1310,1926,1926,1932,1838,2020,1425,1849,1908,2020,2020,2020,2017,2017,2017,2017,2133,2133,2291,2137,2977,2965,2978,3421,3418,3612,3734,3806,3731
3814,0.87222,0.8661,0.04934,0.05294,317.09,426,1311,1926,1926,1932,1838,2020,1425,1849,1908,2020,2020,2020,2017,2017,2017,2017,2133,2132,2291,2137,2977,2965,2978,3421,3418,3612,3734,3806,3731
3815,0.87225,0.86497,0.04933,0.05316,317.16,426,1311,1926,1926,1932,1839,2020,1425,1849,1908,2020,2020,2020,2017,2017,2017,2017,2133,2133,2291,2137,2977,2965,2978,3421,3418,3612,3734,3806,3731
3816,0.87227,0.86601,0.04933,0.05295,317.25,426,1312,1926,1926,1932,1839,2020,1425,1849,1908,2020,2020,2020,2017,2017,2017,2017,2133,2132,2291,2137,2977,2965,2978,3421,3418,3612,3734,3806,3731
3817,0.87229,0.86507,0.04933,0.05314,317.33,426,1312,1926,1926,1932,1839,2020,1425,1849,1908,2020,2020,2020,2017,2017,2017,2017,2133,2132,2291,2137,2977,2965,2978,3421,3418,3612,3734,3806,3731
3818,0.87231,0.86596,0.04932,0.05296,317.43,426,1313,1926,1926,1932,1840,2020,1425,1850,1908,2020,2020,2020,2017,2017,2017,2017,2133,2132,2291,2137,2977,2965,2978,3421,3418,3612,3734,3805,3731
3819,0.87232,0.86523,0.04932,0.05311,317.52,426,1313,1926,1926,1932,1840,2020,1425,1850,1908,2020,2020,2020,2017,2017,2017,2017,2133,2132,2291,2137,2977,2965,2978,3421,3418,3612,3734,3806,3731
3820,0.87233,0.86589,0.04932,0.05298,317.61,426,1314,1926,1926,1932,1840,2020,1425,1850,1909,2020,2020,2020,2017,2017,2017,2017,2133,2132,2291,2137,2977,2965,2978,3421,3418,3612,3734,3805,3731
3821,0.87234,0.86531,0.04932,0.05309,317.69,426,1314,1926,1926,1932,1841,2020,1425,1850,1909,2020,2020,2020,2017,2017,2017,2017,2133,2132,2291,2137,2977,2965,2978,3421,3418,3612,3734,3805,3731
3822,0.87234,0.8659,0.04932,0.05298,317.79,426,1315,1926,1926,1932,1841,2020,1425,1850,1909,2020,2020,2020,2017,2017,2017,2017,2133,2132,2291,2137,2977,2965,2978,3421,3418,3612,3734,3805,3731
3823,0.87235,0.86537,0.04931,0.05308,317.89,426,1315,1926,1926,1932,1841,2020,1425,1850,1909,2020,2020,2020,2017,2017,2017,2017,2133,2132,2291,2137,2977,2965,2978,3421,3418,3612,3734,3805,3731
3824,0.87235,0.86582,0.04931,0.05299,317.97,426,1316,1926,1926,1932,1842,2020,1425,1851,1909,2020,2020,2020,2017,2017,2017,2017,2133,2133,2291,2137,2977,2965,2978,3421,3418,3612,3734,3805,3731
3825,0.87236,0.86542,0.04931,0.05307,318.06,426,1316,1926,1926,1932,1842,2020,1425,1851,1909,2020,2020,2020,2017,2017,2017,2017,2133,2133,2291,2137,2977,2965,2978,3421,3418,3612,3734,3805,3731
3826,0.87236,0.86588,0.04931,0.05298,318.15,426,1317,1926,1926,1932,1842,2020,1425,1851,1909,2020,2020,2020,2017,2017,2017,2017,2133,2133,2291,2137,2977,2965,2978,3421,3418,3612,3734,3805,3731
3827,0.87236,0.8654,0.04931,0.05307,318.24,426,1317,1926,1926,1932,1843,2020,1425,1851,1910,2020,2020,2020,2017,2017,2017,2017,2133,2133,2291,2137,2977,2965,2978,3421,3418,3612,3734,3805,3731
3828,0.87236,0.86584,0.04931,0.05299,318.33,426,1318,1926,1926,1932,1843,2020,1425,1851,1910,2020,2020,2020,2017,2017,2017,2017,2133,2133,2291,2137,2977,2965,2978,3421,3418,3612,3734,3805,3731
3829,0.87236,0.86541,0.04931,0.05307,318.42,426,1318,1926,1926,1932,1843,2020,1425,1851,1910,2020,2020,2020,2017,2017,2017,2017,2133,2133,2291,2137,2977,2965,2978,3421,3418,3612,3734,3805,3731
3830,0.87235,0.86593,0.04931,0.05297,318.51,426,1319,1926,1926,1932,1844,2020,1425,1852,1910,2020,2020,2020,2017,2017,2017,2017,2133,2133,2291,2137,2977,2965,2978,3421,3418,3612,3734,3805,3731
3831,0.87235,0.86529,0.04931,0.0531,318.59,426,1319,1926,1926,1932,1844,2020,1425,1852,1910,2020,2020,2020,2017,2017,2017,2017,2133,2133,2291,2137,2977,2965,2978,3421,3418,3612,3734,3805,3731
3832,0.87234,0.86598,0.04932,0.05296,318.67,426,1320,1926,1926,1932,1844,2020,1425,1852,1910,2020,2020,2020,2017,2017,2017,2017,2133,2132,2291,2137,2977,2965,2978,3421,3418,3612,3734,3805,3731
3833,0.87233,0.86521,0.04932,0.05311,318.77,426,1320,1926,1926,1932,1844,2020,1425,1852,1910,2020,2020,2020,2017,2017,2017,2017,2133,2132,2291,2137,2977,2965,2978,3421,3418,3612,3734,3805,3731
3834,0.87231,0.86608,0.04932,0.05294,318.86,426,1321,1926,1926,1932,1845,2020,1425,1852,1911,2020,2020,2020,2017,2017,2017,2017,2133,2132,2291,2137,2977,2965,2978,3421,3418,3612,3734,3805,3731
3835,0.87228,0.86496,0.04933,0.05316,318.95,426,1321,1926,1926,1932,1845,2020,1425,1853,1911,2020,2020,2020,2017,2017,2017,2017,2133,2132,2291,2137,2977,2965,2978,3421,3418,3612,3734,3805,3731
3836,0.87224,0.86621,0.04934,0.05292,319.05,426,1322,1926,1926,1932,1845,2020,1425,1853,1911,2020,2020,2020,2017,2017,2017,2017,2133,2132,2291,2137,2977,2965,2978,3421,3418,3612,3734,3805,3731
3837,0.8722,0.86478,0.04934,0.0532,319.14,426,1322,1926,1926,1932,1846,2020,1425,1853,1911,2020,2020,2020,2017,2017,2017,2017,2133,2132,2291,2137,2977,2965,2978,3421,3418,3612,3734,3805,3731
3838,0.87214,0.86631,0.04936,0.0529,319.22,426,1322,1926,1926,1932,1846,2020,1425,1853,1911,2020,2020,2020,2017,2017,2017,2017,2133,2132,2291,2137,2977,2965,2978,3421,3418,3612,3734,3805,3731
3839,0.87207,0.86439,0.04937,0.05327,319.31,426,1323,1926,1926,1932,1846,2020,1425,1853,1911,2021,2020,2020,2017,2017,2017,2017,2133,2132,2291,2137,2977,2965,2978,3421,3418,3612,3734,3805,3731
3840,0.87198,0.86643,0.04938,0.05287,319.4,426,1323,1926,1926,1932,1847,2020,1425,1854,1911,2020,2020,2020,2017,2017,2017,2017,2133,2132,2291,2137,2977,2965,2978,3421,3418,3612,3734,3805,3731
3841,0.87191,0.86407,0.0494,0.05334,319.48,426,1324,1926,1926,1932,1847,2020,1425,1854,1912,2020,2020,2020,2017,2017,2017,2017,2133,2132,2291,2137,2977,2965,2978,3421,3418,3612,3734,3805,3731
3842,0.87182,0.86643,0.04942,0.05287,319.57,426,1324,1926,1926,1932,1847,2020,1425,1854,1912,2020,2020,2020,2017,2017,2017,2017,2133,2132,2291,2137,2977,2965,2978,3421,3418,3612,3734,3805,3731
3843,0.87178,0.86377,0.04942,0.0534,319.66,426,1325,1926,1926,1932,1848,2020,1425,1854,1912,2020,2020,2020,2017,2017,2017,2017,2133,2132,2291,2137,2977,2965,2978,3421,3418,3612,3734,3805,3731
3844,0.87177,0.86648,0.04943,0.05286,319.75,426,1325,1926,1926,1932,1848,2020,1426,1854,1912,2020,2020,2020,2017,2017,2017,2017,2132,2132,2291,2137,2977,2965,2978,3421,3418,3612,3734,3805,3731
3845,0.8718,0.86381,0.04942,0.05339,319.84,426,1326,1926,1926,1932,1848,2020,1425,1854,1912,2020,2020,2020,2017,2017,2017,2017,2132,2132,2291,2137,2977,2965,2978,3421,3418,3612,3734,3805,3731
3846,0.87189,0.86644,0.0494,0.05287,319.92,426,1326,1926,1926,1932,1849,2020,1425,1855,1912,2020,2020,2020,2017,2017,2017,2017,2132,2132,2291,2137,2977,2965,2978,3421,3418,3612,3734,3805,3731
3847,0.87203,0.86433,0.04938,0.05328,320.01,426,1327,1926,1926,1932,1849,2020,1425,1855,1913,2020,2020,2020,2017,2017,2017,2017,2132,2132,2291,2137,2977,2965,2978,3421,3418,3612,3734,3805,3731
3848,0.87217,0.86635,0.04935,0.05289,320.1,426,1327,1926,1926,1932,1849,2020,1425,1855,1913,2020,2020,2020,2017,2017,2017,2017,2132,2132,2292,2137,2977,2965,2978,3421,3418,3612,3734,3805,3731
3849,0.87231,0.86505,0.04932,0.05314,320.19,426,1328,1926,1926,1932,1849,2020,1425,1855,1913,2020,2020,2020,2017,2017,2017,2017,2132,2132,2291,2137,2977,2965,2978,3421,3418,3612,3734,3805,3731
3850,0.87239,0.86598,0.04931,0.05296,320.27,426,1328,1926,1926,1932,1850,2020,1425,1855,1913,2020,2020,2020,2017,2017,2017,2017,2132,2132,2291,2137,2977,2965,2978,3421,3418,3612,3734,3805,3731
3851,0.87242,0.86564,0.0493,0.05303,320.36,426,1329,1926,1926,1932,1850,2020,1425,1855,1913,2020,2020,2020,2017,2017,2017,2017,2132,2132,2291,2137,2977,2965,2978,3421,3418,3612,3734,3805,3731
3852,0.87241,0.8655,0.0493,0.05305,320.44,426,1329,1926,1926,1932,1850,2020,1425,1855,1913,2020,2020,2020,2017,2017,2017,2017,2133,2133,2291,2137,2977,2965,2978,3421,3418,3612,3734,3805,3731
3853,0.87238,0.86606,0.04931,0.05294,320.53,426,1330,1926,1926,1932,1851,2020,1425,1855,1913,2020,2020,2020,2017,2017,2017,2017,2133,2133,2291,2137,2977,2965,2978,3421,3418,3612,3734,3805,3731
3854,0.87233,0.86508,0.04932,0.05314,320.61,426,1330,1926,1926,1932,1851,2020,1425,1855,1913,2020,2020,2020,2018,2017,2017,2018,2133,2133,2291,2137,2977,2965,2978,3421,3418,3612,3734,3806,3731
3855,0.87227,0.86628,0.04933,0.0529,320.69,426,1330,1926,1926,1932,1851,2020,1425,1856,1914,2020,2020,2020,2017,2017,2017,2017,2133,2133,2291,2137,2977,2965,2978,3421,3418,3612,3734,3805,3731
3856,0.87224,0.86483,0.04934,0.05319,320.77,426,1331,1926,1926,1932,1851,2020,1425,1856,1914,2020,2020,2020,2018,2017,2017,2018,2133,2133,2291,2137,2977,2965,2978,3421,3418,3612,3734,3806,3731
3857,0.87221,0.86636,0.04934,0.05289,320.86,426,1331,1926,1926,1932,1852,2020,1425,1856,1914,2020,2020,2020,2017,2017,2017,2017,2133,2132,2291,2137,2977,2965,2978,3421,3418,3612,3734,3805,3731
3858,0.87222,0.86475,0.04934,0.0532,320.95,426,1332,1926,1926,1932,1852,2020,1425,1856,1914,2021,2020,2021,2017,2017,2017,2017,2133,2132,2291,2137,2977,2965,2978,3421,3418,3612,3734,3806,3731
3859,0.87223,0.86635,0.04934,0.05289,321.03,426,1332,1926,1926,1932,1852,2020,1425,1856,1914,2020,2020,2020,2017,2017,2017,2017,2133,2132,2291,2137,2977,2965,2978,3421,3418,3612,3734,3805,3731
3860,0.87228,0.86494,0.04933,0.05317,321.12,426,1333,1926,1926,1932,1853,2020,1425,1856,1914,2020,2020,2020,2017,2017,2017,2017,2133,2132,2291,2137,2977,2965,2978,3421,3418,3612,3734,3806,3731
3861,0.87233,0.86622,0.04932,0.05291,321.21,426,1333,1926,1926,1932,1853,2020,1425,1857,1914,2020,2020,2020,2017,2017,2017,2017,2133,2132,2291,2137,2977,2965,2978,3421,3418,3612,3734,3805,3731
3862,0.87238,0.86523,0.04931,0.05311,321.3,426,1334,1926,1926,1932,1853,2020,1425,1857,1914,2020,2020,2020,2017,2017,2017,2017,2133,2132,2291,2137,2977,2965,2978,3421,3418,3612,3734,3805,3731
3863,0.87241,0.86602,0.0493,0.05295,321.39,426,1334,1926,1926,1932,1854,2020,1425,1857,1915,2020,2020,2020,2017,2017,2017,2017,2133,2132,2291,2137,2977,2965,2978,3421,3418,3612,3734,3805,3731
3864,0.87244,0.86561,0.0493,0.05303,321.48,426,1335,1926,1926,1932,1854,2020,1425,1857,1915,2020,2020,2020,2017,2017,2017,2017,2133,2133,2291,2137,2977,2965,2978,3421,3418,3612,3734,3805,3731
3865,0.87245,0.86574,0.0493,0.05301,321.57,426,1335,1926,1926,1932,1854,2020,1425,1857,1915,2020,2020,2020,2017,2017,2017,2017,2133,2133,2291,2137,2977,2965,2978,3421,3418,3612,3734,3805,3731
3866,0.87244,0.86586,0.0493,0.05298,321.67,426,1336,1926,1926,1932,1854,2020,1425,1858,1915,2020,2020,2020,2017,2017,2017,2017,2133,2133,2291,2137,2977,2965,2978,3421,3418,3612,3734,3805,3731
3867,0.87243,0.8655,0.0493,0.05306,321.74,426,1336,1926,1926,1932,1855,2020,1425,1858,1915,2020,2020,2020,2017,2017,2017,2017,2133,2133,2291,2137,2977,2965,2978,3421,3418,3612,3734,3805,3731
3868,0.87241,0.86606,0.0493,0.05294,321.82,426,1337,1926,1926,1932,1855,2020,1425,1858,1916,2020,2020,2020,2017,2017,2017,2017,2133,2133,2291,2137,2977,2965,2978,3421,3418,3612,3734,3805,3731
3869,0.87239,0.86522,0.04931,0.05311,321.9,426,1337,1926,1926,1932,1855,2020,1425,1858,1916,2020,2020,2020,2018,2017,2017,2017,2133,2133,2291,2137,2977,2965,2978,3421,3418,3612,3734,3805,3731
3870,0.87236,0.86622,0.04931,0.05291,321.99,426,1337,1926,1926,1932,1855,2020,1425,1858,1916,2020,2020,2020,2017,2017,2017,2017,2133,2133,2291,2137,2977,2965,2978,3421,3418,3612,3734,3805,3731
3871,0.87233,0.86507,0.04932,0.05314,322.06,426,1338,1926,1926,1932,1856,2020,1425,1858,1916,2020,2020,2020,2018,2017,2017,2017,2133,2133,2291,2137,2977,2965,2978,3421,3418,3612,3734,3805,3731
3872,0.8723,0.86633,0.04932,0.05289,322.15,426,1338,1926,1926,1932,1856,2020,1425,1859,1916,2020,2020,2020,2017,2017,2017,2017,2133,2132,2291,2137,2977,2965,2978,3421,3418,3612,3734,3805,3731
3873,0.87227,0.86488,0.04933,0.05318,322.25,426,1339,1926,1926,1932,1856,2020,1425,1859,1916,2021,2020,2021,2017,2017,2017,2017,2133,2132,2291,2137,2977,2965,2978,3421,3418,3612,3734,3805,3731
3874,0.87225,0.8664,0.04933,0.05288,322.33,426,1339,1926,1926,1932,1857,2020,1425,1859,1917,2020,2020,2020,2017,2017,2017,2017,2133,2132,2291,2137,2977,2965,2978,3421,3418,3612,3734,3805,3731
3875,0.87225,0.86479,0.04933,0.0532,322.42,426,1340,1926,1926,1932,1857,2020,1425,1859,1917,2020,2020,2020,2017,2017,2017,2017,2133,2132,2291,2137,2977,2965,2978,3421,3418,3612,3734,3805,3731
3876,0.87225,0.86637,0.04933,0.05288,322.51,426,1340,1926,1926,1932,1857,2020,1425,1859,1917,2020,2020,2020,2017,2017,2017,2017,2133,2132,2291,2137,2977,2965,2978,3421,3418,3612,3734,3805,3731
3877,0.87227,0.86482,0.04933,0.05319,322.59,426,1341,1926,1926,1932,1858,2020,1425,1860,1917,2020,2020,2020,2017,2017,2017,2017,2133,2132,2291,2137,2977,2965,2978,3421,3418,3612,3734,3805,3731
3878,0.87229,0.86636,0.04932,0.05289,322.67,426,1341,1926,1926,1932,1858,2020,1425,1860,1917,2020,2020,2020,2017,2017,2017,2017,2133,2132,2291,2137,2977,2965,2978,3421,3418,3612,3734,3805,3731
3879,0.87233,0.86502,0.04932,0.05315,322.76,426,1342,1926,1926,1932,1858,2020,1425,1860,1918,2020,2020,2020,2017,2017,2017,2017,2133,2133,2291,2137,2977,2965,2978,3421,3418,3612,3734,3805,3731
3880,0.87236,0.86627,0.04931,0.0529,322.85,426,1342,1926,1926,1932,1858,2020,1425,1860,1918,2020,2020,2020,2017,2017,2017,2017,2133,2133,2291,2137,2977,2965,2978,3421,3418,3612,3734,3805,3731
3881,0.87239,0.86522,0.04931,0.05311,322.94,426,1343,1926,1926,1932,1859,2020,1425,1860,1918,2021,2020,2020,2017,2017,2017,2017,2133,2133,2291,2137,2977,2965,2978,3421,3418,3612,3734,3805,3731
3882,0.87242,0.86615,0.0493,0.05293,323.03,426,1343,1926,1926,1932,1859,2020,1425,1861,1918,2020,2020,2020,2017,2017,2017,2017,2133,2133,2291,2137,2977,2965,2978,3421,3418,3612,3734,3805,3731
3883,0.87245,0.86546,0.0493,0.05306,323.13,426,1344,1926,1926,1932,1859,2020,1425,1861,1919,2020,2020,2020,2017,2017,2017,2017,2133,2132,2291,2137,2977,2965,2978,3421,3418,3612,3734,3805,3731
3884,0.87247,0.86599,0.04929,0.05296,323.22,426,1344,1926,1926,1932,1860,2020,1425,1861,1919,2020,2020,2020,2017,2017,2017,2017,2133,2132,2291,2137,2977,2965,2978,3421,3418,3612,3734,3805,3731
3885,0.87248,0.86565,0.04929,0.05303,323.32,426,1345,1926,1926,1932,1860,2020,1425,1861,1919,2020,2020,2020,2017,2017,2017,2017,2133,2132,2291,2137,2977,2965,2978,3421,3418,3612,3734,3805,3731
3886,0.87249,0.86584,0.04929,0.05299,323.41,426,1345,1926,1926,1932,1860,2020,1425,1861,1919,2020,2020,2020,2017,2017,2017,2017,2133,2132,2291,2137,2977,2965,2978,3421,3418,3612,3734,3805,3731
3887,0.87249,0.86583,0.04929,0.05299,323.49,426,1345,1926,1926,1932,1861,2020,1425,1861,1919,2020,2020,2020,2017,2017,2017,2017,2133,2132,2291,2137,2977,2965,2978,3421,3418,3612,3734,3805,3731
3888,0.87249,0.86575,0.04929,0.05301,323.58,426,1346,1926,1926,1932,1861,2020,1425,1861,1920,2020,2020,2020,2017,2017,2017,2017,2133,2132,2291,2137,2977,2965,2978,3421,3418,3612,3734,3805,3731
3889,0.87249,0.86594,0.04929,0.05297,323.66,426,1346,1926,1926,1932,1861,2020,1425,1862,1920,2020,2020,2020,2017,2017,2017,2017,2133,2132,2291,2137,2977,2965,2978,3421,3418,3612,3734,3805,3731
3890,0.87248,0.86563,0.04929,0.05303,323.75,426,1347,1926,1926,1932,1861,2020,1425,1862,1920,2020,2020,2020,2017,2017,2017,2017,2133,2133,2291,2137,2977,2965,2978,3421,3418,3612,3734,3805,3731
3891,0.87248,0.86604,0.04929,0.05295,323.83,426,1347,1926,1926,1932,1862,2020,1425,1862,1920,2020,2020,2020,2017,2017,2017,2017,2133,2133,2291,2137,2977,2965,2978,3421,3418,3612,3734,3805,3731
3892,0.87247,0.86549,0.04929,0.05306,323.91,426,1348,1926,1926,1932,1862,2020,1425,1862,1921,2020,2020,2020,2017,2017,2017,2017,2133,2133,2291,2137,2977,2965,2978,3421,3418,3612,3734,3805,3731
3893,0.87246,0.86615,0.04929,0.05293,324.0,426,1348,1926,1926,1932,1862,2020,1425,1862,1921,2020,2020,2020,2017,2017,2017,2017,2133,2133,2291,2137,2977,2965,2978,3421,3418,3612,3734,3805,3731
3894,0.87245,0.86542,0.04929,0.05307,324.09,426,1349,1926,1926,1932,1862,2020,1425,1862,1921,2020,2020,2020,2017,2017,2017,2017,2133,2133,2291,2137,2977,2965,2978,3421,3418,3612,3734,3805,3731
3895,0.87244,0.86623,0.0493,0.05291,324.17,426,1349,1926,1926,1932,1863,2020,1425,1862,1921,2020,2020,2020,2017,2017,2017,2017,2133,2133,2291,2137,2977,2965,2978,3421,3418,3612,3734,3805,3731
3896,0.87242,0.86524,0.0493,0.05311,324.26,426,1350,1926,1926,1932,1863,2020,1425,1862,1922,2020,2020,2020,2017,2017,2017,2017,2133,2133,2291,2137,2977,2965,2978,3421,3418,3612,3734,3805,3731
3897,0.8724,0.8663,0.0493,0.0529,324.35,426,1350,1926,1926,1932,1863,2020,1425,1863,1922,2020,2020,2020,2017,2017,2017,2017,2133,2132,2291,2137,2977,2965,2978,3421,3418,3612,3734,3805,3731
3898,0.87238,0.86512,0.04931,0.05313,324.43,426,1351,1926,1926,1932,1863,2020,1425,1863,1922,2020,2020,2020,2017,2017,2017,2017,2133,2132,2291,2137,2977,2965,2978,3421,3418,3612,3734,3805,3731
3899,0.87235,0.86639,0.04931,0.05288,324.52,426,1351,1926,1926,1932,1864,2020,1425,1863,1923,2020,2020,2020,2017,2017,2017,2017,2133,2132,2291,2137,2977,2965,2978,3421,3418,3612,3734,3805,3731
3900,0.87231,0.86487,0.04932,0.05318,324.63,426,1352,1926,1926,1932,1864,2020,1425,1863,1923,2020,2020,2020,2017,2017,2017,2017,2133,2132,2291,2137,2977,2965,2978,3421,3418,3612,3734,3805,3731
3901,0.87227,0.86648,0.04933,0.05286,324.72,426,1352,1926,1926,1932,1864,2020,1425,1863,1923,2020,2020,2020,2017,2017,2017,2017,2133,2132,2291,2137,2977,2965,2978,3421,3418,3612,3734,3805,3731
3902,0.87223,0.86469,0.04934,0.05322,324.8,426,1352,1926,1926,1932,1865,2020,1425,1863,1923,2020,2020,2020,2017,2017,2017,2017,2133,2132,2291,2137,2977,2965,2978,3421,3418,3612,3734,3805,3731
3903,0.87219,0.86653,0.04935,0.05285,324.88,426,1353,1926,1926,1932,1865,2020,1425,1864,1924,2020,2020,2020,2017,2017,2017,2017,2133,2132,2291,2137,2977,2965,2978,3421,3418,3612,3734,3805,3731
3904,0.87215,0.86444,0.04935,0.05326,324.97,426,1353,1926,1926,1932,1865,2020,1425,1864,1924,2020,2020,2020,2017,2017,2017,2017,2133,2132,2291,2137,2977,2965,2978,3421,3418,3612,3734,3805,3731
3905,0.87211,0.86657,0.04936,0.05284,325.05,426,1354,1926,1926,1932,1865,2020,1425,1864,1924,2020,2020,2020,2017,2017,2017,2017,2133,2132,2291,2137,2977,2965,2978,3421,3418,3612,3734,3805,3731
3906,0.87209,0.86435,0.04936,0.05328,325.14,426,1354,1926,1926,1932,1865,2020,1425,1864,1925,2020,2020,2020,2017,2017,2017,2017,2133,2132,2291,2137,2977,2965,2978,3421,3418,3612,3734,3805,3731
3907,0.87209,0.8666,0.04936,0.05284,325.22,426,1355,1926,1926,1932,1866,2020,1425,1864,1925,2020,2020,2020,2017,2017,2017,2017,2133,2132,2292,2137,2977,2965,2978,3421,3418,3612,3734,3805,3731
3908,0.87211,0.86437,0.04936,0.05328,325.32,426,1355,1926,1926,1932,1866,2020,1425,1864,1925,2020,2020,2020,2017,2017,2017,2017,2133,2132,2291,2137,2977,2965,2978,3421,3418,3612,3734,3805,3731
3909,0.87215,0.86657,0.04935,0.05284,325.41,426,1356,1926,1926,1932,1866,2020,1425,1865,1926,2020,2020,2020,2017,2017,2017,2017,2132,2132,2291,2137,2977,2965,2978,3421,3418,3612,3734,3805,3731
3910,0.87222,0.86464,0.04934,0.05322,325.49,426,1356,1926,1926,1932,1867,2020,1425,1865,1926,2020,2020,2020,2017,2017,2017,2017,2132,2132,2291,2137,2977,2965,2978,3421,3418,3612,3734,3805,3731
3911,0.8723,0.86647,0.04932,0.05286,325.57,426,1357,1926,1926,1932,1867,2020,1425,1865,1927,2020,2020,2020,2017,2017,2017,2017,2132,2132,2292,2137,2977,2965,2978,3421,3418,3612,3734,3805,3731
3912,0.87238,0.86504,0.04931,0.05314,325.68,426,1357,1926,1926,1932,1867,2020,1425,1865,1927,2020,2020,2020,2017,2017,2017,2017,2132,2132,2291,2137,2977,2965,2978,3421,3418,3612,3734,3805,3731
3913,0.87245,0.86631,0.04929,0.0529,325.76,426,1358,1926,1926,1932,1867,2020,1425,1865,1927,2020,2020,2020,2017,2017,2017,2017,2132,2132,2291,2137,2977,2965,2978,3421,3418,3612,3734,3805,3731
3914,0.8725,0.86552,0.04929,0.05305,325.84,426,1358,1926,1926,1932,1868,2020,1425,1865,1928,2020,2020,2020,2017,2017,2017,2017,2132,2132,2291,2137,2977,2965,2978,3421,3418,3612,3734,3805,3731
3915,0.87253,0.86605,0.04928,0.05295,325.93,426,1358,1926,1926,1932,1868,2020,1425,1865,1928,2020,2020,2020,2017,2017,2017,2017,2132,2132,2291,2137,2977,2965,2978,3421,3418,3612,3734,3805,3731
3916,0.87254,0.86585,0.04928,0.05299,326.03,426,1359,1926,1926,1932,1868,2020,1425,1865,1928,2020,2020,2020,2017,2017,2017,2017,2132,2132,2291,2137,2977,2965,2978,3421,3418,3612,3734,3805,3731
3917,0.87254,0.86582,0.04928,0.05299,326.11,426,1359,1926,1926,1932,1868,2020,1425,1866,1929,2020,2020,2020,2018,2017,2017,2017,2133,2133,2291,2137,2977,2965,2978,3421,3418,3612,3734,3805,3731
3918,0.87253,0.86614,0.04928,0.05293,326.21,426,1360,1926,1926,1932,1869,2020,1425,1866,1929,2020,2020,2020,2017,2017,2017,2017,2133,2133,2291,2137,2977,2965,2978,3421,3418,3612,3734,3805,3731
3919,0.87251,0.86553,0.04928,0.05305,326.3,426,1360,1926,1926,1932,1869,2020,1425,1866,1930,2020,2020,2020,2018,2017,2017,2017,2133,2133,2291,2137,2977,2965,2978,3421,3418,3612,3734,3805,3731
3920,0.87249,0.86627,0.04929,0.0529,326.37,426,1361,1926,1926,1932,1869,2020,1425,1866,1930,2020,2020,2020,2017,2017,2017,2017,2133,2133,2291,2137,2977,2965,2978,3421,3418,3612,3734,3805,3731
3921,0.87246,0.86529,0.04929,0.0531,326.45,426,1361,1926,1926,1932,1869,2020,1425,1866,1931,2020,2020,2020,2017,2017,2017,2017,2133,2133,2291,2137,2977,2965,2978,3421,3418,3612,3734,3805,3731
3922,0.87242,0.86642,0.0493,0.05287,326.54,426,1362,1926,1926,1932,1870,2020,1425,1866,1931,2020,2020,2020,2017,2017,2017,2017,2133,2133,2291,2137,2977,2965,2978,3421,3418,3612,3734,3805,3731
3923,0.87238,0.86498,0.04931,0.05316,326.63,426,1362,1926,1926,1932,1870,2020,1425,1866,1932,2020,2020,2020,2017,2017,2017,2017,2133,2133,2291,2137,2977,2965,2978,3421,3418,3612,3734,3805,3731
3924,0.87234,0.86652,0.04932,0.05285,326.72,426,1363,1926,1926,1932,1870,2020,1425,1867,1932,2020,2020,2020,2017,2017,2017,2017,2133,2132,2291,2137,2977,2965,2978,3421,3418,3612,3734,3805,3731
3925,0.87229,0.8648,0.04933,0.05319,326.82,426,1363,1926,1926,1932,1870,2020,1425,1867,1933,2020,2020,2020,2017,2017,2017,2017,2133,2132,2291,2137,2977,2965,2978,3421,3418,3612,3734,3805,3731
3926,0.87226,0.86657,0.04933,0.05284,326.92,426,1364,1926,1926,1932,1871,2020,1425,1867,1933,2020,2020,2020,2017,2017,2017,2017,2133,2132,2291,2137,2977,2965,2978,3421,3418,3612,3734,3805,3731
3927,0.87223,0.86459,0.04934,0.05323,327.0,426,1364,1926,1926,1932,1871,2020,1425,1867,1934,2021,2020,2020,2017,2017,2017,2017,2133,2132,2291,2137,2977,2965,2978,3421,3418,3612,3734,3805,3731
3928,0.87222,0.8666,0.04934,0.05284,327.09,426,1365,1926,1926,1932,1871,2020,1425,1867,1934,2020,2020,2020,2017,2017,2017,2017,2133,2132,2291,2137,2977,2965,2978,3421,3418,3612,3734,3805,3731
3929,0.87221,0.86456,0.04934,0.05324,327.16,426,1365,1926,1926,1932,1871,2020,1425,1867,1935,2020,2020,2020,2017,2017,2017,2017,2133,2132,2291,2137,2977,2965,2978,3421,3418,3612,3734,3805,3731
3930,0.87223,0.86658,0.04934,0.05284,327.25,426,1365,1926,1926,1932,1872,2020,1425,1868,1935,2020,2020,2020,2017,2017,2017,2017,2133,2132,2292,2137,2977,2965,2978,3421,3418,3612,3734,3805,3731
3931,0.87226,0.86463,0.04933,0.05323,327.33,426,1366,1926,1926,1932,1872,2020,1425,1868,1936,2020,2020,2020,2017,2017,2017,2017,2133,2133,2291,2137,2977,2965,2978,3421,3418,3612,3734,3805,3731
3932,0.8723,0.86655,0.04932,0.05285,327.42,426,1366,1926,1926,1932,1872,2020,1425,1868,1936,2020,2020,2020,2017,2017,2017,2017,2133,2132,2291,2137,2977,2965,2978,3421,3418,3612,3734,3805,3731
3933,0.87235,0.8649,0.04931,0.05317,327.5,426,1367,1926,1926,1932,1872,2020,1425,1868,1937,2020,2020,2020,2017,2017,2017,2017,2133,2132,2291,2137,2977,2965,2978,3421,3418,3612,3734,3805,3731
3934,0.87241,0.86644,0.0493,0.05287,327.59,426,1367,1926,1926,1932,1873,2020,1425,1868,1937,2020,2020,2020,2017,2017,2017,2017,2133,2132,2292,2137,2977,2965,2978,3421,3418,3612,3734,3805,3731
3935,0.87247,0.86524,0.04929,0.05311,327.67,426,1368,1926,1926,1932,1873,2020,1425,1868,1938,2020,2020,2020,2017,2017,2017,2017,2133,2132,2291,2137,2977,2965,2978,3421,3418,3612,3734,3805,3731
3936,0.87252,0.86631,0.04928,0.05289,327.75,426,1368,1926,1926,1932,1873,2020,1425,1868,1938,2020,2020,2020,2017,2017,2017,2017,2133,2132,2291,2137,2977,2965,2978,3421,3418,3612,3734,3805,3731
3937,0.87256,0.86562,0.04927,0.05303,327.85,426,1369,1926,1926,1932,1873,2020,1425,1868,1939,2020,2020,2020,2017,2017,2017,2017,2133,2132,2291,2137,2977,2965,2978,3421,3418,3612,3734,3805,3731
3938,0.87258,0.8661,0.04927,0.05294,327.94,426,1369,1926,1926,1932,1874,2020,1425,1869,1939,2020,2020,2020,2017,2017,2017,2017,2133,2133,2291,2137,2977,2965,2978,3421,3418,3612,3734,3805,3731
3939,0.87259,0.8659,0.04927,0.05298,328.03,426,1370,1926,1926,1932,1874,2020,1425,1869,1940,2020,2020,2020,2017,2017,2017,2017,2133,2133,2291,2137,2977,2965,2978,3421,3418,3612,3734,3805,3731
3940,0.87259,0.8659,0.04927,0.05298,328.11,426,1370,1926,1926,1932,1874,2020,1425,1869,1941,2020,2020,2020,2017,2017,2017,2017,2133,2133,2292,2137,2977,2965,2978,3421,3418,3612,3734,3805,3731
3941,0.87259,0.86612,0.04927,0.05293,328.2,426,1371,1926,1926,1932,1874,2020,1425,1869,1941,2020,2020,2020,2017,2017,2017,2017,2133,2133,2291,2137,2977,2965,2978,3421,3418,3612,3734,3805,3731
3942,0.87257,0.86563,0.04927,0.05303,328.27,426,1371,1926,1926,1932,1875,2020,1425,1869,1942,2020,2020,2020,2017,2017,2017,2017,2133,2133,2291,2137,2977,2965,2978,3421,3418,3612,3734,3805,3731
3943,0.87255,0.86623,0.04927,0.05291,328.36,426,1372,1926,1926,1932,1875,2020,1425,1869,1942,2020,2020,2020,2017,2017,2017,2017,2133,2133,2291,2137,2977,2965,2978,3421,3418,3612,3734,3805,3731
3944,0.87254,0.86545,0.04928,0.05307,328.45,426,1372,1926,1926,1932,1875,2020,1425,1869,1943,2020,2020,2020,2017,2017,2017,2017,2133,2133,2291,2137,2977,2965,2978,3421,3418,3612,3734,3805,3731
3945,0.87251,0.8664,0.04928,0.05288,328.53,426,1372,1926,1926,1932,1875,2020,1425,1869,1944,2020,2020,2020,2017,2017,2017,2017,2133,2133,2292,2137,2977,2965,2978,3421,3418,3612,3734,3805,3731
3946,0.87248,0.8652,0.04929,0.05311,328.62,426,1373,1926,1926,1932,1875,2020,1425,1869,1944,2020,2020,2020,2017,2017,2017,2017,2133,2133,2291,2137,2977,2965,2978,3421,3418,3612,3734,3805,3731
3947,0.87244,0.86646,0.0493,0.05286,328.71,426,1373,1926,1926,1932,1876,2020,1425,1870,1945,2020,2020,2020,2017,2017,2017,2017,2133,2132,2291,2137,2977,2965,2978,3421,3418,3612,3734,3805,3731
3948,0.87241,0.865,0.0493,0.05315,328.8,426,1374,1926,1926,1932,1876,2020,1425,1870,1945,2020,2020,2020,2017,2017,2017,2017,2133,2132,2291,2137,2977,2965,2978,3421,3418,3612,3734,3805,3731
3949,0.87236,0.86657,0.04931,0.05284,328.9,426,1374,1926,1926,1932,1876,2020,1425,1870,1946,2020,2020,2020,2017,2017,2017,2017,2133,2132,2291,2137,2977,2965,2978,3421,3418,3612,3734,3805,3731
3950,0.87232,0.86471,0.04932,0.05321,328.98,426,1375,1926,1926,1932,1876,2020,1425,1870,1947,2020,2020,2020,2017,2017,2017,2017,2133,2132,2292,2137,2977,2965,2978,3421,3418,3612,3734,3805,3731
3951,0.87227,0.86662,0.04933,0.05283,329.06,426,1375,1926,1926,1932,1876,2020,1425,1870,1947,2020,2020,2020,2017,2017,2017,2017,2133,2132,2292,2137,2977,2965,2978,3421,3418,3612,3734,3805,3731
3952,0.87223,0.86452,0.04934,0.05325,329.15,426,1376,1926,1926,1932,1877,2020,1425,1870,1948,2020,2020,2020,2017,2017,2017,2017,2133,2132,2291,2137,2977,2965,2978,3421,3418,3612,3734,3805,3731
3953,0.87219,0.86666,0.04934,0.05283,329.23,426,1376,1926,1926,1932,1877,2020,1425,1870,1948,2020,2020,2020,2017,2017,2017,2017,2133,2132,2291,2137,2977,2965,2978,3421,3418,3612,3734,3805,3731
3954,0.87217,0.8644,0.04935,0.05327,329.32,426,1377,1926,1926,1932,1877,2020,1425,1870,1949,2020,2020,2020,2017,2017,2017,2017,2133,2133,2291,2137,2977,2965,2978,3421,3418,3612,3734,3805,3731
3955,0.87218,0.86668,0.04935,0.05282,329.4,426,1377,1926,1926,1932,1877,2020,1425,1871,1950,2020,2020,2020,2017,2017,2017,2017,2133,2132,2292,2137,2977,2965,2978,3421,3418,3612,3734,3805,3731
3956,0.87221,0.8645,0.04934,0.05325,329.48,426,1378,1926,1926,1932,1877,2020,1425,1871,1950,2021,2020,2021,2017,2017,2017,2017,2133,2132,2291,2137,2977,2965,2978,3421,3418,3612,3734,3805,3731
3957,0.87225,0.86667,0.04933,0.05282,329.56,426,1378,1926,1926,1932,1878,2020,1425,1871,1951,2020,2020,2020,2017,2017,2017,2017,2133,2132,2291,2137,2976,2965,2978,3421,3418,3612,3734,3805,3731
3958,0.87232,0.86474,0.04932,0.05321,329.64,426,1378,1926,1926,1932,1878,2020,1425,1871,1951,2021,2020,2021,2017,2017,2017,2017,2132,2132,2291,2137,2977,2965,2978,3421,3418,3612,3734,3805,3731
3959,0.8724,0.86654,0.0493,0.05285,329.73,426,1379,1926,1926,1932,1878,2020,1425,1871,1952,2020,2020,2020,2017,2017,2017,2017,2132,2132,2292,2137,2976,2965,2978,3421,3418,3612,3734,3805,3731
3960,0.87247,0.86513,0.04929,0.05313,329.82,426,1379,1926,1926,1932,1878,2020,1425,1871,1953,2020,2020,2020,2017,2017,2017,2017,2132,2132,2291,2137,2976,2965,2978,3421,3418,3612,3734,3805,3731
3961,0.87254,0.86638,0.04928,0.05288,329.9,426,1380,1926,1926,1932,1879,2020,1425,1872,1953,2020,2020,2020,2017,2017,2017,2017,2132,2132,2291,2137,2976,2965,2978,3421,3418,3612,3734,3805,3731
3962,0.87259,0.8656,0.04927,0.05304,329.98,426,1380,1926,1926,1932,1879,2020,1425,1872,1954,2020,2020,2020,2017,2017,2017,2017,2132,2133,2291,2137,2976,2965,2978,3421,3418,3612,3734,3805,3731
3963,0.87262,0.86617,0.04926,0.05292,330.07,426,1381,1926,1926,1932,1879,2020,1425,1872,1954,2020,2020,2020,2017,2017,2017,2017,2132,2133,2291,2137,2976,2965,2978,3421,3418,3612,3734,3805,3731
3964,0.87264,0.86599,0.04926,0.05296,330.15,426,1381,1926,1926,1932,1879,2020,1425,1872,1955,2020,2020,2020,2017,2017,2017,2017,2133,2133,2292,2137,2976,2965,2978,3421,3418,3612,3734,3805,3731
3965,0.87264,0.86586,0.04926,0.05298,330.22,426,1382,1926,1926,1932,1879,2020,1425,1872,1956,2021,2020,2021,2017,2017,2017,2017,2133,2133,2292,2137,2976,2965,2978,3421,3418,3612,3734,3805,3731
3966,0.87262,0.86621,0.04926,0.05291,330.31,426,1382,1926,1926,1932,1880,2020,1425,1872,1956,2021,2020,2020,2017,2017,2017,2017,2133,2133,2291,2137,2976,2965,2978,3421,3418,3612,3734,3805,3731
3967,0.8726,0.86555,0.04927,0.05305,330.39,426,1383,1926,1926,1932,1880,2020,1425,1872,1957,2020,2020,2020,2018,2017,2017,2017,2133,2133,2291,2137,2976,2965,2978,3421,3418,3612,3734,3805,3731
3968,0.87256,0.86644,0.04927,0.05287,330.48,426,1383,1926,1926,1932,1880,2020,1425,1872,1957,2020,2020,2020,2017,2017,2017,2017,2133,2133,2291,2137,2976,2965,2978,3421,3418,3612,3734,3805,3731
3969,0.87251,0.86526,0.04928,0.0531,330.55,426,1384,1926,1926,1932,1880,2020,1425,1873,1958,2020,2020,2020,2018,2017,2017,2017,2133,2133,2291,2137,2976,2966,2978,3421,3418,3612,3734,3805,3731
3970,0.87246,0.86658,0.04929,0.05284,330.64,426,1384,1926,1926,1932,1880,2020,1425,1873,1958,2020,2020,2020,2017,2017,2017,2017,2133,2133,2292,2137,2976,2965,2978,3421,3418,3612,3734,3805,3731
3971,0.8724,0.86488,0.0493,0.05318,330.72,426,1384,1926,1926,1932,1880,2020,1425,1873,1959,2021,2020,2021,2018,2017,2017,2017,2133,2133,2291,2137,2976,2966,2978,3421,3418,3612,3734,3805,3731
3972,0.87234,0.86662,0.04932,0.05283,330.82,426,1385,1926,1926,1932,1881,2020,1425,1873,1960,2020,2020,2020,2017,2017,2017,2017,2133,2132,2291,2137,2976,2965,2978,3421,3418,3612,3734,3805,3731
3973,0.87229,0.86462,0.04933,0.05323,330.9,426,1385,1926,1926,1932,1881,2020,1425,1873,1960,2021,2020,2021,2017,2017,2017,2017,2133,2132,2291,2137,2976,2966,2978,3421,3418,3612,3734,3805,3731
3974,0.87225,0.8667,0.04933,0.05282,330.99,426,1386,1926,1926,1932,1881,2020,1425,1873,1961,2020,2020,2020,2017,2017,2017,2017,2133,2132,2291,2137,2976,2965,2978,3421,3418,3612,3733,3805,3731
3975,0.87222,0.86443,0.04934,0.05327,331.08,426,1386,1926,1926,1932,1881,2020,1425,1873,1961,2020,2020,2020,2017,2017,2017,2017,2133,2132,2292,2137,2976,2966,2978,3421,3418,3612,3734,3805,3731
3976,0.87221,0.8667,0.04934,0.05282,331.17,426,1387,1926,1926,1932,1881,2020,1425,1873,1962,2020,2020,2020,2017,2017,2017,2017,2133,2132,2292,2137,2976,2965,2978,3421,3418,3612,3733,3805,3731
3977,0.87223,0.86446,0.04934,0.05326,331.24,426,1387,1926,1926,1932,1881,2020,1425,1873,1962,2020,2020,2020,2017,2017,2017,2017,2133,2132,2291,2137,2976,2966,2978,3421,3418,3612,3734,3805,3731
3978,0.87227,0.86666,0.04933,0.05283,331.33,426,1388,1926,1926,1932,1882,2020,1425,1874,1963,2020,2020,2020,2017,2017,2017,2017,2133,2132,2291,2137,2976,2965,2978,3421,3418,3612,3733,3805,3731
3979,0.87234,0.86473,0.04932,0.05321,331.42,426,1388,1926,1926,1932,1882,2020,1425,1874,1964,2021,2020,2021,2017,2017,2017,2017,2133,2133,2291,2137,2976,2966,2978,3421,3418,3612,3734,3805,3731
3980,0.87242,0.8666,0.0493,0.05284,331.5,426,1389,1926,1926,1932,1882,2020,1425,1874,1964,2020,2020,2020,2017,2017,2017,2017,2133,2133,2292,2137,2976,2965,2978,3421,3418,3612,3733,3805,3731
3981,0.87249,0.86511,0.04929,0.05313,331.59,426,1389,1926,1926,1932,1882,2020,1425,1874,1965,2020,2020,2020,2017,2017,2017,2017,2133,2133,2291,2137,2976,2966,2978,3421,3418,3612,3733,3805,3731
3982,0.87256,0.86647,0.04927,0.05286,331.69,426,1389,1926,1926,1932,1882,2020,1425,1874,1965,2020,2020,2020,2017,2017,2017,2017,2133,2132,2291,2137,2976,2965,2978,3421,3418,3612,3733,3805,3731
3983,0.87261,0.86554,0.04926,0.05305,331.77,427,1390,1926,1926,1932,1882,2020,1425,1874,1966,2020,2020,2020,2017,2017,2017,2017,2133,2132,2291,2137,2976,2966,2978,3421,3418,3612,3733,3805,3731
3984,0.87264,0.86625,0.04926,0.05291,331.87,427,1390,1926,1926,1932,1882,2020,1425,1874,1966,2020,2020,2020,2017,2017,2017,2017,2133,2132,2292,2137,2976,2966,2978,3421,3418,3612,3733,3805,3731
3985,0.87266,0.86585,0.04925,0.05299,331.95,427,1391,1926,1926,1932,1883,2020,1425,1874,1967,2020,2020,2020,2018,2017,2017,2017,2133,2132,2292,2137,2976,2966,2978,3421,3418,3612,3733,3805,3731
3986,0.87267,0.86608,0.04925,0.05294,332.04,427,1391,1926,1926,1932,1883,2020,1425,1875,1967,2020,2020,2020,2018,2017,2017,2017,2133,2132,2292,2137,2976,2966,2978,3421,3418,3612,3733,3805,3731
3987,0.87267,0.86608,0.04925,0.05294,332.12,427,1392,1926,1926,1932,1883,2020,1425,1875,1968,2020,2020,2020,2018,2017,2017,2017,2133,2132,2291,2137,2976,2966,2978,3421,3418,3612,3733,3805,3731
3988,0.87267,0.86584,0.04925,0.05299,332.21,427,1392,1926,1926,1932,1883,2020,1425,1875,1968,2020,2020,2020,2018,2017,2017,2017,2133,2132,2291,2137,2976,2966,2978,3421,3418,3612,3733,3805,3731
3989,0.87266,0.8662,0.04925,0.05292,332.29,427,1393,1926,1926,1932,1883,2020,1425,1875,1969,2020,2020,2020,2017,2017,2017,2017,2133,2133,2291,2137,2976,2966,2978,3421,3418,3612,3733,3805,3731
3990,0.87265,0.86568,0.04926,0.05302,332.37,427,1393,1926,1926,1932,1883,2020,1425,1875,1969,2020,2020,2020,2017,2017,2017,2017,2133,2133,2292,2137,2976,2966,2978,3421,3418,3612,3733,3805,3731
3991,0.87263,0.86636,0.04926,0.05289,332.47,427,1394,1926,1926,1932,1884,2020,1425,1875,1970,2020,2020,2020,2017,2017,2017,2017,2133,2133,2292,2137,2976,2966,2978,3421,3418,3612,3733,3805,3731
3992,0.87261,0.86546,0.04926,0.05306,332.55,427,1394,1926,1926,1932,1884,2020,1425,1875,1970,2020,2020,2020,2017,2017,2017,2017,2133,2133,2291,2137,2976,2966,2978,3421,3418,3612,3733,3805,3731
3993,0.87257,0.86651,0.04927,0.05286,332.64,427,1395,1926,1926,1932,1884,2020,1425,1875,1971,2020,2020,2020,2017,2017,2017,2017,2133,2133,2291,2137,2976,2966,2978,3421,3418,3612,3733,3805,3731
3994,0.87253,0.86522,0.04928,0.05311,332.72,427,1395,1926,1926,1932,1884,2020,1425,1875,1971,2021,2020,2020,2017,2017,2017,2017,2133,2133,2291,2137,2976,2966,2978,3421,3418,3612,3733,3805,3731
3995,0.87248,0.8666,0.04929,0.05284,332.8,427,1396,1926,1926,1932,1884,2020,1425,1876,1972,2020,2020,2020,2017,2017,2017,2017,2133,2132,2292,2137,2976,2966,2978,3421,3418,3612,3733,3805,3731
3996,0.87243,0.86486,0.0493,0.05318,332.88,427,1396,1926,1926,1932,1884,2021,1425,1876,1972,2021,2020,2021,2017,2017,2017,2017,2133,2132,2291,2137,2976,2966,2978,3421,3418,3612,3733,3805,3731
3997,0.87239,0.86663,0.04931,0.05283,332.98,427,1397,1926,1926,1932,1885,2020,1425,1876,1972,2020,2020,2020,2017,2017,2017,2017,2133,2132,2291,2137,2976,2966,2978,3421,3418,3612,3733,3805,3731
3998,0.87236,0.86473,0.04931,0.05321,333.08,427,1397,1926,1926,1932,1885,2020,1425,1876,1973,2020,2020,2020,2017,2017,2017,2017,2133,2132,2291,2137,2976,2966,2978,3421,3418,3612,3733,3805,3731
3999,0.87233,0.86671,0.04932,0.05282,333.18,427,1398,1926,1926,1932,1885,2020,1425,1876,1973,2020,2020,2020,2017,2017,2017,2017,2133,2132,2291,2137,2976,2966,2978,3421,3418,3612,3733,3805,3731
