epoch,train_r2,validation_r2,train_rmse,validation_rmse,time,band_1,band_2,band_3,band_4,band_5,band_6,band_7,band_8,band_9,band_10,band_11,band_12,band_13,band_14,band_15,band_16,band_17,band_18,band_19,band_20,band_21,band_22,band_23,band_24,band_25,band_26,band_27,band_28,band_29,band_30
0,0,0,0.17121,0.17559,2.89,138,272,407,541,675,809,943,1075,1211,1343,1479,1611,1745,1881,2013,2147,2281,2415,2549,2683,2819,2953,3085,3219,3353,3489,3622,3756,3890,4024
1,0,0,0.16786,0.1723,2.97,138,273,407,541,675,809,944,1075,1212,1342,1480,1612,1745,1882,2012,2146,2281,2414,2548,2682,2819,2954,3084,3219,3353,3489,3621,3755,3889,4024
2,0,0,0.16465,0.16916,3.05,139,273,407,542,676,810,944,1074,1213,1342,1481,1613,1745,1883,2011,2146,2281,2413,2547,2681,2818,2955,3084,3218,3352,3490,3621,3755,3889,4024
3,0,0,0.16157,0.16615,3.13,139,273,408,542,676,811,945,1074,1214,1341,1482,1613,1746,1884,2010,2145,2282,2412,2546,2681,2819,2956,3083,3217,3351,3490,3620,3754,3889,4023
4,0,0,0.15859,0.16325,3.2,139,273,408,543,677,811,946,1073,1214,1341,1483,1614,1746,1885,2009,2144,2282,2412,2546,2680,2819,2956,3082,3216,3351,3490,3620,3754,3889,4023
5,0,0,0.15572,0.16045,3.27,139,274,408,543,678,812,946,1073,1215,1341,1484,1615,1746,1886,2008,2143,2281,2411,2545,2679,2819,2957,3081,3216,3350,3490,3619,3754,3888,4023
6,0,0,0.15295,0.15777,3.35,139,274,409,543,678,813,947,1072,1216,1340,1485,1616,1745,1887,2007,2143,2281,2411,2544,2679,2819,2958,3080,3215,3349,3489,3619,3753,3888,4023
7,0,0,0.15029,0.1552,3.41,139,274,409,544,679,813,948,1072,1217,1340,1486,1617,1745,1888,2006,2142,2281,2410,2543,2678,2819,2959,3080,3214,3349,3489,3618,3753,3888,4023
8,0,0,0.14774,0.15274,3.5,139,274,410,544,679,814,949,1072,1218,1339,1486,1617,1745,1889,2005,2141,2282,2410,2543,2677,2819,2960,3079,3213,3348,3489,3618,3753,3887,4022
9,0,0,0.14532,0.15041,3.57,140,275,410,545,680,815,949,1072,1219,1339,1487,1618,1745,1890,2004,2140,2282,2409,2542,2676,2819,2961,3078,3213,3347,3489,3617,3752,3887,4022
10,0,0,0.14301,0.1482,3.65,140,275,410,545,680,815,950,1072,1220,1338,1488,1619,1746,1891,2003,2140,2282,2409,2541,2675,2819,2962,3077,3212,3347,3489,3617,3752,3887,4022
11,0,0,0.14084,0.14612,3.71,140,275,411,546,681,816,951,1072,1221,1338,1489,1619,1746,1892,2002,2139,2281,2408,2541,2675,2819,2962,3076,3211,3346,3488,3617,3751,3887,4022
12,0,0,0.13881,0.14418,3.79,140,275,411,546,681,817,951,1072,1222,1338,1490,1620,1746,1893,2001,2138,2281,2407,2540,2674,2819,2963,3076,3210,3346,3488,3616,3751,3886,4022
13,0.00808,0.01952,0.13696,0.14242,3.86,140,276,411,546,682,817,952,1072,1222,1338,1491,1620,1746,1894,2000,2138,2281,2407,2540,2673,2819,2964,3075,3209,3345,3488,3616,3751,3886,4022
14,0.03171,0.04082,0.13531,0.14087,3.94,140,276,412,547,683,818,953,1072,1223,1338,1492,1621,1746,1895,1999,2137,2281,2406,2539,2673,2818,2965,3075,3209,3344,3487,3615,3750,3886,4021
15,0.05171,0.05878,0.13391,0.13954,4.01,140,276,412,547,683,819,953,1072,1224,1337,1493,1621,1745,1895,1998,2137,2281,2406,2539,2672,2818,2966,3074,3208,3344,3487,3615,3750,3885,4021
16,0.06795,0.0733,0.13276,0.13846,4.09,140,276,413,548,684,819,954,1073,1225,1337,1493,1622,1745,1896,1997,2136,2282,2405,2538,2671,2818,2966,3074,3207,3343,3486,3615,3750,3885,4021
17,0.08049,0.08443,0.13186,0.13763,4.16,141,277,413,548,684,820,955,1073,1226,1337,1494,1622,1745,1897,1996,2135,2282,2405,2538,2670,2818,2967,3073,3206,3343,3486,3615,3750,3885,4021
18,0.08942,0.09223,0.13122,0.13704,4.23,141,277,413,548,685,820,955,1073,1227,1337,1495,1622,1746,1897,1995,2135,2281,2404,2538,2669,2818,2968,3073,3206,3342,3485,3614,3749,3885,4021
19,0.09495,0.09694,0.13082,0.13668,4.31,141,277,414,549,685,821,956,1074,1228,1337,1496,1623,1746,1898,1994,2134,2281,2404,2537,2668,2818,2968,3072,3205,3341,3485,3614,3749,3884,4021
20,0.09746,0.09888,0.13064,0.13654,4.38,141,277,414,549,685,822,957,1074,1229,1337,1496,1623,1746,1899,1994,2134,2281,2404,2537,2668,2818,2969,3072,3204,3341,3484,3614,3749,3884,4020
21,0.09743,0.09849,0.13064,0.13657,4.46,141,278,414,549,686,822,957,1075,1230,1337,1497,1624,1746,1899,1993,2134,2281,2403,2536,2667,2817,2969,3071,3204,3340,3483,3613,3748,3884,4020
22,0.09537,0.09629,0.13079,0.13673,4.53,141,278,415,550,686,823,958,1075,1231,1337,1498,1624,1747,1899,1992,2133,2281,2403,2536,2666,2817,2970,3070,3203,3339,3483,3613,3748,3884,4020
23,0.0919,0.0928,0.13104,0.137,4.59,141,278,415,550,687,823,958,1076,1232,1337,1498,1625,1747,1900,1991,2133,2280,2403,2535,2665,2816,2970,3070,3202,3339,3482,3613,3748,3883,4020
24,0.0878,0.08881,0.13134,0.1373,4.66,142,278,415,550,687,824,959,1077,1233,1338,1499,1625,1748,1900,1991,2133,2280,2403,2535,2664,2816,2970,3069,3202,3338,3481,3613,3748,3883,4020
25,0.08393,0.08509,0.13162,0.13758,4.73,142,278,416,551,687,824,959,1078,1233,1338,1499,1626,1748,1900,1990,2132,2279,2403,2534,2663,2815,2970,3068,3201,3338,3481,3612,3747,3883,4020
26,0.08086,0.08215,0.13184,0.1378,4.8,142,279,416,551,687,825,960,1078,1234,1339,1499,1627,1749,1901,1989,2132,2279,2402,2534,2662,2814,2971,3067,3201,3337,3480,3612,3747,3883,4019
27,0.07899,0.08037,0.13197,0.13793,4.89,142,279,416,551,688,825,960,1079,1235,1340,1500,1627,1750,1901,1989,2132,2278,2402,2533,2661,2813,2971,3066,3200,3336,3479,3612,3747,3882,4019
28,0.07845,0.07985,0.13201,0.13797,4.96,142,279,417,552,688,826,961,1080,1236,1340,1500,1628,1750,1901,1988,2132,2278,2402,2533,2660,2812,2971,3066,3200,3336,3478,3612,3747,3882,4019
29,0.07919,0.08056,0.13196,0.13792,5.04,142,279,417,552,688,826,961,1081,1237,1341,1500,1629,1751,1901,1988,2132,2277,2402,2533,2659,2811,2971,3065,3199,3335,3478,3611,3747,3882,4019
30,0.08105,0.08235,0.13182,0.13778,5.12,142,279,417,552,688,826,962,1082,1238,1342,1500,1630,1752,1901,1987,2132,2276,2402,2533,2658,2810,2971,3064,3199,3335,3477,3611,3746,3882,4019
31,0.08384,0.08504,0.13162,0.13758,5.2,143,280,418,552,688,827,962,1082,1239,1343,1501,1630,1753,1901,1987,2131,2275,2402,2533,2657,2809,2971,3063,3199,3334,3476,3611,3746,3882,4018
32,0.08724,0.08832,0.13138,0.13733,5.27,143,280,418,553,688,827,963,1083,1240,1344,1501,1631,1754,1901,1987,2131,2275,2402,2533,2656,2808,2971,3062,3198,3334,3475,3611,3746,3882,4018
33,0.09091,0.09188,0.13111,0.13706,5.35,143,280,418,553,689,827,963,1084,1241,1345,1501,1632,1755,1900,1986,2131,2274,2402,2534,2655,2807,2971,3061,3198,3333,3475,3611,3746,3881,4018
34,0.09455,0.09542,0.13085,0.1368,5.43,143,280,419,553,689,828,964,1085,1242,1346,1500,1633,1756,1900,1986,2131,2273,2403,2534,2654,2805,2971,3060,3198,3333,3474,3610,3745,3881,4018
35,0.09788,0.09868,0.13061,0.13655,5.49,143,280,419,553,689,828,964,1086,1243,1347,1500,1634,1757,1900,1986,2131,2272,2403,2534,2653,2804,2971,3059,3197,3332,3473,3610,3745,3881,4018
36,0.10071,0.10147,0.1304,0.13634,5.57,143,280,419,553,689,828,965,1087,1244,1348,1500,1635,1758,1900,1985,2131,2271,2403,2534,2652,2803,2970,3058,3197,3331,3472,3610,3745,3881,4018
37,0.10292,0.10369,0.13024,0.13617,5.64,143,281,419,554,689,829,965,1088,1245,1349,1500,1636,1759,1900,1985,2131,2270,2403,2534,2652,2802,2970,3058,3197,3331,3472,3610,3745,3881,4017
38,0.10448,0.1053,0.13013,0.13605,5.72,143,281,420,554,689,829,966,1089,1246,1349,1500,1637,1760,1899,1984,2131,2270,2403,2534,2651,2801,2970,3057,3196,3330,3471,3610,3745,3880,4017
39,0.10543,0.10635,0.13006,0.13597,5.79,144,281,420,554,689,829,966,1089,1247,1350,1500,1637,1761,1899,1984,2131,2269,2403,2534,2650,2800,2970,3056,3196,3330,3470,3609,3744,3880,4017
40,0.10587,0.1069,0.13003,0.13593,5.86,144,281,420,554,689,830,967,1090,1248,1351,1500,1638,1762,1899,1984,2131,2268,2403,2534,2650,2799,2970,3055,3195,3329,3470,3609,3744,3880,4017
41,0.10593,0.1071,0.13003,0.13591,5.94,144,281,421,555,689,830,967,1091,1249,1352,1500,1639,1763,1899,1983,2131,2267,2403,2534,2649,2798,2970,3055,3195,3329,3469,3609,3744,3880,4017
42,0.10576,0.10708,0.13004,0.13591,6.02,144,282,421,555,689,830,968,1092,1250,1353,1500,1639,1764,1899,1983,2131,2266,2403,2534,2649,2797,2970,3054,3195,3328,3468,3609,3744,3880,4016
43,0.10552,0.10699,0.13006,0.13592,6.09,144,282,421,555,689,831,968,1093,1251,1354,1500,1640,1765,1899,1982,2131,2266,2404,2534,2648,2796,2969,3054,3194,3328,3468,3609,3744,3880,4016
44,0.10535,0.10694,0.13007,0.13592,6.18,144,282,422,555,689,831,969,1094,1252,1355,1500,1641,1765,1898,1982,2131,2265,2404,2533,2648,2795,2969,3053,3194,3327,3467,3609,3743,3879,4016
45,0.10536,0.10704,0.13007,0.13592,6.25,144,282,422,556,689,831,969,1095,1253,1356,1500,1641,1766,1898,1981,2131,2264,2404,2533,2648,2794,2969,3053,3193,3327,3466,3609,3743,3879,4016
46,0.10563,0.10735,0.13005,0.13589,6.32,145,282,422,556,689,832,970,1095,1254,1357,1500,1642,1767,1898,1980,2131,2264,2404,2532,2647,2793,2969,3053,3193,3326,3466,3608,3743,3879,4016
47,0.10619,0.10792,0.13001,0.13585,6.39,145,282,423,556,689,832,971,1096,1255,1357,1501,1642,1768,1898,1980,2131,2263,2404,2532,2647,2792,2969,3053,3193,3325,3465,3608,3743,3879,4016
48,0.10704,0.10873,0.12995,0.13579,6.47,145,283,423,556,689,833,971,1097,1256,1358,1501,1643,1769,1898,1979,2131,2262,2404,2532,2647,2791,2969,3053,3192,3325,3464,3608,3742,3879,4015
49,0.10812,0.10976,0.12987,0.13571,6.54,145,283,423,557,689,833,972,1098,1257,1359,1501,1643,1769,1898,1978,2130,2262,2404,2531,2647,2790,2969,3053,3192,3324,3464,3608,3742,3878,4015
50,0.10937,0.11091,0.12978,0.13562,6.62,145,283,424,557,689,833,972,1099,1258,1360,1502,1644,1770,1898,1978,2130,2261,2404,2531,2646,2789,2969,3052,3191,3324,3463,3608,3742,3878,4015
51,0.11068,0.11213,0.12968,0.13553,6.69,145,283,424,557,690,834,973,1100,1258,1361,1502,1644,1771,1898,1977,2130,2261,2404,2531,2646,2788,2969,3053,3191,3323,3463,3608,3742,3878,4015
52,0.112,0.11335,0.12958,0.13544,6.77,145,284,424,558,690,834,974,1100,1259,1361,1502,1645,1772,1898,1976,2130,2260,2404,2530,2646,2788,2969,3053,3191,3323,3462,3608,3742,3878,4015
53,0.11326,0.11451,0.12949,0.13535,6.85,146,284,425,558,690,835,974,1101,1260,1362,1503,1645,1772,1898,1976,2130,2259,2404,2530,2646,2787,2969,3053,3190,3322,3461,3608,3741,3877,4014
54,0.1144,0.11555,0.12941,0.13527,6.94,146,284,425,558,690,835,975,1102,1261,1363,1503,1646,1773,1898,1975,2129,2259,2404,2530,2646,2786,2969,3053,3190,3322,3461,3607,3741,3877,4014
55,0.11538,0.11645,0.12934,0.1352,7.01,146,284,425,558,690,836,976,1103,1262,1364,1503,1646,1774,1898,1974,2129,2258,2404,2529,2646,2785,2969,3053,3189,3321,3460,3607,3741,3877,4014
56,0.11621,0.1172,0.12928,0.13514,7.09,146,284,426,559,690,836,976,1104,1263,1364,1504,1647,1774,1898,1973,2129,2258,2404,2529,2646,2784,2969,3053,3189,3321,3460,3607,3741,3877,4014
57,0.11689,0.11783,0.12923,0.13509,7.17,146,285,426,559,690,837,977,1105,1264,1365,1504,1647,1775,1898,1973,2129,2257,2404,2529,2646,2783,2969,3054,3188,3320,3459,3607,3740,3876,4014
58,0.11746,0.11835,0.12918,0.13505,7.26,146,285,426,559,690,837,978,1105,1265,1366,1505,1648,1776,1898,1972,2129,2256,2404,2529,2646,2782,2969,3054,3188,3320,3458,3607,3740,3876,4014
59,0.11798,0.11883,0.12915,0.13502,7.33,146,285,427,560,690,837,978,1106,1266,1367,1505,1648,1777,1898,1971,2129,2256,2404,2528,2646,2781,2969,3054,3188,3320,3458,3607,3740,3876,4013
60,0.1185,0.11933,0.12911,0.13498,7.41,147,285,427,560,690,838,979,1107,1267,1368,1505,1648,1778,1899,1971,2128,2255,2404,2528,2646,2780,2968,3054,3187,3319,3457,3607,3740,3876,4013
61,0.11908,0.11989,0.12907,0.13493,7.49,147,286,427,560,690,838,980,1108,1267,1368,1506,1649,1779,1899,1970,2128,2254,2404,2528,2646,2780,2968,3055,3187,3319,3457,3607,3740,3875,4013
62,0.11975,0.12055,0.12902,0.13488,7.57,147,286,428,560,690,838,980,1109,1268,1369,1506,1649,1779,1899,1969,2128,2254,2404,2527,2646,2779,2968,3055,3186,3318,3456,3607,3739,3875,4013
63,0.12054,0.12134,0.12896,0.13482,7.64,147,286,428,561,690,839,981,1109,1269,1370,1506,1649,1780,1899,1969,2128,2253,2404,2527,2646,2778,2968,3055,3186,3318,3456,3607,3739,3875,4013
64,0.12144,0.12223,0.12889,0.13476,7.73,147,286,428,561,690,839,982,1110,1270,1371,1507,1650,1781,1899,1968,2128,2252,2404,2527,2646,2777,2968,3055,3185,3317,3455,3606,3739,3875,4012
65,0.12241,0.12321,0.12882,0.13468,7.8,147,286,429,561,690,840,982,1111,1271,1372,1507,1650,1782,1899,1967,2128,2251,2404,2526,2647,2776,2968,3056,3184,3317,3454,3606,3739,3874,4012
66,0.12342,0.12423,0.12875,0.1346,7.88,147,287,429,561,690,840,983,1112,1272,1373,1507,1650,1783,1899,1967,2128,2251,2404,2526,2647,2775,2968,3056,3184,3317,3454,3606,3738,3874,4012
67,0.12444,0.12527,0.12867,0.13452,7.95,148,287,429,562,690,840,983,1113,1273,1374,1507,1651,1784,1899,1966,2128,2250,2404,2526,2647,2774,2968,3056,3183,3316,3453,3606,3738,3874,4012
68,0.12544,0.12628,0.1286,0.13444,8.03,148,287,430,562,690,841,984,1114,1274,1374,1507,1651,1785,1899,1966,2128,2249,2404,2526,2647,2773,2967,3056,3183,3316,3453,3606,3738,3874,4012
69,0.12639,0.12725,0.12853,0.13437,8.11,148,287,430,562,690,841,985,1114,1275,1375,1508,1651,1786,1899,1965,2128,2248,2404,2525,2647,2772,2967,3056,3182,3315,3452,3606,3738,3874,4012
70,0.12729,0.12818,0.12846,0.1343,8.18,148,288,430,562,690,841,985,1115,1276,1376,1508,1652,1787,1899,1964,2128,2247,2405,2525,2648,2771,2967,3057,3181,3315,3452,3606,3737,3873,4011
71,0.12815,0.12906,0.1284,0.13423,8.24,148,288,431,563,689,842,986,1116,1276,1377,1508,1652,1788,1899,1964,2128,2247,2405,2525,2648,2770,2967,3057,3181,3315,3451,3606,3737,3873,4011
72,0.12899,0.12992,0.12834,0.13416,8.31,148,288,431,563,689,842,987,1117,1277,1378,1508,1652,1789,1899,1963,2128,2246,2405,2525,2648,2770,2967,3057,3180,3314,3451,3606,3737,3873,4011
73,0.12983,0.13077,0.12828,0.1341,8.39,148,288,431,563,689,842,987,1118,1278,1379,1509,1653,1790,1899,1963,2128,2245,2405,2525,2648,2769,2967,3057,3179,3314,3450,3606,3737,3873,4011
74,0.1307,0.13164,0.12821,0.13403,8.46,149,288,432,563,689,842,988,1118,1279,1380,1509,1653,1791,1899,1962,2128,2244,2405,2525,2648,2768,2967,3058,3179,3314,3449,3606,3736,3872,4011
75,0.1316,0.13254,0.12815,0.13396,8.53,149,289,432,564,689,843,989,1119,1280,1380,1509,1653,1792,1899,1961,2128,2243,2405,2524,2649,2767,2966,3058,3178,3313,3449,3606,3736,3872,4010
76,0.13255,0.13347,0.12808,0.13389,8.61,149,289,432,564,689,843,989,1120,1281,1381,1509,1653,1793,1899,1961,2128,2243,2405,2524,2649,2766,2966,3058,3177,3313,3448,3606,3736,3872,4010
77,0.13354,0.13444,0.128,0.13381,8.68,149,289,433,564,689,843,990,1121,1282,1382,1510,1654,1794,1899,1960,2127,2242,2406,2524,2649,2765,2966,3058,3177,3313,3448,3606,3736,3872,4010
78,0.13456,0.13542,0.12793,0.13374,8.75,149,289,433,565,689,844,991,1122,1283,1383,1510,1654,1795,1899,1959,2127,2241,2406,2524,2649,2764,2966,3059,3176,3313,3447,3605,3735,3871,4010
79,0.1356,0.13642,0.12785,0.13366,8.83,149,290,433,565,689,844,991,1122,1284,1384,1510,1654,1796,1899,1959,2127,2240,2406,2524,2649,2763,2966,3059,3176,3312,3447,3605,3735,3871,4010
80,0.13664,0.13741,0.12777,0.13358,8.9,149,290,434,565,689,844,992,1123,1284,1385,1511,1655,1797,1899,1958,2127,2239,2406,2524,2650,2762,2966,3059,3175,3312,3446,3605,3735,3871,4010
81,0.13767,0.13839,0.1277,0.13351,8.98,150,290,434,565,688,845,993,1124,1285,1385,1511,1655,1798,1899,1958,2127,2239,2406,2524,2650,2761,2966,3059,3174,3312,3446,3605,3735,3871,4009
82,0.13868,0.13936,0.12762,0.13343,9.05,150,290,435,566,688,845,993,1125,1286,1386,1511,1656,1799,1899,1957,2127,2238,2406,2524,2650,2760,2966,3060,3174,3311,3445,3605,3734,3870,4009
83,0.13968,0.14033,0.12755,0.13336,9.13,150,291,435,566,688,845,994,1126,1287,1387,1512,1656,1800,1899,1956,2127,2237,2406,2524,2650,2759,2966,3060,3173,3311,3445,3605,3734,3870,4009
84,0.14069,0.1413,0.12747,0.13328,9.19,150,291,435,566,688,845,995,1126,1288,1388,1512,1656,1800,1899,1956,2127,2236,2406,2524,2650,2758,2966,3060,3173,3311,3444,3605,3734,3870,4009
85,0.1417,0.14228,0.1274,0.13321,9.26,150,291,436,566,688,846,996,1127,1289,1389,1512,1657,1801,1899,1955,2127,2235,2406,2524,2651,2757,2965,3060,3172,3311,3444,3605,3734,3869,4009
86,0.14274,0.14329,0.12732,0.13313,9.34,150,291,436,567,688,846,996,1128,1290,1389,1513,1657,1802,1899,1954,2127,2234,2406,2524,2651,2756,2965,3060,3171,3311,3443,3605,3733,3869,4008
87,0.1438,0.14433,0.12724,0.13305,9.42,150,292,436,567,688,846,997,1129,1291,1390,1513,1657,1803,1899,1954,2127,2234,2406,2523,2651,2755,2965,3060,3171,3310,3442,3605,3733,3869,4008
88,0.14489,0.14539,0.12716,0.13297,9.5,151,292,437,567,687,846,998,1130,1291,1391,1513,1658,1804,1899,1953,2127,2233,2406,2523,2651,2755,2965,3060,3170,3310,3442,3605,3733,3869,4008
89,0.146,0.14648,0.12708,0.13288,9.58,151,292,437,567,687,846,998,1130,1292,1392,1514,1658,1805,1899,1953,2127,2232,2405,2523,2651,2754,2965,3061,3169,3310,3441,3605,3733,3868,4008
90,0.14713,0.14757,0.12699,0.1328,9.66,151,292,437,568,687,847,999,1131,1293,1393,1514,1658,1806,1899,1952,2126,2231,2405,2523,2651,2753,2965,3061,3169,3310,3441,3605,3733,3868,4008
91,0.14825,0.14867,0.12691,0.13271,9.73,151,293,437,568,687,847,1000,1132,1294,1394,1514,1659,1807,1899,1952,2126,2230,2405,2523,2651,2752,2965,3061,3168,3310,3440,3605,3732,3868,4007
92,0.14937,0.14977,0.12683,0.13262,9.81,151,293,438,568,687,847,1000,1133,1295,1394,1514,1659,1808,1899,1951,2126,2229,2405,2523,2652,2751,2965,3061,3167,3310,3440,3605,3732,3868,4007
93,0.15049,0.15086,0.12674,0.13254,9.88,151,293,438,568,686,847,1001,1133,1296,1395,1515,1659,1809,1899,1950,2126,2228,2405,2522,2652,2750,2965,3061,3166,3310,3439,3605,3732,3867,4007
94,0.15162,0.15195,0.12666,0.13245,9.95,151,293,438,569,686,847,1002,1134,1297,1396,1515,1660,1810,1899,1950,2126,2227,2405,2522,2652,2748,2964,3061,3166,3310,3439,3605,3732,3867,4007
95,0.15275,0.15306,0.12658,0.13237,10.02,152,294,439,569,686,847,1002,1135,1298,1397,1515,1660,1811,1899,1949,2126,2226,2405,2522,2652,2747,2964,3061,3165,3309,3438,3605,3731,3867,4007
96,0.1539,0.15417,0.12649,0.13228,10.1,152,294,439,569,686,848,1003,1136,1298,1398,1516,1660,1812,1900,1949,2126,2226,2405,2522,2652,2746,2964,3061,3164,3309,3438,3605,3731,3867,4007
97,0.15507,0.1553,0.1264,0.13219,10.17,152,294,439,569,685,848,1004,1136,1299,1399,1516,1661,1813,1900,1948,2126,2225,2405,2522,2652,2745,2964,3061,3164,3309,3437,3605,3731,3866,4006
98,0.15626,0.15643,0.12631,0.1321,10.25,152,294,440,570,685,848,1004,1137,1300,1399,1516,1661,1814,1900,1948,2126,2224,2405,2522,2652,2744,2964,3061,3163,3309,3437,3605,3731,3866,4006
99,0.15745,0.15758,0.12622,0.13201,10.33,152,295,440,570,685,848,1005,1138,1301,1400,1517,1662,1815,1900,1947,2126,2223,2405,2522,2652,2743,2964,3061,3162,3309,3436,3605,3730,3866,4006
100,0.15865,0.15873,0.12613,0.13192,10.4,152,295,440,570,684,848,1006,1139,1302,1401,1517,1662,1816,1900,1947,2125,2222,2405,2522,2652,2742,2964,3061,3161,3309,3436,3606,3730,3865,4006
101,0.15986,0.15988,0.12604,0.13183,10.48,152,295,441,570,684,848,1007,1140,1303,1402,1517,1663,1817,1900,1946,2125,2221,2405,2521,2652,2741,2964,3061,3161,3309,3435,3606,3730,3865,4006
102,0.16106,0.16104,0.12595,0.13174,10.56,153,295,441,570,684,848,1007,1140,1304,1403,1518,1663,1818,1900,1946,2125,2220,2405,2521,2652,2740,2964,3061,3160,3309,3435,3606,3730,3865,4005
103,0.16227,0.1622,0.12586,0.13165,10.64,153,296,441,571,684,848,1008,1141,1305,1403,1518,1664,1819,1900,1945,2125,2219,2405,2521,2651,2739,2964,3061,3159,3309,3434,3606,3729,3865,4005
104,0.1635,0.16338,0.12577,0.13156,10.7,153,296,442,571,683,848,1009,1142,1305,1404,1518,1664,1820,1900,1945,2125,2218,2405,2521,2651,2738,2963,3061,3159,3309,3434,3606,3729,3864,4005
105,0.16476,0.16461,0.12567,0.13146,10.79,153,296,442,571,683,848,1009,1143,1306,1405,1519,1664,1821,1900,1945,2125,2218,2405,2521,2651,2736,2963,3062,3158,3309,3433,3606,3729,3864,4005
106,0.16607,0.16589,0.12558,0.13136,10.86,153,296,442,571,683,848,1010,1143,1307,1406,1519,1665,1822,1900,1944,2125,2217,2405,2521,2651,2735,2963,3062,3157,3309,3433,3606,3729,3864,4005
107,0.16748,0.16724,0.12547,0.13125,10.94,153,297,443,571,682,848,1011,1144,1308,1406,1519,1665,1823,1900,1944,2124,2216,2405,2520,2651,2734,2963,3062,3156,3309,3432,3606,3728,3863,4005
108,0.16905,0.16877,0.12535,0.13113,11.0,154,297,443,572,682,848,1011,1145,1309,1407,1520,1666,1824,1900,1943,2124,2215,2405,2520,2651,2733,2963,3062,3156,3309,3431,3606,3728,3863,4004
109,0.1706,0.17028,0.12524,0.13102,11.06,154,297,443,572,682,848,1012,1146,1310,1408,1520,1666,1825,1900,1943,2124,2214,2405,2520,2651,2732,2963,3062,3155,3309,3431,3606,3728,3863,4004
110,0.17188,0.17155,0.12514,0.13091,11.14,154,297,443,572,681,848,1013,1146,1311,1409,1520,1667,1826,1900,1943,2124,2213,2405,2520,2651,2731,2963,3062,3154,3309,3430,3606,3728,3863,4004
111,0.17318,0.17282,0.12504,0.13081,11.22,154,298,444,572,681,848,1014,1147,1312,1410,1521,1668,1827,1900,1942,2124,2212,2405,2520,2651,2729,2963,3062,3153,3309,3430,3606,3727,3862,4004
112,0.17453,0.17413,0.12494,0.13071,11.29,154,298,444,572,681,848,1014,1148,1312,1411,1521,1668,1828,1900,1942,2124,2211,2405,2520,2651,2728,2963,3062,3153,3310,3429,3606,3727,3862,4004
113,0.17594,0.17549,0.12483,0.1306,11.37,154,298,444,572,680,848,1015,1149,1313,1411,1521,1669,1829,1900,1942,2124,2211,2405,2519,2651,2727,2962,3062,3152,3310,3429,3607,3727,3862,4003
114,0.17738,0.17687,0.12472,0.13049,11.44,154,298,445,573,680,848,1016,1149,1314,1412,1522,1669,1830,1900,1941,2124,2210,2405,2519,2651,2726,2962,3062,3151,3310,3428,3607,3727,3861,4003
115,0.17883,0.17825,0.12461,0.13038,11.52,155,299,445,573,680,848,1016,1150,1315,1413,1522,1670,1831,1900,1941,2124,2209,2405,2519,2651,2725,2962,3062,3150,3310,3428,3607,3727,3861,4003
116,0.18027,0.17961,0.1245,0.13028,11.6,155,299,445,573,679,847,1017,1151,1316,1414,1523,1670,1832,1900,1941,2123,2208,2405,2518,2651,2724,2962,3062,3150,3310,3427,3607,3726,3861,4003
117,0.18171,0.18098,0.12439,0.13017,11.67,155,299,446,573,679,847,1018,1152,1317,1415,1523,1671,1833,1900,1940,2123,2207,2405,2518,2651,2723,2962,3062,3149,3310,3427,3607,3726,3861,4003
118,0.18317,0.18238,0.12428,0.13006,11.73,155,300,446,573,678,847,1018,1152,1318,1416,1523,1672,1834,1900,1940,2123,2206,2405,2518,2651,2722,2962,3062,3148,3311,3426,3607,3726,3860,4002
119,0.18467,0.18383,0.12417,0.12994,11.8,155,300,446,573,678,847,1019,1153,1318,1417,1524,1672,1835,1900,1940,2123,2206,2405,2518,2651,2721,2962,3063,3147,3311,3426,3607,3726,3860,4002
120,0.18621,0.18532,0.12405,0.12982,11.88,155,300,446,574,678,847,1020,1154,1319,1417,1524,1673,1836,1900,1940,2123,2205,2405,2517,2651,2720,2962,3063,3147,3311,3425,3608,3726,3860,4002
121,0.18775,0.18683,0.12393,0.1297,11.96,155,300,447,574,677,846,1020,1155,1320,1418,1524,1674,1837,1900,1939,2123,2204,2405,2517,2651,2719,2962,3063,3146,3311,3425,3608,3725,3859,4002
122,0.1893,0.18834,0.12381,0.12958,12.04,156,301,447,574,677,846,1021,1155,1321,1419,1525,1674,1838,1900,1939,2123,2203,2405,2516,2651,2718,2962,3063,3145,3312,3424,3608,3725,3859,4002
123,0.19086,0.18984,0.1237,0.12946,12.11,156,301,447,574,676,846,1022,1156,1322,1420,1525,1675,1838,1900,1939,2123,2202,2405,2516,2651,2717,2961,3063,3144,3312,3424,3608,3725,3859,4002
124,0.19243,0.19136,0.12358,0.12934,12.18,156,301,448,574,676,845,1023,1157,1323,1421,1525,1676,1839,1900,1939,2123,2202,2405,2515,2651,2716,2961,3063,3143,3312,3423,3608,3725,3858,4001
125,0.19403,0.19289,0.12345,0.12922,12.25,156,301,448,574,675,845,1023,1158,1324,1422,1526,1677,1840,1900,1939,2123,2201,2405,2515,2651,2715,2961,3063,3143,3313,3423,3608,3725,3858,4001
126,0.19566,0.19444,0.12333,0.12909,12.31,156,302,448,574,675,845,1024,1158,1325,1423,1526,1677,1841,1900,1939,2122,2200,2405,2514,2651,2714,2961,3063,3142,3313,3422,3609,3724,3858,4001
127,0.1973,0.19601,0.1232,0.12897,12.38,156,302,448,574,674,844,1025,1159,1325,1423,1526,1678,1842,1900,1938,2122,2199,2405,2514,2651,2713,2961,3064,3141,3313,3422,3609,3724,3858,4001
128,0.19895,0.19758,0.12308,0.12884,12.45,157,302,449,574,674,844,1025,1160,1326,1424,1527,1679,1843,1900,1938,2122,2199,2405,2514,2652,2712,2961,3064,3140,3314,3421,3609,3724,3857,4001
129,0.20062,0.19916,0.12295,0.12871,12.52,157,303,449,574,673,843,1026,1161,1327,1425,1527,1680,1844,1900,1938,2122,2198,2405,2513,2652,2712,2961,3064,3139,3314,3421,3609,3724,3857,4000
130,0.2023,0.20077,0.12282,0.12858,12.6,157,303,449,574,673,843,1027,1161,1328,1426,1527,1680,1845,1900,1938,2122,2197,2405,2512,2652,2711,2961,3064,3139,3314,3420,3609,3724,3857,4000
131,0.20401,0.20241,0.12269,0.12845,12.67,157,303,449,574,672,843,1027,1162,1329,1427,1528,1681,1846,1900,1938,2122,2197,2405,2512,2652,2710,2961,3064,3138,3315,3420,3610,3723,3856,4000
132,0.20574,0.20406,0.12255,0.12832,12.75,157,303,450,575,672,842,1028,1163,1330,1428,1528,1682,1847,1900,1938,2121,2196,2405,2511,2652,2709,2961,3064,3137,3315,3419,3610,3723,3856,4000
133,0.20747,0.20573,0.12242,0.12819,12.83,157,304,450,575,671,842,1029,1164,1331,1428,1529,1683,1848,1900,1937,2121,2195,2405,2511,2652,2708,2961,3064,3136,3316,3419,3610,3723,3856,4000
134,0.20923,0.20741,0.12228,0.12805,12.9,157,304,450,575,671,841,1030,1164,1332,1429,1529,1684,1848,1900,1937,2121,2195,2405,2510,2652,2707,2961,3064,3135,3316,3418,3610,3723,3855,3999
135,0.211,0.2091,0.12215,0.12791,12.97,158,304,451,575,670,840,1030,1165,1332,1430,1529,1685,1849,1900,1937,2121,2194,2405,2509,2652,2707,2961,3064,3135,3316,3418,3610,3723,3855,3999
136,0.2128,0.2108,0.12201,0.12778,13.04,158,305,451,575,670,840,1031,1166,1333,1431,1530,1685,1850,1900,1937,2121,2193,2405,2509,2652,2706,2961,3064,3134,3317,3417,3610,3723,3855,3999
137,0.21461,0.21252,0.12187,0.12764,13.12,158,305,451,575,669,839,1032,1167,1334,1432,1530,1686,1851,1900,1937,2120,2193,2405,2508,2652,2705,2960,3064,3133,3317,3417,3611,3723,3854,3999
138,0.21644,0.21425,0.12172,0.1275,13.21,158,305,451,575,669,839,1032,1167,1335,1433,1530,1687,1852,1900,1937,2120,2192,2405,2507,2652,2704,2960,3065,3132,3318,3416,3611,3722,3854,3999
139,0.21829,0.216,0.12158,0.12735,13.28,158,305,452,575,668,838,1033,1168,1336,1433,1531,1688,1853,1900,1937,2120,2192,2405,2507,2652,2704,2960,3065,3131,3318,3416,3611,3722,3854,3998
140,0.22015,0.21777,0.12144,0.12721,13.37,158,306,452,575,667,837,1034,1169,1337,1434,1531,1689,1854,1900,1937,2120,2191,2405,2506,2652,2703,2960,3065,3131,3319,3415,3611,3722,3853,3998
141,0.22204,0.21956,0.12129,0.12706,13.44,159,306,452,575,667,837,1035,1170,1338,1435,1532,1690,1854,1900,1937,2119,2190,2405,2505,2652,2702,2960,3065,3130,3319,3415,3611,3722,3853,3998
142,0.22394,0.22137,0.12114,0.12692,13.5,159,306,452,574,666,836,1035,1170,1339,1436,1532,1691,1855,1900,1937,2119,2190,2405,2504,2652,2701,2960,3065,3129,3320,3415,3612,3722,3853,3998
143,0.22586,0.2232,0.12099,0.12677,13.57,159,307,453,574,665,835,1036,1171,1339,1437,1532,1692,1856,1900,1936,2119,2189,2405,2503,2652,2701,2960,3065,3128,3320,3414,3612,3722,3852,3998
144,0.2278,0.22505,0.12084,0.12662,13.65,159,307,453,574,665,835,1037,1172,1340,1438,1533,1693,1857,1900,1936,2119,2189,2405,2503,2652,2700,2960,3065,3127,3321,3414,3612,3722,3852,3998
145,0.22975,0.22691,0.12069,0.12646,13.72,159,307,453,574,664,834,1038,1173,1341,1438,1533,1694,1858,1900,1936,2118,2188,2405,2502,2652,2699,2960,3065,3126,3321,3413,3612,3722,3851,3997
146,0.23173,0.22879,0.12053,0.12631,13.79,159,308,453,574,664,833,1038,1174,1342,1439,1534,1695,1858,1900,1936,2118,2188,2405,2501,2652,2698,2960,3065,3126,3322,3413,3612,3722,3851,3997
147,0.23372,0.23069,0.12038,0.12616,13.86,160,308,453,574,663,832,1039,1174,1343,1440,1534,1695,1859,1900,1936,2118,2188,2405,2500,2652,2698,2960,3065,3125,3323,3412,3612,3722,3851,3997
148,0.23573,0.23261,0.12022,0.126,13.95,160,308,454,574,662,832,1040,1175,1344,1441,1534,1696,1860,1900,1936,2118,2187,2405,2499,2652,2697,2960,3065,3124,3323,3412,3612,3721,3850,3997
149,0.23776,0.23454,0.12006,0.12584,14.04,160,308,454,574,661,831,1041,1176,1345,1442,1535,1697,1861,1900,1936,2117,2187,2405,2498,2652,2696,2960,3065,3123,3324,3411,3613,3721,3850,3997
150,0.23981,0.2365,0.1199,0.12568,14.11,160,309,454,574,661,830,1041,1177,1346,1442,1535,1698,1861,1900,1936,2117,2186,2405,2497,2652,2695,2960,3065,3122,3324,3411,3613,3721,3850,3996
151,0.24188,0.23848,0.11973,0.12552,14.18,160,309,454,574,660,829,1042,1177,1346,1443,1536,1699,1862,1900,1936,2117,2186,2405,2496,2652,2695,2960,3066,3121,3325,3410,3613,3721,3849,3996
152,0.24397,0.24048,0.11957,0.12535,14.26,160,309,455,574,659,828,1043,1178,1347,1444,1536,1700,1863,1900,1936,2116,2186,2405,2495,2652,2694,2960,3066,3121,3326,3410,3613,3721,3849,3996
153,0.24607,0.2425,0.1194,0.12518,14.34,160,310,455,574,659,827,1044,1179,1348,1445,1536,1701,1863,1900,1936,2116,2185,2405,2493,2652,2693,2960,3066,3120,3326,3410,3613,3721,3848,3996
154,0.24819,0.24453,0.11923,0.12502,14.42,161,310,455,573,658,826,1044,1180,1349,1445,1537,1702,1864,1900,1936,2116,2185,2405,2492,2652,2692,2960,3066,3119,3327,3409,3613,3721,3848,3996
155,0.25033,0.24658,0.11906,0.12485,14.49,161,310,455,573,657,825,1045,1181,1350,1446,1537,1703,1865,1900,1936,2115,2185,2405,2491,2652,2691,2960,3066,3118,3327,3409,3613,3721,3848,3995
156,0.25248,0.24864,0.11889,0.12467,14.57,161,311,455,573,656,824,1046,1181,1351,1447,1538,1704,1865,1900,1936,2115,2184,2405,2490,2652,2691,2960,3066,3117,3328,3408,3613,3721,3847,3995
157,0.25464,0.25072,0.11872,0.1245,14.65,161,311,456,573,656,824,1047,1182,1352,1448,1538,1705,1866,1900,1936,2115,2184,2405,2489,2652,2690,2960,3066,3116,3329,3408,3614,3721,3847,3995
158,0.25682,0.25282,0.11855,0.12433,14.72,161,311,456,573,655,823,1048,1183,1353,1448,1538,1706,1867,1900,1936,2114,2184,2405,2487,2653,2689,2960,3067,3115,3329,3408,3614,3721,3846,3995
159,0.259,0.25491,0.11837,0.12415,14.79,161,312,456,573,654,822,1048,1184,1353,1449,1539,1707,1867,1900,1936,2114,2183,2405,2486,2653,2688,2960,3067,3115,3330,3407,3614,3721,3846,3995
160,0.26116,0.25701,0.1182,0.12398,14.87,162,312,456,572,653,821,1049,1184,1354,1450,1539,1708,1868,1900,1936,2114,2183,2405,2485,2653,2687,2960,3067,3114,3331,3407,3614,3721,3846,3994
161,0.26332,0.25913,0.11803,0.1238,14.94,162,312,456,572,653,820,1050,1185,1355,1451,1540,1709,1868,1900,1936,2113,2183,2405,2484,2653,2687,2960,3067,3113,3332,3406,3614,3721,3845,3994
162,0.26547,0.26123,0.11786,0.12363,15.01,162,313,456,572,652,819,1051,1186,1356,1451,1540,1710,1869,1900,1936,2113,2183,2405,2482,2653,2686,2960,3067,3112,3332,3406,3614,3721,3845,3994
163,0.26759,0.26332,0.11768,0.12345,15.1,162,313,457,572,651,818,1052,1187,1357,1452,1540,1711,1869,1900,1936,2112,2183,2405,2481,2653,2685,2960,3067,3111,3333,3406,3614,3721,3844,3994
164,0.2697,0.26541,0.11752,0.12328,15.19,162,313,457,572,650,817,1053,1188,1358,1453,1541,1712,1870,1900,1936,2112,2182,2405,2479,2653,2684,2961,3067,3110,3334,3405,3614,3722,3844,3994
165,0.27179,0.26747,0.11735,0.1231,15.27,162,314,457,571,650,816,1053,1188,1359,1453,1541,1713,1870,1900,1936,2111,2182,2405,2478,2653,2683,2961,3067,3109,3334,3405,3614,3722,3843,3994
166,0.27385,0.2695,0.11718,0.12293,15.34,163,314,457,571,649,814,1054,1189,1359,1454,1542,1714,1871,1900,1936,2111,2182,2405,2477,2653,2682,2961,3067,3109,3335,3405,3614,3722,3843,3993
167,0.27587,0.27148,0.11702,0.12277,15.41,163,314,457,571,648,813,1055,1190,1360,1455,1542,1715,1871,1900,1936,2110,2182,2405,2475,2653,2681,2961,3067,3108,3336,3404,3614,3722,3842,3993
168,0.27785,0.27343,0.11686,0.1226,15.49,163,314,457,571,647,812,1056,1191,1361,1455,1543,1716,1872,1900,1937,2110,2182,2405,2474,2653,2680,2961,3067,3107,3337,3404,3614,3722,3842,3993
169,0.27981,0.27537,0.1167,0.12244,15.56,163,315,457,570,646,811,1057,1191,1362,1456,1543,1717,1872,1900,1937,2109,2181,2405,2472,2653,2679,2961,3067,3106,3338,3404,3614,3722,3841,3993
170,0.28173,0.27725,0.11654,0.12228,15.63,163,315,458,570,646,810,1058,1192,1363,1456,1543,1717,1872,1900,1937,2109,2181,2405,2471,2653,2678,2962,3067,3105,3338,3403,3614,3722,3841,3993
171,0.28362,0.2791,0.11639,0.12212,15.7,163,315,458,570,645,809,1059,1193,1364,1457,1544,1718,1872,1900,1937,2108,2181,2405,2469,2653,2677,2962,3067,3104,3339,3403,3614,3722,3840,3992
172,0.28549,0.28093,0.11624,0.12197,15.77,164,316,458,570,644,808,1060,1194,1364,1458,1544,1719,1873,1901,1937,2107,2181,2405,2468,2653,2676,2962,3067,3103,3340,3403,3614,3722,3840,3992
173,0.28733,0.28273,0.11609,0.12181,15.85,164,316,458,569,643,807,1061,1195,1365,1458,1545,1720,1873,1901,1937,2107,2181,2405,2466,2653,2675,2962,3067,3102,3341,3403,3614,3723,3839,3992
174,0.28915,0.2845,0.11594,0.12166,15.92,164,316,458,569,643,806,1061,1195,1366,1459,1545,1721,1873,1901,1937,2106,2181,2405,2465,2653,2674,2963,3067,3102,3341,3402,3614,3723,3839,3992
175,0.29094,0.28624,0.11579,0.12152,16.0,164,317,458,569,642,805,1062,1196,1367,1459,1546,1722,1873,1901,1937,2105,2181,2405,2463,2653,2673,2963,3067,3101,3342,3402,3614,3723,3838,3992
176,0.29272,0.28796,0.11565,0.12137,16.07,164,317,458,569,641,804,1063,1197,1367,1460,1546,1723,1873,1901,1937,2104,2180,2405,2462,2653,2672,2963,3067,3100,3343,3402,3614,3723,3838,3991
177,0.29451,0.28967,0.1155,0.12122,16.15,164,317,459,569,640,803,1064,1198,1368,1460,1547,1724,1873,1901,1937,2103,2180,2405,2460,2653,2671,2964,3067,3099,3344,3401,3614,3723,3837,3991
178,0.29629,0.29136,0.11536,0.12108,16.22,164,318,459,568,640,802,1065,1198,1369,1461,1547,1725,1874,1901,1937,2103,2180,2404,2459,2653,2670,2964,3067,3098,3345,3401,3614,3723,3837,3991
179,0.29806,0.29306,0.11521,0.12093,16.3,165,318,459,568,639,801,1066,1199,1370,1461,1547,1726,1874,1901,1937,2102,2180,2404,2457,2653,2669,2964,3067,3097,3345,3401,3614,3724,3836,3991
180,0.29984,0.29475,0.11507,0.12079,16.38,165,318,459,568,638,800,1067,1200,1370,1462,1548,1727,1874,1901,1938,2101,2180,2404,2456,2653,2668,2965,3067,3097,3346,3401,3614,3724,3836,3991
181,0.30161,0.29642,0.11492,0.12065,16.46,165,319,459,568,638,799,1068,1201,1371,1462,1548,1728,1874,1901,1938,2100,2180,2404,2454,2653,2667,2965,3068,3096,3347,3401,3614,3724,3835,3990
182,0.30339,0.29809,0.11477,0.1205,16.53,165,319,459,568,637,798,1069,1201,1372,1463,1549,1729,1874,1901,1938,2099,2180,2404,2453,2653,2666,2966,3068,3095,3348,3400,3614,3724,3835,3990
183,0.30516,0.29976,0.11463,0.12036,16.61,165,319,459,567,636,797,1070,1202,1373,1463,1549,1729,1874,1902,1938,2098,2180,2404,2451,2652,2665,2966,3068,3094,3349,3400,3614,3724,3834,3990
184,0.30692,0.30142,0.11448,0.12022,16.68,165,320,460,567,635,796,1071,1203,1373,1464,1550,1730,1874,1902,1938,2096,2180,2404,2450,2652,2664,2967,3068,3093,3349,3400,3614,3725,3833,3990
185,0.30869,0.30306,0.11434,0.12007,16.76,166,320,460,567,635,795,1072,1203,1374,1464,1550,1731,1874,1902,1938,2095,2179,2404,2448,2652,2663,2967,3068,3092,3350,3400,3614,3725,3833,3990
186,0.31046,0.30472,0.11419,0.11993,16.82,166,320,460,567,634,794,1073,1204,1375,1465,1550,1732,1874,1902,1938,2094,2179,2404,2447,2652,2662,2968,3068,3092,3351,3400,3614,3725,3832,3989
187,0.31223,0.30638,0.11404,0.11979,16.89,166,321,460,567,633,794,1074,1205,1375,1465,1551,1733,1874,1902,1938,2093,2179,2404,2445,2652,2661,2968,3068,3091,3352,3399,3614,3725,3832,3989
188,0.31398,0.30805,0.1139,0.11964,16.96,166,321,460,566,633,793,1075,1206,1376,1466,1551,1734,1874,1902,1939,2091,2179,2403,2444,2652,2660,2969,3068,3090,3352,3399,3614,3725,3831,3989
189,0.31573,0.30972,0.11375,0.1195,17.03,166,321,460,566,632,792,1076,1206,1377,1466,1552,1735,1874,1902,1939,2090,2179,2403,2442,2652,2659,2969,3068,3089,3353,3399,3614,3726,3831,3989
190,0.31746,0.31139,0.11361,0.11936,17.1,166,322,460,566,631,791,1077,1207,1377,1466,1552,1736,1874,1902,1939,2088,2179,2403,2441,2652,2658,2970,3068,3088,3354,3399,3614,3726,3830,3989
191,0.3192,0.31306,0.11346,0.11921,17.17,167,322,460,566,631,790,1078,1208,1378,1467,1552,1736,1874,1902,1939,2086,2179,2403,2439,2652,2657,2970,3068,3088,3355,3399,3614,3726,3830,3988
192,0.32092,0.31473,0.11332,0.11907,17.25,167,322,460,565,630,789,1079,1208,1379,1467,1553,1737,1874,1903,1939,2085,2179,2403,2438,2652,2656,2971,3068,3087,3355,3399,3614,3726,3829,3988
193,0.32264,0.31639,0.11318,0.11892,17.32,167,323,461,565,629,788,1080,1209,1379,1468,1553,1738,1874,1903,1939,2083,2178,2403,2436,2652,2655,2972,3068,3086,3356,3398,3614,3727,3829,3988
194,0.32436,0.31805,0.11303,0.11878,17.39,167,323,461,565,629,788,1081,1210,1380,1468,1554,1739,1874,1903,1940,2081,2178,2402,2435,2652,2654,2972,3068,3085,3357,3398,3614,3727,3828,3988
195,0.32609,0.31969,0.11289,0.11863,17.45,167,323,461,565,628,787,1082,1211,1380,1468,1554,1740,1873,1903,1940,2079,2178,2402,2433,2652,2654,2973,3068,3084,3358,3398,3614,3727,3828,3988
196,0.32782,0.32133,0.11274,0.11849,17.54,167,324,461,565,627,786,1083,1211,1381,1469,1555,1741,1873,1903,1940,2077,2178,2402,2432,2652,2653,2974,3069,3084,3358,3398,3614,3727,3828,3987
197,0.32957,0.32299,0.1126,0.11835,17.61,168,324,461,564,627,785,1084,1212,1382,1469,1555,1741,1873,1903,1940,2074,2178,2402,2431,2652,2652,2974,3069,3083,3359,3398,3614,3727,3827,3987
198,0.33137,0.32467,0.11244,0.1182,17.7,168,324,461,564,626,784,1085,1213,1382,1470,1555,1742,1873,1903,1941,2072,2178,2402,2429,2652,2652,2975,3069,3082,3360,3398,3614,3728,3827,3987
199,0.33325,0.32639,0.11229,0.11805,17.78,168,325,461,564,625,784,1086,1213,1383,1470,1556,1743,1873,1904,1941,2070,2177,2401,2428,2652,2651,2976,3069,3082,3361,3398,3614,3728,3826,3987
200,0.33527,0.32823,0.11212,0.11789,17.86,168,325,461,564,625,783,1087,1214,1384,1470,1556,1744,1873,1904,1941,2067,2177,2401,2427,2652,2651,2977,3069,3081,3361,3398,3614,3728,3826,3987
201,0.33761,0.33033,0.11192,0.1177,17.93,168,325,461,563,624,782,1088,1215,1384,1471,1557,1745,1872,1904,1941,2065,2177,2401,2425,2652,2650,2977,3069,3080,3362,3397,3614,3728,3825,3986
202,0.34032,0.33277,0.11169,0.11749,18.01,168,326,461,563,624,781,1089,1215,1385,1471,1557,1746,1872,1904,1942,2062,2177,2401,2424,2652,2650,2978,3069,3079,3363,3397,3614,3729,3825,3986
203,0.3435,0.33545,0.11142,0.11725,18.08,169,326,462,563,623,781,1090,1216,1386,1471,1557,1746,1872,1904,1942,2060,2177,2401,2423,2652,2649,2979,3069,3079,3363,3397,3614,3729,3825,3986
204,0.34713,0.33873,0.11111,0.11696,18.15,169,326,462,563,622,780,1091,1217,1386,1471,1558,1747,1872,1904,1942,2057,2177,2400,2421,2652,2649,2980,3070,3078,3364,3397,3614,3729,3824,3986
205,0.35096,0.34218,0.11078,0.11666,18.23,169,327,462,562,622,779,1093,1217,1387,1472,1558,1748,1871,1905,1942,2054,2177,2400,2420,2652,2648,2980,3070,3078,3365,3397,3614,3730,3824,3986
206,0.35463,0.34552,0.11047,0.11636,18.3,169,327,462,562,621,778,1094,1218,1387,1472,1559,1749,1871,1905,1943,2051,2177,2400,2419,2652,2648,2981,3070,3077,3366,3397,3614,3730,3823,3985
207,0.35825,0.34906,0.11016,0.11604,18.37,169,327,462,562,620,778,1095,1219,1388,1472,1559,1750,1870,1905,1943,2048,2177,2400,2418,2652,2648,2982,3070,3077,3366,3397,3614,3730,3823,3985
208,0.3618,0.35263,0.10986,0.11573,18.44,169,328,462,562,620,777,1096,1219,1389,1472,1559,1751,1870,1905,1943,2045,2178,2400,2417,2652,2647,2983,3070,3076,3367,3397,3614,3730,3823,3985
209,0.36521,0.35601,0.10956,0.11542,18.52,170,328,462,561,619,776,1097,1220,1389,1472,1560,1752,1869,1905,1944,2042,2178,2400,2415,2652,2647,2984,3070,3075,3368,3397,3614,3731,3822,3985
210,0.36874,0.35942,0.10926,0.11512,18.6,170,328,462,561,618,776,1098,1221,1390,1473,1560,1753,1869,1905,1944,2039,2178,2400,2414,2652,2647,2985,3070,3075,3369,3397,3614,3731,3822,3985
211,0.3723,0.36282,0.10895,0.11481,18.67,170,329,462,561,618,775,1099,1221,1390,1473,1560,1753,1869,1906,1945,2036,2178,2400,2413,2652,2646,2985,3070,3074,3370,3398,3614,3731,3822,3984
212,0.37579,0.36618,0.10864,0.11451,18.75,170,329,462,560,617,774,1100,1222,1391,1473,1561,1754,1868,1906,1945,2033,2178,2400,2412,2651,2646,2986,3070,3074,3370,3398,3614,3732,3821,3984
213,0.37939,0.36974,0.10833,0.11419,18.81,170,329,462,560,616,773,1101,1222,1391,1473,1561,1755,1868,1906,1946,2030,2178,2399,2411,2651,2646,2987,3070,3074,3371,3398,3614,3732,3821,3984
214,0.38299,0.37333,0.10802,0.11386,18.88,170,330,462,560,615,773,1102,1223,1392,1473,1561,1756,1867,1906,1946,2027,2178,2399,2410,2651,2645,2988,3070,3073,3372,3398,3614,3732,3821,3984
215,0.38653,0.37683,0.10771,0.11354,18.96,171,330,462,559,615,772,1103,1224,1393,1473,1562,1757,1866,1906,1947,2024,2178,2399,2409,2651,2645,2989,3069,3073,3373,3398,3614,3732,3821,3984
216,0.39014,0.38033,0.10739,0.11322,19.04,171,331,462,559,614,771,1104,1224,1393,1473,1562,1758,1866,1906,1947,2021,2177,2399,2407,2651,2645,2990,3069,3072,3374,3398,3615,3733,3820,3983
217,0.39372,0.38381,0.10707,0.11291,19.12,171,331,462,559,613,770,1105,1225,1394,1473,1562,1759,1865,1906,1948,2018,2177,2399,2406,2651,2645,2991,3069,3072,3374,3398,3615,3733,3820,3983
218,0.39729,0.38729,0.10676,0.11259,19.2,171,331,462,558,613,770,1106,1226,1395,1473,1563,1760,1865,1907,1948,2016,2177,2399,2405,2651,2645,2992,3069,3072,3375,3398,3615,3733,3820,3983
219,0.40092,0.39084,0.10644,0.11226,19.26,171,332,462,558,612,769,1107,1226,1395,1473,1563,1761,1864,1907,1949,2014,2177,2399,2404,2651,2644,2993,3069,3071,3376,3399,3615,3734,3819,3983
220,0.40454,0.3944,0.10611,0.11193,19.34,171,332,463,557,611,768,1108,1227,1396,1473,1563,1762,1863,1907,1950,2012,2177,2399,2403,2651,2644,2993,3069,3071,3377,3399,3615,3734,3819,3983
221,0.40817,0.39793,0.10579,0.1116,19.43,172,332,463,557,610,767,1109,1227,1397,1473,1563,1763,1863,1907,1950,2010,2177,2399,2402,2651,2644,2994,3069,3071,3378,3399,3615,3734,3819,3982
222,0.41185,0.40148,0.10546,0.11127,19.49,172,333,463,556,610,766,1111,1228,1397,1473,1564,1763,1862,1907,1951,2009,2176,2399,2401,2651,2644,2995,3068,3070,3379,3399,3615,3735,3819,3982
223,0.41552,0.40503,0.10513,0.11094,19.57,172,333,463,556,609,766,1112,1229,1398,1473,1564,1764,1862,1907,1952,2008,2176,2399,2400,2651,2644,2996,3068,3070,3380,3399,3615,3735,3818,3982
224,0.41926,0.40865,0.10479,0.11061,19.64,172,333,462,556,608,765,1113,1229,1399,1473,1564,1765,1861,1908,1953,2008,2176,2399,2399,2651,2644,2997,3068,3070,3381,3399,3615,3736,3818,3982
225,0.42298,0.41224,0.10446,0.11027,19.71,172,334,462,555,607,764,1114,1230,1400,1473,1564,1766,1860,1908,1954,2007,2176,2399,2398,2652,2644,2998,3068,3070,3382,3400,3615,3736,3818,3982
226,0.42675,0.41589,0.10412,0.10993,19.79,172,334,462,555,607,763,1115,1230,1399,1472,1565,1767,1860,1908,1955,2007,2175,2399,2397,2652,2644,2998,3068,3069,3383,3400,3615,3736,3818,3981
227,0.43056,0.41956,0.10377,0.10958,19.87,173,334,462,554,606,762,1116,1231,1399,1472,1565,1768,1859,1908,1956,2007,2175,2399,2396,2652,2643,2999,3068,3069,3384,3400,3615,3737,3818,3981
228,0.43435,0.42319,0.10342,0.10924,19.95,173,335,462,553,605,761,1117,1232,1398,1472,1565,1769,1859,1908,1957,2007,2175,2399,2395,2652,2643,3000,3068,3069,3385,3400,3615,3737,3817,3981
229,0.43816,0.42687,0.10307,0.10889,20.02,173,335,462,553,604,761,1118,1232,1398,1472,1565,1770,1858,1908,1958,2007,2174,2399,2394,2652,2643,3000,3068,3069,3386,3400,3615,3737,3817,3981
230,0.44202,0.43062,0.10272,0.10853,20.11,173,335,462,552,603,760,1119,1233,1398,1472,1565,1771,1858,1908,1959,2008,2174,2399,2394,2652,2643,3001,3068,3069,3387,3401,3615,3738,3817,3981
231,0.44586,0.43435,0.10237,0.10818,20.18,173,336,462,552,603,759,1120,1233,1398,1472,1565,1772,1857,1909,1961,2008,2173,2399,2393,2652,2643,3001,3068,3069,3388,3401,3615,3738,3817,3980
232,0.44975,0.4381,0.10201,0.10782,20.24,173,336,462,551,602,758,1121,1234,1398,1471,1566,1774,1857,1909,1962,2009,2173,2399,2392,2652,2643,3002,3068,3069,3389,3401,3615,3739,3817,3980
233,0.45364,0.44184,0.10164,0.10746,20.31,174,337,462,551,601,757,1122,1234,1399,1471,1566,1775,1857,1909,1963,2010,2172,2399,2391,2653,2643,3002,3068,3069,3390,3402,3615,3739,3816,3980
234,0.45752,0.4456,0.10128,0.10709,20.38,174,337,462,550,600,756,1123,1235,1399,1471,1566,1776,1856,1909,1965,2011,2172,2399,2390,2653,2643,3003,3068,3068,3391,3402,3615,3740,3816,3980
235,0.46145,0.44943,0.10092,0.10672,20.45,174,337,462,550,599,755,1124,1236,1399,1471,1566,1777,1856,1909,1966,2012,2171,2399,2389,2653,2643,3003,3068,3068,3392,3403,3615,3740,3816,3980
236,0.46535,0.45321,0.10055,0.10636,20.52,174,338,462,549,598,754,1125,1236,1399,1470,1566,1778,1855,1909,1968,2013,2171,2399,2388,2653,2643,3003,3068,3068,3393,3403,3615,3740,3816,3979
237,0.46928,0.45697,0.10018,0.10599,20.61,174,338,462,548,598,754,1126,1237,1399,1470,1566,1779,1855,1910,1970,2014,2170,2399,2387,2654,2643,3004,3068,3068,3394,3403,3615,3741,3816,3979
238,0.4732,0.46073,0.09981,0.10562,20.68,174,338,462,548,597,753,1127,1237,1399,1470,1566,1780,1854,1910,1971,2015,2170,2399,2386,2654,2643,3004,3068,3068,3395,3404,3615,3741,3816,3979
239,0.47714,0.46455,0.09943,0.10525,20.75,175,339,462,547,596,752,1128,1238,1399,1469,1566,1781,1854,1910,1973,2016,2169,2399,2385,2654,2643,3004,3068,3068,3396,3404,3615,3742,3816,3979
240,0.48107,0.46835,0.09906,0.10487,20.83,175,339,462,547,595,751,1129,1238,1399,1469,1566,1782,1853,1910,1975,2017,2169,2399,2385,2654,2644,3004,3068,3068,3397,3405,3615,3742,3815,3979
241,0.485,0.47214,0.09868,0.1045,20.9,175,339,461,546,594,750,1130,1239,1399,1469,1566,1783,1853,1910,1977,2018,2168,2399,2384,2654,2644,3004,3069,3068,3398,3405,3615,3743,3815,3978
242,0.48893,0.4759,0.09831,0.10413,20.98,175,340,461,545,594,749,1131,1239,1399,1468,1566,1784,1852,1910,1979,2018,2167,2399,2383,2654,2644,3004,3069,3068,3400,3406,3615,3743,3815,3978
243,0.49285,0.47969,0.09793,0.10375,21.05,175,340,461,545,593,748,1132,1239,1399,1468,1566,1785,1852,1911,1981,2019,2167,2399,2382,2654,2644,3004,3069,3068,3401,3406,3615,3744,3815,3978
244,0.49678,0.48351,0.09755,0.10337,21.12,176,341,461,544,592,747,1133,1240,1399,1467,1566,1786,1852,1911,1983,2020,2166,2399,2381,2654,2644,3004,3069,3068,3402,3407,3615,3744,3815,3978
245,0.50071,0.48732,0.09717,0.10299,21.19,176,341,461,544,591,746,1134,1240,1399,1467,1566,1787,1851,1911,1985,2020,2165,2399,2380,2654,2644,3004,3069,3068,3403,3407,3615,3744,3815,3977
246,0.50464,0.49108,0.09678,0.10261,21.26,176,341,461,543,590,746,1135,1241,1399,1466,1566,1788,1851,1911,1987,2021,2165,2399,2379,2654,2644,3004,3069,3068,3404,3408,3615,3745,3815,3977
247,0.50857,0.49486,0.0964,0.10223,21.34,176,342,461,542,589,745,1136,1241,1399,1466,1566,1789,1850,1911,1989,2021,2164,2399,2378,2654,2644,3004,3069,3068,3405,3408,3615,3745,3815,3977
248,0.5125,0.49866,0.09601,0.10184,21.42,176,342,461,542,589,744,1137,1241,1399,1465,1566,1790,1850,1911,1992,2021,2164,2399,2378,2654,2645,3004,3069,3068,3406,3409,3615,3746,3815,3977
249,0.51642,0.50245,0.09563,0.10146,21.5,176,342,461,541,588,743,1138,1242,1399,1464,1566,1791,1849,1911,1994,2021,2163,2399,2377,2654,2645,3004,3069,3068,3407,3409,3615,3746,3814,3977
250,0.52034,0.5062,0.09524,0.10107,21.57,177,343,460,541,587,742,1139,1242,1399,1464,1565,1792,1849,1912,1996,2021,2162,2399,2376,2654,2645,3004,3070,3068,3408,3410,3615,3747,3814,3976
251,0.52425,0.50995,0.09485,0.10069,21.65,177,343,460,540,586,741,1140,1242,1399,1463,1565,1793,1849,1912,1999,2020,2161,2399,2375,2654,2645,3004,3070,3068,3409,3410,3615,3747,3814,3976
252,0.52815,0.51372,0.09446,0.1003,21.72,177,344,460,539,585,740,1141,1243,1399,1462,1565,1794,1848,1912,2001,2020,2161,2399,2374,2654,2646,3003,3070,3068,3410,3411,3615,3747,3814,3976
253,0.53205,0.51749,0.09407,0.09991,21.79,177,344,460,539,585,740,1142,1243,1399,1461,1565,1795,1848,1912,2003,2020,2160,2399,2373,2654,2646,3003,3070,3068,3410,3411,3615,3748,3814,3976
254,0.53594,0.52123,0.09368,0.09952,21.87,177,344,460,538,584,739,1143,1243,1399,1461,1565,1796,1847,1912,2006,2019,2159,2399,2372,2654,2646,3003,3070,3068,3411,3412,3615,3748,3814,3976
255,0.53981,0.52496,0.09329,0.09913,21.93,177,345,460,538,583,738,1144,1244,1399,1460,1564,1797,1847,1912,2008,2019,2158,2399,2371,2654,2647,3003,3070,3068,3412,3413,3615,3749,3814,3975
256,0.54366,0.52869,0.09289,0.09874,22.0,178,345,460,537,582,737,1144,1244,1399,1459,1564,1798,1847,1912,2011,2018,2157,2399,2371,2654,2647,3003,3070,3068,3413,3413,3615,3749,3814,3975
257,0.54748,0.5324,0.0925,0.09835,22.07,178,345,460,536,581,736,1145,1244,1399,1458,1564,1799,1846,1913,2013,2018,2156,2399,2370,2654,2647,3003,3070,3068,3414,3414,3615,3750,3814,3975
258,0.55129,0.53607,0.09211,0.09797,22.14,178,346,459,536,581,736,1146,1244,1399,1457,1563,1800,1846,1913,2015,2018,2155,2399,2369,2654,2648,3003,3070,3068,3415,3414,3615,3750,3814,3975
259,0.55506,0.53969,0.09173,0.09758,22.22,178,346,459,535,580,735,1147,1244,1399,1456,1563,1801,1846,1913,2017,2017,2155,2399,2368,2654,2648,3003,3070,3068,3416,3415,3615,3750,3814,3974
260,0.55881,0.5433,0.09134,0.0972,22.3,178,347,459,535,579,734,1148,1245,1399,1455,1563,1801,1845,1913,2020,2017,2154,2399,2367,2654,2649,3003,3069,3068,3416,3415,3615,3751,3814,3974
261,0.56252,0.54688,0.09095,0.09682,22.37,178,347,459,534,578,733,1148,1245,1399,1454,1562,1802,1845,1913,2021,2017,2153,2399,2366,2654,2649,3003,3069,3068,3417,3416,3615,3751,3814,3974
262,0.5662,0.55043,0.09057,0.09644,22.43,179,347,459,534,578,733,1149,1245,1399,1453,1562,1803,1844,1913,2023,2017,2152,2399,2365,2654,2649,3003,3069,3068,3418,3416,3615,3752,3814,3974
263,0.56986,0.55395,0.09019,0.09606,22.5,179,348,459,533,577,732,1150,1245,1399,1452,1562,1804,1844,1914,2024,2017,2151,2399,2364,2654,2650,3003,3069,3068,3419,3417,3615,3752,3814,3974
264,0.5735,0.55748,0.08981,0.09568,22.57,179,348,459,532,576,731,1151,1245,1399,1451,1561,1805,1844,1914,2025,2017,2150,2399,2364,2654,2650,3004,3069,3068,3419,3418,3615,3752,3814,3973
265,0.57712,0.561,0.08942,0.0953,22.65,179,348,458,532,575,731,1151,1245,1399,1450,1561,1806,1843,1914,2026,2017,2149,2399,2363,2654,2650,3004,3069,3068,3420,3418,3615,3753,3814,3973
266,0.58073,0.5645,0.08904,0.09492,22.72,179,349,458,531,575,730,1152,1245,1399,1449,1560,1807,1843,1914,2026,2018,2147,2399,2362,2654,2651,3004,3069,3068,3421,3419,3615,3753,3813,3973
267,0.58432,0.56798,0.08866,0.09454,22.79,180,349,458,531,574,729,1153,1245,1399,1447,1560,1808,1843,1914,2026,2018,2146,2399,2361,2654,2651,3004,3069,3068,3422,3419,3615,3753,3813,3973
268,0.5879,0.57145,0.08828,0.09416,22.86,180,350,458,530,573,729,1154,1245,1399,1446,1559,1809,1843,1914,2025,2018,2145,2399,2360,2654,2652,3004,3069,3068,3422,3420,3615,3754,3813,3972
269,0.59146,0.57489,0.08789,0.09378,22.93,180,350,458,530,573,728,1154,1245,1399,1445,1559,1809,1843,1914,2024,2018,2144,2399,2359,2654,2652,3004,3069,3068,3423,3421,3615,3754,3813,3972
270,0.59499,0.57828,0.08751,0.0934,23.0,180,350,458,529,572,727,1155,1244,1399,1444,1558,1810,1843,1915,2023,2019,2143,2399,2358,2654,2652,3004,3069,3068,3424,3421,3615,3755,3813,3972
271,0.5985,0.58165,0.08713,0.09303,23.06,180,351,457,529,571,727,1155,1244,1399,1442,1558,1811,1842,1915,2022,2019,2142,2399,2358,2654,2652,3004,3069,3068,3425,3422,3615,3755,3813,3972
272,0.60197,0.58503,0.08676,0.09265,23.15,180,351,457,528,571,726,1156,1244,1399,1441,1557,1812,1842,1915,2021,2019,2140,2399,2357,2654,2653,3004,3069,3068,3425,3422,3615,3755,3813,3971
273,0.60541,0.58836,0.08638,0.09228,23.22,181,352,457,528,570,725,1157,1244,1399,1440,1556,1813,1842,1915,2020,2019,2139,2399,2356,2654,2653,3005,3069,3068,3426,3423,3615,3756,3813,3971
274,0.60882,0.59166,0.08601,0.09191,23.3,181,352,457,527,569,725,1157,1244,1399,1438,1556,1814,1842,1915,2019,2019,2138,2399,2355,2654,2653,3005,3069,3068,3427,3424,3615,3756,3813,3971
275,0.61219,0.59496,0.08564,0.09154,23.37,181,352,457,527,569,724,1158,1243,1399,1437,1555,1815,1842,1915,2019,2019,2136,2399,2354,2654,2654,3005,3069,3068,3428,3424,3615,3756,3813,3971
276,0.61552,0.5982,0.08527,0.09117,23.45,181,353,457,526,568,724,1158,1243,1399,1436,1555,1816,1841,1916,2018,2019,2135,2399,2353,2654,2654,3005,3068,3068,3429,3425,3615,3757,3813,3970
277,0.61882,0.60139,0.0849,0.09081,23.53,181,353,457,526,567,723,1159,1243,1399,1434,1554,1817,1841,1916,2017,2019,2133,2399,2353,2654,2654,3005,3068,3068,3429,3425,3615,3757,3813,3970
278,0.6221,0.6046,0.08453,0.09044,23.6,181,353,456,525,567,723,1159,1243,1399,1433,1553,1818,1841,1916,2017,2019,2132,2399,2352,2654,2654,3005,3068,3068,3430,3426,3615,3757,3813,3970
279,0.62535,0.60774,0.08417,0.09008,23.67,182,354,456,525,566,722,1160,1242,1399,1432,1553,1819,1841,1916,2017,2019,2131,2399,2351,2654,2654,3005,3068,3068,3431,3427,3615,3758,3813,3970
280,0.62856,0.61082,0.08381,0.08973,23.74,182,354,456,524,565,722,1161,1242,1399,1430,1552,1820,1840,1916,2017,2019,2129,2399,2350,2654,2654,3005,3068,3068,3432,3427,3615,3758,3813,3970
281,0.63175,0.61394,0.08345,0.08937,23.81,182,355,456,524,565,721,1161,1242,1399,1429,1551,1820,1840,1916,2017,2019,2128,2399,2349,2654,2654,3005,3068,3067,3433,3428,3615,3758,3813,3969
282,0.6349,0.61701,0.08309,0.08901,23.89,182,355,456,523,564,721,1162,1242,1399,1428,1551,1821,1840,1916,2017,2019,2126,2399,2348,2654,2655,3006,3067,3067,3433,3429,3615,3758,3813,3969
283,0.63802,0.62002,0.08273,0.08866,23.95,182,355,456,523,563,720,1162,1242,1399,1426,1550,1822,1840,1917,2018,2019,2125,2399,2348,2654,2655,3006,3067,3067,3434,3429,3615,3759,3813,3969
284,0.64111,0.62305,0.08238,0.08831,24.03,183,356,455,522,563,720,1162,1241,1399,1425,1549,1823,1840,1917,2018,2019,2124,2399,2347,2654,2655,3006,3067,3067,3435,3430,3615,3759,3813,3969
285,0.64415,0.62604,0.08203,0.08796,24.11,183,356,455,522,562,719,1163,1241,1399,1424,1548,1824,1840,1917,2019,2019,2122,2399,2346,2654,2654,3006,3067,3067,3436,3431,3615,3759,3813,3968
286,0.64716,0.62895,0.08168,0.08761,24.18,183,357,455,522,562,719,1163,1241,1399,1423,1548,1825,1841,1917,2019,2019,2121,2399,2345,2654,2654,3006,3067,3067,3437,3431,3615,3760,3813,3968
287,0.65013,0.63187,0.08134,0.08727,24.26,183,357,455,521,561,719,1164,1240,1399,1422,1547,1826,1841,1917,2020,2019,2120,2399,2344,2654,2654,3006,3067,3067,3438,3432,3615,3760,3813,3968
288,0.65306,0.63475,0.081,0.08693,24.32,183,357,455,521,560,718,1164,1240,1399,1420,1546,1827,1841,1917,2020,2019,2118,2399,2344,2654,2654,3006,3067,3067,3439,3433,3615,3760,3813,3968
289,0.65596,0.63757,0.08066,0.08659,24.4,183,358,455,520,560,718,1165,1240,1399,1419,1545,1828,1841,1917,2021,2019,2117,2399,2343,2654,2654,3006,3067,3067,3439,3434,3615,3760,3813,3967
290,0.65882,0.6404,0.08032,0.08625,24.48,184,358,454,520,559,717,1165,1239,1399,1418,1545,1829,1841,1918,2021,2019,2116,2399,2342,2654,2654,3006,3067,3067,3440,3434,3615,3761,3813,3967
291,0.66165,0.64317,0.07999,0.08592,24.55,184,358,454,519,559,717,1165,1239,1399,1417,1544,1830,1842,1918,2021,2019,2114,2399,2341,2654,2654,3006,3067,3067,3441,3435,3615,3761,3813,3967
292,0.66444,0.64592,0.07966,0.08559,24.62,184,359,454,519,558,717,1166,1238,1399,1416,1543,1831,1842,1918,2021,2019,2113,2399,2341,2654,2654,3006,3067,3067,3442,3436,3615,3761,3813,3967
293,0.66719,0.64866,0.07933,0.08526,24.68,184,359,454,519,558,716,1166,1238,1399,1415,1542,1832,1842,1918,2022,2019,2112,2399,2340,2654,2654,3006,3067,3067,3443,3437,3615,3761,3813,3966
294,0.66989,0.65131,0.07901,0.08493,24.76,184,360,454,518,557,716,1167,1237,1399,1414,1542,1833,1842,1918,2022,2019,2110,2399,2339,2654,2654,3006,3067,3067,3444,3437,3615,3762,3813,3966
295,0.67257,0.65396,0.07869,0.08461,24.84,185,360,454,518,557,716,1167,1237,1399,1413,1541,1834,1842,1918,2021,2020,2109,2399,2338,2654,2653,3006,3067,3067,3444,3438,3615,3762,3813,3966
296,0.6752,0.65655,0.07837,0.08429,24.91,185,360,454,517,556,716,1167,1237,1399,1412,1540,1835,1842,1919,2021,2020,2108,2399,2338,2654,2653,3006,3067,3067,3445,3439,3615,3762,3813,3966
297,0.67779,0.65908,0.07806,0.08398,24.98,185,361,453,517,556,715,1168,1236,1399,1411,1539,1836,1842,1919,2021,2020,2106,2399,2337,2654,2653,3006,3067,3067,3446,3439,3615,3762,3813,3965
298,0.68035,0.66162,0.07775,0.08367,25.05,185,361,453,517,555,715,1168,1236,1399,1410,1538,1837,1842,1919,2021,2020,2105,2399,2336,2654,2653,3006,3067,3066,3447,3440,3615,3762,3813,3965
299,0.68287,0.66411,0.07744,0.08336,25.12,185,361,453,516,555,715,1168,1235,1399,1409,1538,1837,1842,1919,2021,2020,2103,2399,2336,2654,2653,3006,3067,3066,3447,3441,3615,3763,3812,3965
300,0.68535,0.66657,0.07714,0.08305,25.2,185,362,453,516,554,715,1169,1235,1399,1408,1537,1838,1842,1919,2020,2020,2102,2399,2335,2654,2653,3006,3067,3066,3448,3442,3615,3763,3812,3964
301,0.6878,0.66901,0.07683,0.08275,25.28,186,362,453,516,554,714,1169,1234,1399,1407,1536,1839,1842,1920,2020,2020,2100,2399,2334,2654,2654,3006,3067,3066,3449,3442,3615,3763,3812,3964
302,0.69021,0.67139,0.07654,0.08245,25.36,186,363,453,515,553,714,1169,1234,1399,1406,1535,1840,1842,1920,2020,2020,2098,2399,2334,2654,2654,3006,3066,3066,3449,3443,3615,3763,3812,3964
303,0.69258,0.67375,0.07624,0.08215,25.44,186,363,453,515,553,714,1169,1233,1399,1405,1535,1841,1842,1920,2020,2020,2096,2399,2333,2654,2654,3006,3066,3066,3450,3444,3615,3763,3812,3964
304,0.69491,0.67604,0.07596,0.08187,25.5,186,363,453,515,552,714,1170,1233,1399,1403,1534,1842,1842,1920,2020,2020,2094,2399,2332,2654,2654,3007,3066,3066,3451,3444,3615,3764,3812,3963
305,0.69721,0.67835,0.07567,0.08157,25.57,186,364,453,514,552,714,1170,1232,1399,1402,1533,1843,1842,1920,2020,2020,2092,2399,2332,2654,2654,3007,3066,3066,3451,3445,3615,3764,3812,3963
306,0.69946,0.68055,0.07539,0.08129,25.64,187,364,453,514,551,714,1170,1232,1399,1401,1532,1844,1842,1921,2020,2020,2090,2399,2331,2654,2654,3007,3066,3065,3452,3446,3615,3764,3812,3963
307,0.70172,0.68317,0.0751,0.08096,25.7,187,364,452,514,551,713,1171,1231,1399,1399,1531,1845,1842,1921,2020,2020,2088,2399,2330,2654,2654,3007,3065,3065,3452,3446,3615,3764,3812,3963
308,0.70347,0.68413,0.07488,0.08084,25.76,187,365,452,513,551,713,1171,1231,1399,1397,1531,1847,1842,1921,2020,2020,2086,2399,2330,2654,2654,3007,3065,3065,3452,3447,3615,3764,3812,3962
309,0.70552,0.68719,0.07462,0.08044,25.84,187,365,452,513,550,713,1171,1230,1399,1396,1530,1847,1842,1921,2020,2020,2083,2399,2329,2654,2654,3007,3065,3065,3453,3447,3615,3765,3812,3962
310,0.70799,0.68896,0.07431,0.08022,25.91,187,366,452,513,550,713,1171,1230,1398,1394,1529,1848,1842,1921,2020,2020,2081,2399,2329,2654,2654,3007,3065,3065,3453,3448,3615,3765,3812,3962
311,0.70973,0.69043,0.07409,0.08003,25.98,187,366,452,513,549,713,1172,1229,1399,1393,1528,1849,1842,1922,2020,2020,2078,2399,2328,2654,2654,3007,3065,3065,3453,3448,3615,3765,3812,3962
312,0.71155,0.69312,0.07386,0.07968,26.05,188,366,452,512,549,713,1172,1228,1399,1392,1527,1850,1842,1922,2020,2020,2075,2399,2328,2654,2654,3007,3065,3064,3454,3449,3615,3765,3812,3961
313,0.71357,0.69441,0.0736,0.07951,26.11,188,367,452,512,549,713,1172,1228,1400,1391,1527,1851,1842,1922,2020,2020,2072,2399,2327,2654,2654,3007,3065,3064,3454,3450,3615,3765,3812,3961
314,0.71554,0.69666,0.07334,0.07922,26.18,188,367,452,512,548,713,1172,1227,1400,1391,1526,1852,1842,1922,2021,2020,2069,2399,2327,2654,2654,3007,3065,3064,3454,3450,3615,3765,3812,3961
315,0.71727,0.69887,0.07312,0.07893,26.26,188,367,452,512,548,713,1172,1227,1399,1390,1525,1852,1842,1923,2021,2020,2066,2399,2326,2654,2654,3007,3065,3064,3454,3451,3615,3765,3812,3960
316,0.71899,0.69994,0.0729,0.07879,26.33,188,368,452,511,547,713,1173,1226,1398,1389,1524,1853,1842,1923,2021,2020,2062,2399,2326,2654,2654,3007,3065,3064,3454,3451,3615,3765,3812,3960
317,0.72093,0.70219,0.07264,0.07849,26.39,189,368,452,511,547,713,1173,1226,1397,1389,1523,1854,1842,1923,2021,2020,2059,2399,2325,2654,2654,3007,3064,3064,3454,3451,3615,3766,3812,3960
318,0.72256,0.70391,0.07243,0.07826,26.47,189,368,452,511,547,713,1173,1225,1397,1388,1523,1855,1842,1924,2021,2020,2055,2399,2325,2654,2654,3007,3064,3063,3454,3452,3615,3766,3812,3960
319,0.72423,0.70498,0.07221,0.07812,26.54,189,369,452,511,546,713,1173,1224,1396,1388,1522,1856,1842,1924,2021,2020,2052,2399,2324,2654,2653,3007,3064,3063,3454,3452,3615,3766,3812,3959
320,0.72601,0.70703,0.07198,0.07785,26.61,189,369,452,511,546,713,1173,1224,1395,1387,1521,1857,1842,1924,2021,2020,2048,2399,2324,2654,2653,3007,3064,3063,3454,3452,3615,3766,3812,3959
321,0.72759,0.70885,0.07177,0.07761,26.68,189,369,452,510,546,713,1173,1223,1395,1387,1521,1858,1842,1924,2021,2020,2044,2399,2323,2654,2654,3007,3064,3063,3454,3453,3615,3766,3812,3959
322,0.72923,0.7101,0.07156,0.07744,26.75,189,370,452,510,546,713,1173,1223,1395,1386,1520,1859,1842,1925,2021,2020,2040,2399,2323,2654,2654,3007,3064,3063,3454,3453,3615,3766,3812,3958
323,0.73089,0.71201,0.07134,0.07719,26.83,190,370,452,510,545,713,1174,1222,1394,1386,1519,1860,1842,1925,2020,2020,2037,2399,2322,2654,2654,3007,3063,3062,3455,3453,3615,3766,3812,3958
324,0.73239,0.71378,0.07114,0.07695,26.9,190,370,452,510,545,713,1174,1221,1394,1385,1518,1861,1843,1925,2020,2020,2033,2399,2322,2654,2654,3007,3063,3062,3455,3453,3615,3766,3812,3958
325,0.73394,0.71495,0.07093,0.07679,26.98,190,371,452,510,545,713,1174,1221,1394,1385,1518,1862,1843,1926,2020,2020,2029,2399,2322,2654,2654,3007,3063,3062,3455,3453,3615,3766,3812,3958
326,0.73546,0.71657,0.07073,0.07657,27.04,190,371,452,509,544,713,1174,1220,1394,1384,1517,1862,1843,1926,2020,2020,2025,2399,2321,2654,2654,3007,3063,3062,3455,3454,3615,3767,3812,3957
327,0.73683,0.71815,0.07054,0.07636,27.1,190,371,452,509,544,713,1174,1220,1393,1383,1517,1863,1843,1926,2020,2020,2022,2399,2321,2654,2654,3007,3062,3061,3455,3454,3615,3767,3812,3957
328,0.73824,0.7192,0.07035,0.07622,27.17,191,372,452,509,544,713,1174,1219,1393,1383,1516,1864,1844,1927,2020,2020,2019,2399,2320,2654,2654,3007,3062,3061,3455,3454,3615,3767,3812,3957
329,0.73961,0.72064,0.07017,0.07602,27.24,191,372,452,509,544,713,1174,1218,1393,1382,1515,1865,1844,1927,2020,2020,2016,2399,2320,2654,2654,3007,3062,3061,3455,3454,3615,3767,3812,3956
330,0.74089,0.72216,0.07,0.07581,27.32,191,372,452,509,543,713,1174,1218,1393,1382,1515,1866,1845,1928,2020,2020,2013,2399,2320,2654,2654,3007,3062,3061,3455,3454,3615,3767,3812,3956
331,0.74219,0.72321,0.06982,0.07567,27.41,191,373,452,509,543,714,1175,1217,1393,1381,1514,1866,1846,1928,2020,2020,2011,2399,2319,2654,2654,3007,3062,3061,3455,3454,3615,3767,3812,3956
332,0.74347,0.72461,0.06965,0.07548,27.48,191,373,452,508,543,714,1175,1217,1393,1380,1514,1867,1846,1929,2020,2020,2010,2399,2319,2654,2654,3007,3062,3060,3455,3454,3615,3767,3812,3956
333,0.74469,0.72603,0.06948,0.07529,27.55,191,373,452,508,543,714,1175,1216,1393,1380,1513,1868,1847,1929,2020,2020,2009,2399,2318,2654,2654,3007,3062,3060,3455,3454,3615,3767,3812,3955
334,0.74592,0.72703,0.06931,0.07515,27.61,192,374,452,508,542,714,1175,1216,1393,1379,1512,1869,1848,1929,2020,2020,2008,2399,2318,2654,2654,3007,3062,3060,3454,3454,3615,3767,3812,3955
335,0.74714,0.72836,0.06915,0.07496,27.69,192,374,452,508,542,714,1175,1215,1393,1379,1512,1869,1848,1930,2021,2020,2007,2399,2317,2654,2653,3007,3062,3060,3454,3454,3615,3767,3812,3955
336,0.74831,0.72968,0.06899,0.07478,27.76,192,374,452,508,542,715,1175,1215,1393,1378,1511,1870,1849,1930,2021,2020,2007,2399,2317,2654,2653,3007,3062,3059,3454,3454,3615,3767,3812,3954
337,0.74949,0.73064,0.06883,0.07465,27.82,192,375,452,508,542,715,1175,1214,1393,1378,1511,1870,1850,1931,2021,2020,2007,2399,2317,2654,2653,3007,3062,3059,3454,3454,3615,3767,3812,3954
338,0.75065,0.73193,0.06867,0.07447,27.89,192,375,452,508,542,715,1175,1213,1393,1377,1510,1871,1851,1931,2021,2020,2008,2399,2316,2654,2653,3007,3062,3059,3454,3454,3615,3768,3812,3954
339,0.75177,0.73317,0.06851,0.0743,27.96,193,375,452,508,541,715,1175,1213,1393,1376,1510,1871,1851,1932,2021,2020,2008,2399,2316,2654,2653,3007,3062,3059,3454,3454,3615,3768,3812,3953
340,0.75288,0.73412,0.06836,0.07417,28.03,193,376,452,507,541,715,1175,1212,1393,1376,1509,1872,1852,1933,2021,2020,2009,2399,2315,2653,2653,3007,3062,3058,3454,3454,3615,3768,3812,3953
341,0.75399,0.73537,0.06821,0.07399,28.1,193,376,452,507,541,716,1175,1212,1393,1375,1509,1873,1853,1933,2021,2020,2010,2399,2315,2653,2653,3007,3061,3058,3454,3454,3615,3768,3812,3953
342,0.75506,0.7365,0.06806,0.07383,28.18,193,376,452,507,541,716,1175,1211,1393,1375,1508,1873,1854,1934,2021,2020,2011,2399,2315,2653,2653,3007,3061,3058,3454,3454,3615,3768,3812,3953
343,0.75611,0.73743,0.06791,0.0737,28.26,193,377,452,507,541,716,1175,1211,1393,1374,1508,1874,1855,1934,2021,2020,2013,2399,2314,2653,2653,3007,3061,3058,3454,3454,3615,3768,3812,3952
344,0.75715,0.73867,0.06777,0.07353,28.33,193,377,452,507,541,716,1175,1210,1393,1373,1508,1874,1855,1935,2021,2020,2014,2399,2314,2653,2653,3007,3061,3058,3454,3454,3615,3768,3812,3952
345,0.75817,0.73973,0.06762,0.07338,28.4,194,377,452,507,541,717,1175,1210,1394,1373,1507,1874,1856,1936,2021,2020,2015,2399,2314,2653,2653,3007,3060,3057,3454,3454,3615,3768,3812,3952
346,0.75916,0.74065,0.06748,0.07325,28.49,194,377,452,507,540,717,1175,1209,1394,1372,1507,1875,1857,1937,2021,2020,2017,2399,2313,2653,2653,3007,3060,3057,3454,3454,3615,3768,3812,3951
347,0.76014,0.74181,0.06735,0.07308,28.56,194,378,452,507,540,717,1176,1209,1394,1372,1507,1875,1858,1937,2021,2020,2018,2399,2313,2653,2653,3007,3060,3057,3453,3454,3615,3768,3812,3951
348,0.7611,0.74273,0.06721,0.07295,28.64,194,378,452,507,540,718,1176,1208,1394,1371,1506,1876,1858,1938,2021,2020,2019,2399,2313,2653,2653,3007,3059,3057,3453,3454,3615,3768,3812,3951
349,0.76203,0.74364,0.06708,0.07282,28.71,194,378,452,507,540,718,1176,1208,1394,1371,1506,1876,1859,1939,2021,2020,2021,2399,2312,2653,2653,3007,3059,3056,3453,3454,3615,3768,3812,3950
350,0.76294,0.7447,0.06695,0.07267,28.78,195,379,452,507,540,718,1176,1207,1394,1370,1506,1876,1860,1940,2020,2020,2022,2399,2312,2653,2653,3007,3059,3056,3453,3454,3615,3768,3812,3950
351,0.76384,0.74555,0.06683,0.07255,28.86,195,379,452,507,540,719,1176,1207,1394,1370,1505,1877,1861,1941,2020,2020,2023,2399,2312,2653,2653,3007,3058,3056,3453,3454,3615,3768,3812,3950
352,0.76472,0.74648,0.0667,0.07242,28.93,195,379,452,507,540,719,1176,1206,1394,1369,1505,1877,1861,1942,2020,2020,2023,2399,2311,2653,2653,3007,3058,3056,3452,3453,3615,3768,3812,3949
353,0.76559,0.74749,0.06658,0.07228,29.02,195,380,452,506,539,719,1176,1206,1394,1368,1505,1877,1862,1943,2020,2020,2024,2399,2311,2653,2653,3007,3058,3055,3452,3453,3615,3768,3812,3949
354,0.76644,0.74832,0.06646,0.07216,29.09,195,380,452,506,539,720,1177,1205,1394,1368,1505,1878,1863,1944,2021,2020,2024,2399,2310,2653,2653,3007,3058,3055,3452,3453,3615,3768,3812,3949
355,0.76729,0.74928,0.06634,0.07202,29.17,195,380,452,506,539,720,1177,1205,1394,1367,1504,1878,1863,1945,2021,2020,2024,2399,2310,2653,2653,3007,3058,3055,3452,3453,3615,3768,3812,3949
356,0.76812,0.75018,0.06622,0.07189,29.26,196,380,452,506,539,721,1177,1204,1395,1367,1504,1879,1864,1946,2021,2020,2024,2399,2310,2653,2653,3007,3058,3055,3451,3453,3615,3768,3812,3948
357,0.76895,0.75096,0.0661,0.07178,29.35,196,381,452,506,539,721,1177,1204,1395,1366,1504,1879,1865,1947,2021,2020,2024,2399,2309,2653,2653,3007,3058,3054,3451,3453,3615,3768,3812,3948
358,0.76976,0.75188,0.06598,0.07165,29.43,196,381,453,506,539,721,1177,1203,1395,1366,1503,1879,1865,1948,2021,2020,2023,2399,2309,2653,2653,3007,3058,3054,3451,3452,3615,3767,3812,3948
359,0.77053,0.75261,0.06587,0.07154,29.51,196,381,453,506,539,722,1177,1203,1395,1365,1503,1880,1866,1949,2021,2020,2023,2399,2309,2653,2653,3007,3058,3054,3451,3452,3615,3767,3812,3947
360,0.77132,0.75338,0.06576,0.07143,29.59,196,381,453,506,539,722,1178,1203,1395,1365,1503,1880,1867,1951,2021,2020,2022,2399,2308,2653,2653,3007,3058,3054,3451,3452,3615,3767,3812,3947
361,0.77209,0.75429,0.06565,0.0713,29.66,197,382,453,506,539,723,1178,1202,1395,1364,1503,1881,1867,1952,2021,2020,2022,2399,2308,2653,2653,3007,3057,3053,3451,3452,3615,3767,3812,3947
362,0.77283,0.75499,0.06554,0.07119,29.73,197,382,453,506,539,723,1178,1202,1396,1364,1503,1881,1868,1953,2021,2020,2021,2399,2308,2653,2653,3007,3057,3053,3450,3452,3615,3767,3812,3946
363,0.77357,0.7558,0.06544,0.07108,29.8,197,382,453,506,538,723,1178,1201,1396,1364,1503,1881,1868,1955,2021,2020,2020,2399,2307,2653,2653,3007,3057,3053,3450,3451,3615,3767,3812,3946
364,0.77429,0.75664,0.06533,0.07095,29.88,197,383,453,506,538,724,1178,1201,1396,1363,1502,1881,1869,1956,2021,2020,2020,2399,2307,2653,2653,3007,3057,3053,3450,3451,3615,3767,3812,3946
365,0.77501,0.75729,0.06523,0.07086,29.96,197,383,453,506,538,724,1178,1200,1396,1363,1502,1882,1869,1958,2021,2020,2019,2399,2306,2653,2653,3007,3057,3052,3450,3451,3615,3767,3812,3945
366,0.77571,0.75808,0.06512,0.07074,30.03,197,383,453,506,538,725,1179,1200,1396,1362,1502,1882,1869,1960,2021,2020,2019,2399,2306,2653,2653,3007,3057,3052,3449,3451,3615,3767,3812,3945
367,0.7764,0.75869,0.06503,0.07065,30.11,198,383,453,506,538,725,1179,1200,1397,1362,1502,1882,1870,1961,2021,2020,2019,2399,2306,2653,2653,3007,3056,3052,3449,3451,3615,3767,3812,3945
368,0.77708,0.75934,0.06493,0.07056,30.18,198,384,453,506,538,726,1179,1199,1397,1361,1502,1883,1870,1963,2021,2020,2018,2399,2305,2653,2653,3007,3056,3051,3449,3451,3615,3767,3812,3945
369,0.77775,0.76011,0.06483,0.07045,30.25,198,384,453,506,538,726,1179,1199,1397,1361,1502,1883,1871,1965,2021,2020,2018,2399,2305,2653,2653,3007,3056,3051,3449,3451,3615,3767,3812,3944
370,0.7784,0.7607,0.06473,0.07036,30.32,198,384,453,506,538,727,1179,1199,1397,1361,1502,1883,1871,1967,2021,2020,2018,2399,2305,2653,2653,3007,3056,3051,3449,3451,3615,3767,3812,3944
371,0.77905,0.76149,0.06464,0.07024,30.4,198,384,453,506,538,727,1180,1198,1398,1360,1502,1884,1871,1968,2021,2020,2018,2399,2304,2653,2653,3007,3055,3051,3449,3451,3615,3767,3812,3944
372,0.7797,0.76222,0.06454,0.07014,30.48,199,385,453,506,538,728,1180,1198,1398,1360,1502,1884,1872,1970,2020,2020,2019,2399,2304,2653,2653,3007,3055,3050,3449,3451,3615,3767,3811,3943
373,0.78032,0.76285,0.06445,0.07004,30.55,199,385,453,506,538,728,1180,1197,1398,1360,1501,1884,1872,1972,2020,2020,2019,2399,2303,2653,2653,3007,3055,3050,3449,3451,3615,3767,3811,3943
374,0.78093,0.76361,0.06436,0.06993,30.62,199,385,453,506,538,729,1180,1197,1398,1359,1501,1885,1872,1974,2020,2020,2019,2399,2303,2653,2653,3007,3054,3050,3449,3451,3615,3767,3811,3943
375,0.78155,0.7642,0.06427,0.06984,30.7,199,385,454,506,538,729,1180,1197,1399,1359,1501,1885,1873,1976,2020,2020,2019,2399,2303,2653,2653,3006,3054,3049,3449,3451,3615,3767,3811,3942
376,0.78215,0.76487,0.06418,0.06975,30.77,199,386,454,506,538,730,1180,1196,1399,1359,1501,1886,1873,1978,2020,2020,2019,2399,2302,2653,2653,3006,3054,3049,3449,3451,3615,3767,3811,3942
377,0.78274,0.76549,0.0641,0.06965,30.86,200,386,454,506,538,730,1180,1196,1399,1359,1501,1886,1873,1980,2020,2020,2020,2399,2302,2653,2653,3006,3054,3049,3449,3451,3615,3767,3811,3942
378,0.78332,0.76604,0.06401,0.06957,30.92,200,386,454,506,538,731,1180,1196,1399,1358,1501,1886,1874,1982,2020,2020,2020,2399,2301,2653,2653,3006,3053,3048,3449,3451,3615,3767,3811,3941
379,0.78388,0.76681,0.06393,0.06946,31.0,200,386,454,507,538,732,1180,1195,1399,1358,1501,1886,1874,1984,2020,2020,2020,2399,2301,2653,2653,3006,3053,3048,3449,3451,3615,3767,3811,3941
380,0.78444,0.76735,0.06384,0.06938,31.08,200,387,454,507,538,732,1180,1195,1399,1358,1501,1887,1874,1986,2020,2020,2020,2399,2300,2653,2653,3006,3053,3048,3449,3451,3615,3766,3811,3941
381,0.78499,0.76817,0.06376,0.06925,31.16,200,387,454,507,538,733,1180,1194,1399,1358,1501,1887,1875,1988,2020,2020,2021,2399,2300,2653,2653,3006,3053,3047,3449,3450,3614,3766,3811,3941
382,0.78554,0.76867,0.06368,0.06918,31.25,200,387,454,507,538,733,1179,1194,1399,1357,1501,1887,1875,1990,2020,2020,2021,2399,2300,2653,2653,3006,3052,3047,3449,3450,3614,3766,3811,3940
383,0.78607,0.76928,0.0636,0.06909,31.34,201,387,454,507,538,734,1179,1194,1399,1357,1501,1887,1875,1992,2020,2020,2021,2399,2299,2653,2653,3006,3052,3047,3449,3450,3614,3766,3811,3940
384,0.78659,0.76981,0.06353,0.06901,31.42,201,388,454,507,538,735,1179,1193,1399,1357,1502,1887,1875,1995,2020,2020,2021,2399,2299,2653,2653,3006,3052,3046,3449,3450,3614,3766,3811,3940
385,0.78711,0.77027,0.06345,0.06894,31.5,201,388,454,507,538,735,1179,1193,1399,1357,1502,1888,1876,1997,2020,2020,2021,2399,2298,2653,2653,3006,3052,3046,3449,3450,3614,3766,3811,3939
386,0.78761,0.77091,0.06337,0.06884,31.59,201,388,454,507,538,736,1179,1193,1399,1356,1502,1888,1876,1999,2020,2020,2021,2399,2298,2653,2653,3006,3052,3046,3449,3449,3614,3766,3811,3939
387,0.78811,0.77138,0.0633,0.06877,31.67,201,388,454,507,538,736,1179,1193,1399,1356,1502,1888,1876,2001,2020,2020,2021,2399,2297,2653,2653,3006,3051,3045,3449,3449,3614,3766,3811,3939
388,0.78859,0.77201,0.06323,0.06868,31.75,202,388,455,507,538,737,1179,1192,1399,1356,1502,1888,1876,2003,2020,2020,2020,2399,2297,2653,2653,3006,3051,3045,3449,3449,3614,3766,3811,3938
389,0.78907,0.77251,0.06316,0.0686,31.82,202,389,455,507,538,738,1179,1192,1399,1356,1502,1889,1876,2005,2020,2020,2020,2399,2296,2653,2653,3006,3051,3045,3449,3449,3614,3766,3811,3938
390,0.78954,0.77298,0.06309,0.06853,31.91,202,389,455,507,538,738,1179,1192,1399,1356,1502,1889,1876,2007,2020,2020,2020,2399,2296,2653,2652,3006,3051,3044,3449,3449,3614,3766,3811,3938
391,0.78999,0.77351,0.06302,0.06845,32.01,202,389,455,507,538,739,1179,1191,1399,1355,1502,1889,1876,2009,2020,2020,2020,2399,2295,2653,2652,3006,3051,3044,3449,3449,3614,3766,3811,3938
392,0.79044,0.77388,0.06295,0.0684,32.1,202,389,455,507,538,740,1179,1191,1399,1355,1502,1890,1876,2011,2020,2020,2020,2399,2295,2653,2652,3005,3050,3044,3450,3449,3614,3766,3811,3937
393,0.79087,0.77448,0.06289,0.0683,32.2,202,390,455,508,538,740,1179,1191,1399,1355,1502,1890,1876,2012,2020,2020,2020,2399,2294,2653,2652,3005,3050,3043,3450,3448,3614,3766,3811,3937
394,0.7913,0.77482,0.06282,0.06825,32.27,203,390,455,508,538,741,1179,1191,1399,1355,1502,1890,1875,2014,2020,2020,2020,2399,2294,2652,2652,3005,3050,3043,3450,3448,3614,3766,3811,3937
395,0.79172,0.77539,0.06276,0.06817,32.36,203,390,455,508,538,742,1179,1191,1399,1355,1502,1890,1875,2016,2020,2020,2020,2399,2293,2652,2652,3005,3050,3042,3450,3448,3614,3766,3811,3936
396,0.79213,0.77576,0.0627,0.06811,32.44,203,390,455,508,538,742,1179,1191,1399,1355,1503,1891,1875,2018,2020,2020,2020,2399,2292,2652,2652,3005,3049,3042,3449,3448,3614,3766,3811,3936
397,0.79253,0.77624,0.06264,0.06804,32.53,203,390,455,508,538,743,1179,1190,1399,1355,1503,1891,1875,2019,2020,2020,2020,2399,2292,2652,2652,3005,3049,3042,3449,3448,3614,3766,3811,3936
398,0.79292,0.77667,0.06258,0.06797,32.62,203,391,455,508,538,744,1179,1190,1399,1355,1503,1891,1875,2021,2020,2020,2020,2399,2291,2652,2652,3005,3049,3041,3449,3448,3614,3766,3811,3935
399,0.79329,0.77702,0.06252,0.06792,32.69,204,391,456,508,538,744,1179,1190,1399,1355,1503,1891,1875,2022,2020,2020,2020,2399,2291,2652,2652,3005,3049,3041,3449,3448,3614,3766,3811,3935
400,0.79366,0.77749,0.06247,0.06785,32.77,204,391,456,508,538,745,1179,1190,1399,1355,1503,1891,1875,2023,2020,2020,2020,2399,2290,2652,2652,3005,3048,3040,3449,3448,3614,3766,3811,3935
401,0.79402,0.77778,0.06241,0.0678,32.86,204,391,456,508,538,746,1179,1189,1399,1355,1503,1892,1875,2024,2020,2020,2020,2399,2290,2652,2652,3005,3048,3040,3449,3448,3614,3766,3811,3935
402,0.79437,0.77825,0.06236,0.06773,32.94,204,391,456,508,538,746,1179,1189,1399,1354,1503,1892,1875,2025,2020,2020,2020,2399,2289,2652,2652,3004,3048,3039,3449,3448,3614,3766,3811,3934
403,0.79472,0.77856,0.0623,0.06768,33.02,204,392,456,508,538,747,1179,1189,1399,1354,1504,1892,1875,2025,2020,2020,2020,2399,2288,2652,2652,3004,3048,3039,3449,3448,3614,3766,3811,3934
404,0.79507,0.77902,0.06225,0.06761,33.11,205,392,456,509,539,748,1179,1189,1399,1354,1504,1892,1875,2026,2020,2020,2020,2399,2288,2652,2652,3004,3047,3038,3449,3447,3614,3766,3811,3934
405,0.79541,0.77936,0.0622,0.06756,33.19,205,392,456,509,539,748,1179,1188,1399,1354,1504,1893,1875,2026,2020,2020,2020,2399,2287,2652,2652,3004,3047,3038,3449,3447,3614,3766,3811,3933
406,0.79575,0.77977,0.06215,0.0675,33.27,205,392,456,509,539,749,1179,1188,1399,1354,1504,1893,1875,2026,2020,2020,2020,2399,2287,2652,2652,3004,3047,3038,3449,3447,3614,3766,3811,3933
407,0.7961,0.78013,0.0621,0.06744,33.36,205,392,456,509,539,750,1179,1188,1399,1354,1504,1893,1875,2026,2020,2020,2020,2399,2286,2652,2652,3004,3047,3037,3449,3447,3614,3766,3811,3933
408,0.79643,0.78047,0.06204,0.06739,33.43,205,393,456,509,539,751,1179,1188,1399,1354,1505,1893,1875,2025,2020,2020,2020,2399,2285,2652,2652,3004,3046,3037,3449,3447,3614,3766,3811,3933
409,0.79677,0.78086,0.06199,0.06733,33.54,205,393,456,509,539,751,1179,1188,1399,1354,1505,1894,1875,2025,2020,2020,2020,2399,2285,2652,2652,3004,3046,3036,3449,3447,3614,3766,3811,3932
410,0.7971,0.78118,0.06194,0.06728,33.62,206,393,456,509,539,752,1179,1187,1399,1354,1505,1894,1875,2024,2020,2020,2020,2399,2284,2652,2652,3004,3046,3036,3449,3447,3614,3766,3811,3932
411,0.79742,0.78159,0.06189,0.06722,33.71,206,393,456,509,539,753,1179,1187,1399,1354,1505,1894,1875,2024,2020,2020,2020,2399,2284,2652,2651,3004,3046,3035,3449,3447,3614,3766,3811,3932
412,0.79774,0.78185,0.06184,0.06718,33.8,206,393,457,510,539,753,1179,1187,1399,1354,1505,1894,1875,2023,2020,2020,2020,2399,2283,2651,2651,3004,3045,3035,3449,3446,3614,3766,3811,3931
413,0.79805,0.78227,0.0618,0.06711,33.89,206,394,457,510,539,754,1179,1187,1399,1354,1505,1895,1875,2023,2020,2020,2020,2399,2282,2651,2651,3004,3045,3034,3449,3446,3614,3766,3811,3931
414,0.79836,0.78246,0.06175,0.06708,33.97,206,394,457,510,539,755,1179,1186,1399,1354,1505,1895,1876,2022,2020,2020,2020,2399,2282,2651,2651,3004,3045,3033,3448,3446,3614,3766,3811,3931
415,0.79865,0.78292,0.0617,0.06701,34.06,207,394,457,510,539,756,1179,1186,1399,1354,1505,1895,1875,2022,2020,2020,2020,2399,2281,2651,2651,3004,3044,3033,3448,3446,3614,3766,3811,3930
416,0.79895,0.78304,0.06166,0.067,34.14,207,394,457,510,539,756,1179,1186,1399,1354,1506,1896,1876,2021,2020,2020,2020,2399,2280,2651,2651,3004,3044,3032,3448,3446,3614,3765,3811,3930
417,0.79923,0.78355,0.06162,0.06692,34.23,207,394,457,510,539,757,1179,1186,1399,1354,1506,1896,1875,2020,2020,2020,2020,2399,2280,2650,2651,3004,3044,3032,3448,3446,3614,3765,3811,3930
418,0.79951,0.78353,0.06157,0.06692,34.3,207,395,457,510,539,758,1179,1185,1399,1354,1506,1896,1875,2020,2020,2020,2020,2399,2279,2650,2650,3004,3043,3031,3448,3446,3614,3765,3811,3930
419,0.79976,0.78413,0.06153,0.06683,34.39,207,395,457,510,539,759,1179,1185,1399,1354,1506,1897,1875,2020,2020,2020,2020,2399,2278,2650,2650,3004,3043,3031,3448,3446,3614,3765,3811,3929
420,0.79999,0.78387,0.0615,0.06687,34.47,207,395,457,511,539,759,1179,1185,1399,1355,1507,1897,1875,2019,2020,2020,2020,2399,2277,2650,2650,3004,3043,3030,3447,3446,3614,3765,3811,3929
421,0.80017,0.7847,0.06147,0.06674,34.55,208,395,458,511,539,760,1179,1185,1399,1355,1507,1897,1875,2019,2020,2020,2020,2399,2277,2650,2650,3004,3042,3029,3447,3446,3614,3765,3811,3929
422,0.80032,0.7841,0.06145,0.06683,34.65,208,395,458,511,539,761,1179,1184,1399,1355,1507,1898,1875,2019,2020,2020,2020,2399,2276,2649,2650,3004,3042,3029,3447,3446,3614,3765,3811,3928
423,0.80052,0.78524,0.06142,0.06665,34.73,208,396,458,511,539,762,1179,1184,1399,1355,1507,1898,1875,2018,2020,2020,2020,2399,2275,2649,2650,3004,3042,3028,3447,3445,3614,3765,3811,3928
424,0.80085,0.7847,0.06137,0.06674,34.81,208,396,458,511,539,763,1179,1184,1399,1355,1508,1898,1875,2018,2020,2020,2020,2399,2274,2649,2650,3004,3041,3028,3446,3445,3614,3765,3811,3928
425,0.80129,0.78582,0.0613,0.06656,34.9,208,396,458,511,539,763,1179,1184,1399,1355,1508,1898,1875,2018,2020,2020,2020,2399,2273,2649,2650,3004,3041,3027,3446,3445,3614,3765,3811,3928
426,0.80165,0.78591,0.06124,0.06655,34.98,209,396,458,512,539,764,1179,1184,1399,1355,1508,1898,1875,2018,2020,2020,2020,2399,2273,2649,2649,3004,3041,3026,3446,3445,3614,3764,3811,3927
427,0.80183,0.78595,0.06122,0.06654,35.07,209,396,458,512,539,765,1179,1184,1399,1355,1509,1898,1875,2018,2020,2020,2020,2399,2272,2649,2649,3004,3040,3026,3446,3445,3614,3764,3811,3927
428,0.80193,0.78661,0.0612,0.06644,35.16,209,396,458,512,539,766,1179,1183,1399,1355,1509,1899,1875,2018,2020,2020,2020,2399,2271,2649,2649,3004,3040,3025,3445,3445,3614,3764,3811,3927
429,0.80209,0.78602,0.06118,0.06653,35.24,209,397,458,512,540,767,1179,1183,1399,1355,1509,1899,1875,2018,2020,2020,2020,2399,2270,2648,2649,3004,3040,3024,3445,3444,3614,3764,3811,3926
430,0.80238,0.7871,0.06113,0.06637,35.33,209,397,459,512,540,767,1179,1183,1399,1355,1509,1899,1875,2018,2020,2020,2020,2399,2269,2649,2649,3004,3039,3024,3445,3444,3614,3764,3811,3926
431,0.80274,0.78686,0.06108,0.0664,35.41,209,397,459,512,540,768,1179,1183,1398,1355,1510,1899,1875,2019,2020,2020,2020,2399,2269,2649,2649,3003,3039,3023,3445,3444,3614,3764,3811,3926
432,0.80305,0.78744,0.06103,0.06631,35.49,210,397,459,513,540,769,1179,1183,1398,1355,1510,1899,1875,2019,2020,2020,2020,2399,2268,2649,2649,3003,3039,3022,3444,3444,3614,3764,3811,3925
433,0.80323,0.78782,0.061,0.06625,35.58,210,397,459,513,540,770,1179,1183,1398,1355,1510,1899,1875,2019,2020,2020,2020,2399,2267,2649,2648,3003,3039,3022,3444,3444,3614,3764,3811,3925
434,0.80336,0.78761,0.06098,0.06629,35.66,210,398,459,513,540,771,1179,1183,1398,1355,1510,1899,1875,2019,2020,2020,2020,2399,2266,2649,2648,3003,3038,3021,3444,3444,3614,3763,3811,3925
435,0.80357,0.78842,0.06095,0.06616,35.75,210,398,459,513,540,772,1179,1183,1398,1355,1511,1899,1875,2019,2020,2020,2020,2399,2265,2649,2648,3003,3038,3020,3444,3444,3614,3763,3811,3925
436,0.80386,0.78827,0.0609,0.06618,35.83,210,398,459,513,540,772,1179,1182,1398,1355,1511,1899,1875,2019,2020,2020,2020,2399,2264,2649,2648,3003,3038,3020,3443,3444,3614,3763,3811,3924
437,0.80413,0.78876,0.06086,0.06611,35.92,211,398,459,514,540,773,1179,1182,1397,1356,1511,1899,1875,2020,2020,2020,2020,2399,2263,2649,2648,3003,3037,3019,3443,3443,3614,3763,3811,3924
438,0.80433,0.78902,0.06083,0.06607,36.01,211,398,460,514,541,774,1179,1182,1397,1356,1511,1899,1875,2020,2020,2020,2020,2399,2262,2649,2648,3003,3037,3018,3443,3443,3614,3763,3811,3924
439,0.80448,0.78884,0.0608,0.06609,36.09,211,398,460,514,541,775,1179,1182,1397,1356,1512,1899,1875,2020,2020,2020,2020,2399,2262,2649,2648,3003,3037,3017,3443,3443,3614,3763,3811,3923
440,0.80467,0.78949,0.06078,0.06599,36.17,211,399,460,514,541,776,1179,1182,1397,1356,1512,1899,1875,2020,2020,2020,2020,2399,2261,2649,2648,3003,3036,3017,3443,3443,3614,3763,3811,3923
441,0.80491,0.78935,0.06074,0.06601,36.26,211,399,460,514,541,777,1179,1181,1397,1356,1512,1899,1875,2020,2020,2020,2020,2399,2260,2649,2648,3002,3036,3016,3442,3443,3614,3763,3811,3923
442,0.80517,0.78994,0.0607,0.06592,36.35,211,399,460,515,541,778,1179,1181,1397,1356,1512,1899,1875,2020,2020,2020,2020,2399,2259,2649,2648,3002,3035,3015,3442,3443,3614,3763,3811,3922
443,0.80539,0.79013,0.06066,0.06589,36.43,212,399,460,515,541,778,1179,1181,1398,1357,1513,1899,1875,2020,2020,2020,2020,2399,2258,2649,2648,3002,3035,3015,3442,3443,3614,3762,3811,3922
444,0.80557,0.79024,0.06064,0.06587,36.52,212,399,460,515,541,779,1179,1181,1398,1357,1513,1899,1875,2021,2020,2020,2020,2399,2257,2649,2648,3002,3035,3014,3442,3443,3614,3762,3811,3922
445,0.80574,0.7907,0.06061,0.0658,36.61,212,399,461,515,541,780,1179,1181,1398,1357,1513,1900,1875,2021,2020,2020,2020,2399,2256,2649,2648,3002,3034,3013,3442,3443,3614,3762,3811,3921
446,0.80591,0.79047,0.06058,0.06584,36.69,212,400,461,515,541,781,1179,1181,1398,1357,1514,1900,1875,2021,2020,2020,2020,2399,2255,2648,2648,3002,3034,3012,3442,3443,3614,3762,3811,3921
447,0.80609,0.7911,0.06055,0.06574,36.78,212,400,461,516,542,782,1179,1181,1398,1357,1514,1900,1875,2021,2020,2020,2020,2399,2254,2648,2648,3002,3033,3012,3442,3442,3614,3762,3811,3921
448,0.80629,0.79085,0.06052,0.06578,36.86,213,400,461,516,542,783,1179,1181,1398,1357,1514,1900,1875,2021,2020,2020,2020,2399,2253,2648,2648,3002,3033,3011,3441,3442,3614,3762,3811,3920
449,0.8065,0.79153,0.06049,0.06567,36.95,213,400,461,516,542,784,1179,1181,1398,1358,1514,1900,1875,2021,2020,2020,2020,2399,2252,2648,2648,3002,3033,3010,3441,3442,3614,3762,3811,3920
450,0.80672,0.79144,0.06046,0.06569,37.04,213,400,461,516,542,785,1179,1181,1398,1358,1515,1900,1875,2021,2020,2020,2020,2399,2250,2648,2648,3002,3032,3010,3441,3442,3614,3762,3811,3920
451,0.80694,0.79198,0.06042,0.0656,37.13,213,400,461,517,542,785,1179,1181,1398,1358,1515,1900,1875,2020,2020,2020,2020,2399,2249,2648,2648,3002,3032,3009,3441,3442,3614,3762,3811,3919
452,0.80714,0.79205,0.06039,0.06559,37.21,213,401,462,517,542,786,1179,1181,1399,1358,1515,1900,1875,2020,2020,2020,2020,2399,2248,2648,2647,3001,3031,3008,3441,3442,3614,3762,3811,3919
453,0.80733,0.79235,0.06036,0.06554,37.3,214,401,462,517,542,787,1179,1181,1399,1358,1515,1900,1875,2020,2020,2020,2020,2399,2247,2648,2647,3001,3031,3008,3440,3442,3614,3762,3811,3919
454,0.80752,0.79255,0.06033,0.06551,37.38,214,401,462,517,542,788,1179,1182,1399,1358,1516,1900,1875,2020,2020,2020,2020,2399,2246,2648,2647,3001,3030,3007,3440,3442,3613,3761,3811,3918
455,0.8077,0.79268,0.0603,0.06549,37.46,214,401,462,517,543,789,1179,1182,1399,1358,1516,1901,1875,2020,2020,2020,2020,2399,2244,2648,2647,3001,3030,3007,3440,3442,3613,3761,3811,3918
456,0.80788,0.79306,0.06027,0.06543,37.55,214,401,462,518,543,790,1179,1182,1399,1358,1516,1901,1875,2020,2020,2020,2020,2399,2243,2649,2647,3001,3029,3006,3440,3442,3613,3761,3811,3918
457,0.80805,0.79308,0.06025,0.06543,37.62,214,401,462,518,543,791,1179,1182,1399,1358,1516,1901,1875,2020,2020,2020,2020,2399,2242,2649,2647,3001,3029,3005,3440,3442,3613,3761,3811,3917
458,0.8082,0.79362,0.06022,0.06534,37.7,214,402,462,518,543,792,1179,1182,1399,1358,1517,1901,1875,2020,2020,2020,2020,2399,2241,2649,2646,3001,3028,3005,3439,3442,3613,3761,3811,3917
459,0.80829,0.79324,0.06021,0.0654,37.78,215,402,463,518,543,792,1179,1182,1400,1359,1517,1901,1875,2020,2020,2020,2020,2399,2239,2649,2646,3001,3028,3004,3439,3442,3613,3761,3811,3917
460,0.80815,0.79405,0.06023,0.06527,37.86,215,402,463,519,543,793,1179,1182,1399,1359,1517,1901,1875,2020,2020,2020,2020,2399,2238,2649,2646,3001,3027,3004,3439,3442,3613,3761,3811,3916
461,0.80778,0.79253,0.06029,0.06551,37.94,215,402,463,519,543,794,1179,1182,1399,1359,1518,1901,1875,2020,2020,2020,2020,2399,2236,2648,2646,3001,3027,3003,3439,3442,3613,3761,3811,3916
462,0.80776,0.794,0.06029,0.06528,38.04,215,402,463,519,544,795,1179,1182,1399,1359,1518,1901,1875,2020,2020,2020,2020,2399,2235,2648,2646,3001,3026,3003,3439,3442,3613,3761,3811,3916
463,0.80852,0.79329,0.06017,0.06539,38.12,215,402,463,519,544,796,1179,1182,1398,1359,1518,1901,1875,2020,2020,2020,2020,2399,2234,2648,2646,3001,3025,3002,3439,3441,3613,3760,3811,3915
464,0.80928,0.79463,0.06005,0.06518,38.19,216,402,463,520,544,797,1179,1181,1398,1360,1519,1901,1875,2020,2020,2020,2020,2399,2233,2648,2646,3001,3025,3002,3439,3441,3613,3760,3811,3915
465,0.80915,0.79485,0.06008,0.06515,38.26,216,403,463,520,544,798,1179,1181,1397,1360,1519,1901,1875,2020,2020,2020,2020,2399,2232,2648,2646,3001,3024,3001,3439,3441,3613,3760,3811,3915
466,0.80887,0.79364,0.06012,0.06534,38.34,216,403,463,520,544,799,1179,1181,1397,1360,1519,1901,1875,2020,2020,2020,2020,2399,2231,2648,2646,3001,3023,3001,3438,3441,3613,3760,3811,3914
467,0.80939,0.79523,0.06004,0.06509,38.41,216,403,464,520,544,800,1179,1181,1397,1360,1519,1901,1875,2020,2020,2020,2020,2399,2230,2648,2646,3001,3023,3000,3438,3441,3613,3760,3811,3914
468,0.80989,0.79534,0.05996,0.06507,38.49,216,403,464,521,544,800,1179,1181,1396,1360,1520,1901,1875,2020,2020,2020,2020,2399,2229,2648,2646,3001,3022,3000,3438,3441,3613,3760,3811,3914
469,0.80971,0.79479,0.05999,0.06516,38.57,216,403,464,521,545,801,1179,1181,1396,1361,1520,1901,1875,2020,2020,2020,2020,2399,2229,2648,2646,3001,3021,3000,3438,3441,3613,3760,3811,3913
470,0.80972,0.79567,0.05998,0.06502,38.65,217,403,464,521,545,802,1179,1181,1396,1361,1520,1901,1875,2020,2020,2020,2020,2399,2228,2648,2646,3001,3021,2999,3438,3440,3613,3760,3811,3913
471,0.81023,0.79542,0.0599,0.06506,38.73,217,403,464,521,545,803,1179,1181,1396,1361,1520,1901,1875,2020,2020,2020,2020,2399,2227,2648,2646,3001,3020,2999,3438,3440,3613,3760,3811,3913
472,0.8104,0.79559,0.05988,0.06503,38.82,217,404,464,522,545,804,1179,1181,1396,1362,1521,1901,1875,2020,2020,2020,2020,2399,2226,2648,2646,3001,3019,2998,3437,3440,3613,3759,3811,3912
473,0.81027,0.79605,0.0599,0.06496,38.9,217,404,465,522,545,805,1179,1181,1396,1362,1521,1900,1875,2020,2020,2020,2020,2399,2225,2648,2646,3001,3018,2998,3437,3440,3613,3759,3811,3912
474,0.81052,0.79557,0.05986,0.06503,38.98,217,404,465,522,545,806,1179,1181,1396,1362,1521,1901,1875,2020,2020,2020,2020,2399,2224,2648,2646,3001,3017,2998,3437,3440,3613,3759,3811,3912
475,0.81086,0.79627,0.0598,0.06492,39.05,218,404,465,522,545,807,1179,1182,1396,1363,1521,1900,1875,2020,2020,2020,2020,2399,2223,2648,2647,3001,3016,2997,3437,3440,3613,3759,3811,3911
476,0.81085,0.79655,0.05981,0.06488,39.13,218,404,465,522,546,808,1179,1182,1396,1363,1522,1900,1875,2020,2020,2020,2020,2399,2223,2648,2647,3001,3015,2997,3437,3440,3613,3759,3811,3911
477,0.8109,0.79601,0.0598,0.06496,39.22,218,404,465,523,546,809,1179,1182,1396,1363,1522,1900,1875,2020,2020,2020,2020,2399,2222,2648,2647,3001,3014,2997,3436,3439,3613,3759,3811,3911
478,0.81121,0.79682,0.05975,0.06483,39.3,218,405,465,523,546,809,1179,1182,1396,1364,1522,1900,1875,2020,2020,2020,2020,2399,2221,2648,2647,3001,3014,2996,3436,3439,3613,3759,3811,3910
479,0.81137,0.79693,0.05972,0.06482,39.37,218,405,465,523,546,810,1179,1182,1396,1364,1522,1900,1875,2020,2020,2020,2020,2399,2220,2648,2646,3001,3013,2996,3436,3439,3613,3759,3811,3910
480,0.81136,0.79649,0.05973,0.06488,39.45,219,405,466,523,546,811,1179,1182,1396,1364,1523,1900,1875,2020,2020,2020,2020,2399,2219,2648,2646,3000,3012,2996,3436,3439,3613,3759,3811,3910
481,0.81154,0.79719,0.0597,0.06477,39.53,219,405,466,524,546,812,1179,1182,1396,1364,1523,1900,1875,2020,2020,2020,2020,2399,2218,2648,2646,3000,3011,2996,3436,3439,3613,3758,3811,3909
482,0.81179,0.79714,0.05966,0.06478,39.61,219,405,466,524,546,813,1179,1182,1396,1365,1523,1900,1875,2020,2020,2020,2020,2399,2218,2648,2646,3000,3010,2995,3436,3439,3613,3758,3811,3909
483,0.81185,0.79705,0.05965,0.0648,39.68,219,405,466,524,547,814,1179,1182,1396,1365,1524,1900,1875,2020,2020,2020,2020,2399,2217,2648,2646,3000,3009,2995,3436,3439,3613,3758,3811,3909
484,0.81191,0.79759,0.05964,0.06471,39.76,219,405,466,524,547,815,1179,1181,1396,1365,1524,1900,1875,2020,2020,2020,2020,2399,2216,2648,2646,3000,3008,2995,3436,3439,3613,3758,3811,3908
485,0.81213,0.79739,0.0596,0.06474,39.83,219,406,466,525,547,816,1179,1181,1396,1366,1524,1900,1875,2020,2020,2020,2020,2399,2215,2648,2646,3000,3007,2994,3436,3439,3613,3758,3811,3908
486,0.8123,0.79768,0.05958,0.0647,39.9,220,406,466,525,547,817,1179,1181,1396,1366,1524,1900,1875,2020,2020,2020,2020,2399,2214,2648,2646,3000,3006,2994,3436,3438,3613,3758,3811,3908
487,0.81235,0.79797,0.05957,0.06465,39.98,220,406,467,525,547,818,1179,1181,1396,1366,1525,1900,1875,2020,2020,2020,2020,2399,2213,2648,2646,3000,3005,2994,3436,3438,3613,3758,3811,3907
488,0.81246,0.79766,0.05955,0.0647,40.06,220,406,467,525,547,819,1179,1181,1396,1367,1525,1901,1875,2020,2020,2020,2020,2399,2212,2648,2646,3000,3004,2994,3436,3438,3613,3758,3811,3907
489,0.81266,0.79814,0.05952,0.06462,40.13,220,406,467,526,547,819,1179,1181,1396,1367,1525,1901,1875,2020,2020,2020,2020,2399,2212,2647,2646,3000,3003,2994,3436,3438,3613,3758,3811,3907
490,0.81279,0.79824,0.0595,0.06461,40.2,220,406,467,526,548,820,1179,1181,1396,1367,1526,1901,1875,2020,2020,2020,2020,2399,2211,2647,2646,3000,3002,2993,3437,3438,3613,3758,3811,3906
491,0.81286,0.79808,0.05949,0.06463,40.28,221,406,467,526,548,821,1179,1181,1397,1368,1526,1901,1875,2020,2020,2020,2020,2399,2210,2647,2646,3000,3000,2993,3437,3438,3613,3758,3811,3906
492,0.81299,0.79855,0.05947,0.06456,40.35,221,407,467,526,548,822,1179,1181,1397,1368,1526,1901,1875,2020,2020,2020,2020,2399,2209,2647,2646,3000,2999,2993,3437,3438,3613,3757,3811,3906
493,0.81315,0.7985,0.05944,0.06456,40.43,221,407,467,527,548,823,1179,1181,1397,1368,1526,1901,1875,2020,2020,2020,2020,2399,2208,2646,2646,3000,2998,2993,3437,3437,3613,3757,3811,3905
494,0.81327,0.79865,0.05942,0.06454,40.5,221,407,468,527,548,824,1179,1181,1397,1368,1527,1901,1875,2020,2020,2020,2020,2399,2207,2646,2646,3000,2997,2993,3437,3437,3613,3757,3811,3905
495,0.81336,0.79895,0.05941,0.06449,40.58,221,407,468,527,548,825,1179,1181,1397,1369,1527,1901,1875,2020,2020,2020,2020,2399,2207,2646,2646,3000,2996,2993,3437,3437,3613,3757,3811,3905
496,0.81347,0.79877,0.05939,0.06452,40.65,221,407,468,527,549,826,1179,1181,1397,1369,1527,1901,1875,2020,2020,2020,2020,2399,2206,2645,2646,3000,2995,2993,3437,3437,3613,3757,3811,3904
497,0.81363,0.79911,0.05937,0.06447,40.73,222,407,468,528,549,827,1179,1181,1398,1369,1527,1901,1875,2020,2020,2020,2020,2399,2205,2645,2646,3000,2994,2992,3437,3437,3613,3757,3811,3904
498,0.81375,0.79919,0.05935,0.06445,40.82,222,407,468,528,549,828,1179,1182,1398,1370,1528,1901,1875,2020,2020,2020,2020,2399,2204,2645,2646,3000,2993,2992,3437,3437,3613,3757,3811,3904
499,0.81384,0.79915,0.05933,0.06446,40.89,222,407,468,528,549,829,1179,1182,1398,1370,1528,1901,1875,2020,2020,2020,2020,2399,2203,2645,2646,3000,2992,2992,3437,3436,3613,3757,3811,3903
500,0.81395,0.79951,0.05931,0.0644,40.97,222,408,469,529,549,830,1179,1182,1398,1370,1528,1901,1875,2020,2020,2020,2020,2399,2202,2646,2646,3000,2991,2992,3437,3436,3613,3757,3811,3903
501,0.81408,0.79944,0.05929,0.06441,41.04,222,408,469,529,549,831,1179,1182,1398,1370,1529,1901,1875,2020,2020,2020,2020,2399,2202,2646,2646,3000,2991,2992,3437,3436,3613,3757,3811,3903
502,0.81421,0.7997,0.05927,0.06437,41.11,223,408,469,529,550,832,1179,1181,1399,1371,1529,1901,1875,2020,2020,2020,2020,2399,2201,2646,2646,3000,2990,2992,3437,3436,3613,3757,3811,3903
503,0.81432,0.79984,0.05926,0.06435,41.18,223,408,469,529,550,832,1179,1181,1399,1371,1529,1901,1875,2020,2020,2020,2020,2399,2200,2646,2646,3000,2989,2992,3437,3436,3613,3757,3811,3902
504,0.81442,0.79979,0.05924,0.06436,41.26,223,408,469,530,550,833,1179,1181,1399,1371,1529,1901,1875,2020,2020,2020,2020,2399,2199,2646,2646,3000,2988,2992,3437,3436,3613,3756,3811,3902
505,0.81454,0.80008,0.05922,0.06431,41.35,223,408,469,530,550,834,1179,1181,1399,1371,1530,1901,1875,2020,2020,2020,2020,2399,2198,2646,2646,3000,2987,2992,3437,3436,3613,3756,3811,3902
506,0.81466,0.80003,0.0592,0.06432,41.43,223,408,469,530,550,835,1179,1181,1399,1372,1530,1901,1875,2020,2020,2020,2020,2399,2197,2647,2646,3000,2987,2992,3437,3436,3613,3756,3811,3901
507,0.81479,0.80024,0.05918,0.06429,41.5,224,409,470,530,550,836,1179,1181,1399,1372,1530,1901,1875,2020,2020,2020,2020,2399,2196,2647,2646,3000,2986,2992,3437,3436,3613,3756,3811,3901
508,0.8149,0.80037,0.05916,0.06426,41.57,224,409,470,531,550,837,1179,1181,1400,1372,1530,1900,1875,2020,2020,2020,2020,2399,2195,2647,2646,3000,2985,2993,3437,3436,3613,3756,3811,3901
509,0.81501,0.80038,0.05915,0.06426,41.65,224,409,470,531,551,838,1179,1181,1400,1372,1531,1900,1875,2020,2020,2020,2020,2399,2194,2647,2646,3000,2985,2993,3437,3436,3613,3756,3811,3900
510,0.81511,0.80074,0.05913,0.0642,41.72,224,409,470,531,551,839,1179,1181,1400,1373,1531,1900,1875,2020,2020,2020,2020,2398,2193,2646,2646,3000,2984,2993,3437,3436,3613,3756,3811,3900
511,0.8152,0.80053,0.05912,0.06424,41.79,224,409,470,531,551,840,1179,1181,1400,1373,1531,1900,1875,2020,2020,2020,2020,2399,2192,2646,2646,3000,2983,2993,3437,3436,3613,3756,3811,3900
512,0.81527,0.80106,0.0591,0.06415,41.87,224,409,470,532,551,841,1179,1181,1400,1373,1532,1900,1875,2020,2020,2020,2020,2399,2191,2646,2646,3000,2983,2993,3437,3436,3613,3756,3811,3900
513,0.81538,0.8008,0.05909,0.0642,41.93,225,409,470,532,551,842,1179,1181,1401,1373,1532,1900,1875,2020,2020,2020,2020,2399,2190,2646,2646,3000,2982,2993,3437,3436,3613,3756,3811,3899
514,0.81551,0.80137,0.05906,0.0641,42.01,225,409,471,532,551,843,1179,1181,1401,1374,1532,1900,1875,2020,2020,2020,2020,2399,2189,2646,2646,3000,2982,2993,3437,3436,3613,3756,3810,3899
515,0.81566,0.80123,0.05904,0.06413,42.08,225,410,471,532,552,844,1179,1181,1401,1374,1533,1900,1875,2020,2020,2020,2020,2399,2188,2646,2646,3000,2981,2993,3437,3436,3613,3756,3810,3899
516,0.8158,0.80148,0.05902,0.06408,42.15,225,410,471,533,552,845,1179,1182,1402,1374,1533,1900,1875,2020,2020,2020,2020,2399,2187,2646,2646,3000,2981,2993,3437,3437,3613,3756,3810,3898
517,0.81591,0.80155,0.059,0.06407,42.23,225,410,471,533,552,846,1179,1182,1402,1375,1533,1900,1875,2020,2020,2020,2020,2399,2186,2646,2646,3000,2980,2993,3437,3437,3613,3756,3810,3898
518,0.81599,0.80146,0.05899,0.06409,42.3,226,410,471,533,552,847,1179,1182,1402,1375,1533,1901,1875,2020,2020,2020,2020,2399,2185,2646,2646,3000,2980,2993,3437,3437,3613,3755,3810,3898
519,0.81608,0.80185,0.05897,0.06403,42.38,226,410,471,534,552,848,1179,1182,1402,1375,1534,1901,1875,2020,2020,2020,2020,2399,2183,2646,2646,3000,2980,2994,3437,3437,3613,3755,3810,3898
520,0.81618,0.80171,0.05896,0.06405,42.47,226,410,471,534,552,849,1179,1182,1402,1376,1534,1901,1875,2020,2020,2020,2020,2399,2182,2646,2646,3000,2979,2994,3437,3437,3613,3755,3810,3897
521,0.8163,0.80222,0.05894,0.06397,42.55,226,410,472,534,553,850,1179,1182,1402,1376,1534,1901,1875,2020,2020,2020,2020,2399,2181,2646,2646,3000,2979,2994,3437,3437,3613,3755,3810,3897
522,0.81642,0.8021,0.05892,0.06399,42.61,226,410,472,534,553,851,1179,1182,1402,1376,1534,1901,1875,2020,2020,2020,2020,2399,2180,2646,2646,3000,2978,2994,3437,3437,3613,3755,3810,3897
523,0.81654,0.80241,0.0589,0.06393,42.7,227,411,472,535,553,852,1179,1182,1402,1377,1535,1901,1875,2020,2020,2020,2020,2398,2180,2646,2646,3000,2978,2994,3437,3437,3613,3755,3810,3896
524,0.81666,0.80235,0.05888,0.06394,42.77,227,411,472,535,553,852,1179,1182,1403,1377,1535,1901,1875,2020,2020,2020,2020,2398,2179,2646,2646,3000,2977,2994,3437,3437,3613,3755,3810,3896
525,0.81677,0.80246,0.05886,0.06393,42.86,227,411,472,535,553,853,1179,1182,1403,1377,1535,1901,1875,2020,2020,2020,2020,2399,2178,2646,2646,3000,2977,2994,3437,3437,3613,3755,3810,3896
526,0.81687,0.80259,0.05885,0.06391,42.92,227,411,472,535,553,854,1179,1182,1403,1378,1535,1901,1875,2020,2020,2020,2020,2399,2177,2646,2646,3000,2977,2994,3437,3437,3613,3755,3810,3896
527,0.81696,0.80261,0.05883,0.0639,43.0,227,411,472,536,554,855,1179,1182,1403,1378,1536,1901,1875,2020,2020,2020,2020,2399,2176,2646,2646,3000,2976,2994,3437,3437,3613,3755,3810,3895
528,0.81705,0.80292,0.05882,0.06385,43.09,227,411,472,536,554,856,1179,1182,1403,1378,1536,1901,1875,2020,2020,2020,2020,2399,2175,2646,2646,3000,2976,2994,3437,3437,3613,3755,3810,3895
529,0.81714,0.80284,0.0588,0.06387,43.16,228,411,473,536,554,857,1179,1182,1403,1379,1536,1901,1875,2020,2020,2020,2020,2399,2174,2646,2646,3000,2975,2994,3437,3437,3613,3755,3810,3895
530,0.81722,0.8032,0.05879,0.06381,43.23,228,411,473,536,554,858,1179,1182,1403,1379,1537,1901,1875,2020,2020,2020,2020,2399,2173,2646,2646,3000,2975,2994,3437,3437,3613,3755,3810,3895
531,0.81729,0.80293,0.05878,0.06385,43.31,228,411,473,537,554,859,1179,1182,1403,1379,1537,1901,1875,2020,2020,2020,2020,2399,2172,2646,2646,3000,2974,2994,3437,3437,3613,3755,3810,3894
532,0.81736,0.80335,0.05877,0.06378,43.39,228,412,473,537,554,860,1179,1182,1403,1379,1537,1901,1875,2020,2020,2020,2020,2398,2171,2646,2646,3000,2974,2994,3437,3437,3613,3755,3810,3894
533,0.8174,0.80289,0.05876,0.06386,43.47,228,412,473,537,555,861,1179,1182,1403,1380,1538,1901,1875,2020,2020,2020,2020,2399,2169,2646,2646,3000,2973,2994,3437,3437,3613,3755,3810,3894
534,0.81742,0.80352,0.05876,0.06375,43.55,229,412,473,537,555,862,1179,1182,1403,1380,1538,1900,1875,2020,2020,2020,2020,2398,2169,2646,2646,3000,2973,2995,3437,3437,3613,3755,3810,3893
535,0.81742,0.80289,0.05876,0.06386,43.63,229,412,473,538,555,863,1179,1182,1403,1380,1538,1901,1875,2020,2020,2020,2020,2398,2168,2646,2646,3000,2972,2994,3437,3437,3613,3755,3810,3893
536,0.81745,0.80377,0.05875,0.06371,43.71,229,412,474,538,555,864,1179,1182,1403,1381,1539,1900,1875,2020,2020,2020,2020,2398,2167,2646,2646,3000,2972,2995,3437,3437,3613,3755,3810,3893
537,0.81753,0.80307,0.05874,0.06383,43.78,229,412,474,538,555,865,1179,1182,1403,1381,1539,1900,1875,2020,2020,2020,2020,2398,2166,2646,2646,3000,2972,2995,3437,3437,3613,3755,3810,3893
538,0.81772,0.80404,0.05871,0.06367,43.86,229,412,474,539,555,866,1179,1182,1403,1381,1539,1900,1875,2020,2020,2020,2020,2398,2165,2646,2646,3000,2972,2995,3437,3437,3613,3755,3810,3892
539,0.81796,0.80363,0.05867,0.06374,43.94,230,412,474,539,556,867,1179,1182,1403,1382,1540,1900,1875,2020,2020,2020,2020,2398,2163,2646,2646,3000,2971,2995,3437,3437,3613,3755,3810,3892
540,0.81818,0.80415,0.05864,0.06365,44.02,230,412,474,539,556,868,1179,1182,1403,1382,1540,1900,1875,2020,2020,2020,2020,2398,2162,2646,2646,3000,2971,2995,3437,3437,3613,3755,3810,3892
541,0.81829,0.80415,0.05862,0.06365,44.11,230,413,474,539,556,869,1179,1182,1403,1382,1540,1900,1875,2020,2020,2020,2020,2398,2161,2646,2646,3000,2971,2995,3437,3437,3613,3755,3810,3892
542,0.81831,0.80395,0.05861,0.06369,44.2,230,413,475,540,556,870,1179,1182,1403,1383,1540,1900,1875,2020,2020,2020,2020,2398,2160,2646,2646,2999,2970,2995,3437,3437,3613,3755,3810,3891
543,0.81831,0.80442,0.05861,0.06361,44.27,230,413,475,540,556,871,1179,1182,1403,1383,1541,1900,1875,2020,2020,2020,2020,2398,2159,2646,2646,3000,2970,2995,3437,3437,3613,3755,3810,3891
544,0.81834,0.80394,0.05861,0.06369,44.34,231,413,475,540,556,872,1179,1182,1403,1383,1541,1900,1875,2020,2020,2020,2020,2398,2157,2646,2646,2999,2970,2995,3437,3437,3613,3755,3810,3891
545,0.81846,0.80466,0.05859,0.06357,44.41,231,413,475,540,557,873,1179,1182,1403,1384,1541,1900,1875,2020,2020,2020,2020,2398,2156,2646,2646,2999,2969,2995,3437,3437,3613,3755,3810,3891
546,0.81862,0.80433,0.05857,0.06362,44.49,231,413,475,541,557,874,1179,1182,1403,1384,1542,1900,1875,2020,2020,2020,2020,2398,2155,2646,2646,2999,2969,2995,3437,3437,3613,3755,3809,3890
547,0.81878,0.80478,0.05854,0.06355,44.56,231,413,475,541,557,875,1179,1182,1403,1384,1542,1900,1875,2020,2020,2020,2020,2398,2154,2646,2646,2999,2969,2995,3437,3437,3613,3755,3809,3890
548,0.81889,0.80473,0.05852,0.06356,44.64,231,413,475,541,557,876,1179,1182,1403,1385,1542,1900,1875,2020,2020,2020,2020,2398,2154,2646,2646,2999,2969,2995,3437,3437,3613,3755,3809,3890
549,0.81895,0.80467,0.05851,0.06357,44.72,231,414,476,541,557,877,1179,1182,1403,1385,1543,1900,1875,2020,2020,2020,2020,2398,2153,2646,2646,2999,2968,2995,3437,3437,3613,3755,3809,3889
550,0.81898,0.80499,0.05851,0.06352,44.8,232,414,476,542,558,878,1179,1182,1403,1385,1543,1900,1875,2020,2020,2020,2020,2398,2152,2646,2646,2999,2968,2995,3437,3437,3613,3755,3809,3889
551,0.81901,0.80467,0.0585,0.06357,44.87,232,414,476,542,558,879,1179,1182,1403,1386,1543,1900,1875,2020,2020,2020,2020,2398,2151,2646,2646,2999,2968,2995,3437,3437,3613,3755,3809,3889
552,0.81909,0.80523,0.05849,0.06348,44.95,232,414,476,542,558,880,1179,1182,1403,1386,1544,1900,1875,2020,2020,2020,2020,2398,2150,2646,2646,2999,2967,2995,3437,3437,3613,3755,3809,3889
553,0.81919,0.80492,0.05847,0.06353,45.03,232,414,476,542,558,881,1179,1182,1403,1387,1544,1900,1875,2020,2020,2020,2020,2398,2149,2646,2646,2999,2967,2995,3436,3437,3613,3755,3809,3888
554,0.81932,0.80538,0.05845,0.06345,45.1,232,414,476,543,558,882,1179,1182,1403,1387,1544,1900,1875,2020,2020,2020,2020,2398,2148,2646,2646,2999,2967,2995,3436,3437,3613,3755,3809,3888
555,0.81943,0.80525,0.05843,0.06347,45.17,233,414,476,543,558,883,1179,1182,1402,1387,1545,1900,1875,2020,2020,2020,2020,2398,2147,2646,2646,2999,2966,2995,3436,3437,3613,3755,3809,3888
556,0.81952,0.80539,0.05842,0.06345,45.24,233,414,477,543,559,884,1179,1182,1402,1388,1545,1900,1875,2020,2020,2020,2020,2398,2146,2646,2646,2999,2966,2995,3436,3437,3613,3755,3809,3888
557,0.81959,0.80552,0.05841,0.06343,45.32,233,414,477,544,559,885,1179,1182,1402,1388,1545,1900,1875,2020,2020,2020,2020,2398,2145,2646,2646,2999,2966,2995,3436,3437,3613,3755,3809,3887
558,0.81963,0.8054,0.0584,0.06345,45.39,233,414,477,544,559,886,1179,1182,1402,1388,1546,1900,1875,2020,2020,2020,2020,2398,2144,2646,2646,2999,2965,2995,3436,3437,3613,3755,3809,3887
559,0.81968,0.80577,0.05839,0.06339,45.46,233,415,477,544,559,887,1179,1182,1402,1389,1546,1900,1875,2020,2020,2020,2020,2398,2143,2646,2646,2999,2965,2995,3436,3437,3613,3755,3809,3887
560,0.81974,0.8055,0.05838,0.06343,45.54,234,415,477,544,559,888,1179,1182,1402,1389,1546,1900,1875,2020,2020,2020,2020,2398,2142,2646,2646,2999,2965,2994,3436,3437,3613,3755,3809,3887
561,0.81981,0.80596,0.05837,0.06336,45.62,234,415,477,545,559,889,1179,1182,1402,1389,1547,1900,1875,2020,2020,2020,2020,2398,2141,2646,2646,2999,2965,2995,3436,3437,3613,3755,3809,3886
562,0.8199,0.80566,0.05836,0.06341,45.69,234,415,477,545,560,890,1179,1182,1402,1390,1547,1901,1875,2020,2020,2020,2020,2398,2141,2646,2646,2999,2964,2994,3436,3437,3613,3755,3809,3886
563,0.82,0.80605,0.05834,0.06334,45.76,234,415,478,545,560,891,1179,1182,1402,1390,1547,1901,1875,2020,2020,2020,2020,2398,2140,2646,2646,2999,2964,2994,3436,3437,3613,3755,3809,3886
564,0.82009,0.80586,0.05833,0.06337,45.83,234,415,478,545,560,892,1179,1182,1402,1391,1548,1901,1875,2020,2020,2020,2020,2398,2139,2646,2645,2999,2964,2994,3436,3436,3613,3755,3809,3885
565,0.82018,0.80615,0.05831,0.06333,45.9,235,415,478,546,560,893,1179,1182,1402,1391,1548,1901,1875,2020,2020,2020,2020,2398,2139,2646,2645,2999,2963,2994,3436,3437,3613,3754,3809,3885
566,0.82026,0.80611,0.0583,0.06333,45.98,235,415,478,546,560,894,1179,1182,1402,1392,1548,1901,1875,2020,2020,2020,2020,2398,2138,2646,2645,2999,2963,2994,3436,3436,3613,3754,3809,3885
567,0.82034,0.80631,0.05829,0.0633,46.06,235,415,478,546,561,895,1179,1182,1402,1392,1549,1901,1875,2020,2020,2020,2020,2398,2138,2646,2645,2999,2963,2994,3436,3436,3613,3754,3809,3885
568,0.82041,0.80638,0.05827,0.06329,46.12,235,416,478,546,561,896,1179,1182,1402,1393,1549,1901,1875,2020,2020,2020,2020,2398,2137,2646,2645,2999,2963,2994,3436,3436,3613,3754,3809,3884
569,0.82048,0.80645,0.05826,0.06328,46.21,235,416,479,547,561,897,1179,1182,1402,1394,1549,1901,1875,2020,2020,2020,2020,2398,2137,2646,2645,2999,2962,2994,3436,3436,3613,3754,3809,3884
570,0.82055,0.80661,0.05825,0.06325,46.29,235,416,479,547,561,898,1179,1182,1402,1394,1550,1901,1875,2020,2020,2020,2020,2398,2136,2646,2645,2999,2962,2994,3436,3436,3613,3754,3809,3884
571,0.82061,0.80656,0.05824,0.06326,46.36,236,416,479,547,561,899,1179,1182,1402,1395,1550,1901,1875,2020,2020,2020,2020,2398,2136,2646,2645,2999,2962,2994,3436,3436,3613,3754,3809,3884
572,0.82068,0.80678,0.05823,0.06322,46.43,236,416,479,547,561,900,1179,1182,1402,1395,1550,1901,1875,2020,2020,2020,2020,2398,2135,2646,2645,2999,2962,2994,3436,3436,3613,3754,3809,3883
573,0.82073,0.80662,0.05822,0.06325,46.5,236,416,479,548,562,901,1179,1182,1402,1396,1551,1901,1875,2020,2020,2020,2020,2398,2135,2646,2645,2999,2961,2994,3436,3436,3613,3754,3809,3883
574,0.82078,0.80695,0.05822,0.0632,46.58,236,416,479,548,562,902,1179,1182,1402,1397,1551,1901,1875,2020,2020,2020,2020,2398,2134,2646,2645,2999,2961,2994,3436,3436,3613,3754,3809,3883
575,0.8208,0.80666,0.05821,0.06324,46.65,236,416,480,548,562,903,1179,1182,1402,1397,1551,1901,1875,2020,2020,2020,2020,2398,2134,2646,2645,2999,2961,2994,3436,3436,3613,3753,3809,3882
576,0.82082,0.80714,0.05821,0.06317,46.74,237,416,480,548,562,904,1179,1182,1402,1398,1552,1901,1875,2020,2020,2020,2020,2398,2134,2646,2645,2999,2961,2994,3436,3436,3613,3753,3809,3882
577,0.8208,0.80663,0.05821,0.06325,46.82,237,416,480,549,562,905,1179,1182,1402,1399,1552,1901,1875,2020,2020,2020,2020,2398,2133,2646,2645,2999,2960,2994,3436,3436,3613,3753,3809,3882
578,0.82085,0.80716,0.0582,0.06316,46.89,237,417,480,549,563,906,1179,1182,1402,1400,1552,1901,1875,2020,2020,2020,2020,2398,2133,2646,2645,2999,2960,2994,3436,3436,3613,3753,3809,3882
579,0.82084,0.80637,0.05821,0.06329,46.96,237,417,480,549,563,907,1179,1182,1402,1402,1553,1901,1875,2020,2020,2020,2020,2398,2132,2646,2645,2999,2960,2994,3436,3436,3613,3753,3809,3881
580,0.82078,0.80722,0.05821,0.06315,47.03,237,417,480,550,563,908,1179,1182,1402,1404,1553,1900,1875,2020,2020,2020,2020,2398,2132,2646,2645,2999,2960,2994,3436,3436,3613,3753,3809,3881
581,0.82073,0.80647,0.05822,0.06328,47.11,238,417,481,550,563,909,1179,1182,1402,1406,1553,1900,1875,2020,2020,2020,2020,2398,2132,2646,2645,2999,2960,2993,3436,3436,3613,3753,3809,3881
582,0.82083,0.80754,0.05821,0.0631,47.19,238,417,481,550,563,910,1179,1182,1402,1407,1553,1900,1875,2020,2020,2020,2020,2398,2131,2646,2645,2999,2960,2994,3436,3437,3613,3753,3809,3880
583,0.82106,0.80693,0.05817,0.0632,47.27,238,417,481,550,563,911,1179,1182,1402,1409,1554,1900,1875,2020,2020,2020,2020,2398,2131,2646,2645,2999,2960,2993,3436,3436,3613,3753,3809,3880
584,0.82137,0.80765,0.05812,0.06308,47.35,238,417,481,551,564,912,1179,1182,1402,1410,1554,1900,1875,2020,2020,2020,2020,2398,2131,2646,2645,2999,2960,2993,3436,3436,3613,3753,3809,3880
585,0.82155,0.80742,0.05809,0.06312,47.42,238,417,481,551,564,913,1179,1182,1402,1411,1554,1901,1875,2020,2020,2020,2020,2398,2131,2646,2645,2999,2959,2993,3436,3436,3613,3753,3809,3880
586,0.82155,0.80722,0.05809,0.06315,47.49,239,417,481,551,564,914,1179,1182,1402,1412,1555,1901,1875,2020,2020,2020,2020,2398,2130,2646,2645,2998,2959,2993,3436,3436,3613,3752,3809,3879
587,0.82147,0.80758,0.0581,0.06309,47.56,239,417,482,551,564,915,1179,1182,1402,1413,1555,1901,1875,2020,2020,2020,2020,2398,2130,2646,2645,2999,2959,2993,3436,3436,3613,3752,3809,3879
588,0.82143,0.80708,0.05811,0.06318,47.63,239,418,482,552,564,916,1179,1182,1402,1414,1555,1901,1875,2020,2020,2020,2020,2398,2130,2646,2644,2998,2959,2993,3436,3436,3613,3752,3809,3879
589,0.82152,0.80797,0.05809,0.06303,47.71,239,418,482,552,565,916,1179,1182,1402,1415,1556,1900,1875,2020,2020,2020,2020,2398,2130,2646,2644,2999,2959,2993,3436,3437,3613,3752,3809,3878
590,0.82171,0.80766,0.05806,0.06308,47.77,239,418,482,552,565,917,1179,1182,1402,1416,1556,1901,1875,2020,2020,2020,2020,2398,2130,2646,2644,2998,2959,2993,3436,3436,3613,3752,3809,3878
591,0.82189,0.80812,0.05803,0.063,47.84,240,418,482,552,565,918,1179,1182,1402,1416,1557,1901,1875,2020,2020,2020,2020,2398,2129,2646,2644,2998,2959,2993,3436,3436,3613,3752,3809,3878
592,0.82197,0.80808,0.05802,0.06301,47.92,240,418,482,553,565,919,1179,1182,1402,1417,1557,1901,1875,2020,2020,2020,2020,2398,2129,2646,2644,2998,2959,2993,3436,3436,3613,3752,3809,3878
593,0.82194,0.80769,0.05803,0.06307,48.0,240,418,482,553,565,920,1179,1182,1402,1418,1557,1901,1875,2020,2020,2020,2020,2398,2129,2646,2643,2998,2958,2993,3436,3436,3613,3752,3809,3877
594,0.82192,0.80809,0.05803,0.06301,48.07,240,418,483,553,566,921,1179,1182,1402,1418,1558,1901,1875,2020,2020,2020,2020,2398,2129,2646,2643,2998,2958,2993,3436,3436,3613,3752,3809,3877
595,0.82197,0.80767,0.05802,0.06308,48.16,240,418,483,553,566,922,1179,1182,1402,1419,1558,1901,1875,2020,2020,2020,2020,2398,2128,2646,2643,2998,2958,2993,3436,3436,3613,3752,3809,3877
596,0.82211,0.80835,0.058,0.06297,48.24,241,418,483,554,566,923,1179,1182,1402,1419,1558,1901,1875,2020,2020,2020,2020,2398,2128,2646,2642,2999,2958,2993,3435,3436,3613,3752,3809,3876
597,0.82224,0.80827,0.05798,0.06298,48.32,241,418,483,554,566,924,1179,1182,1402,1420,1559,1901,1875,2020,2020,2020,2020,2398,2128,2646,2642,2998,2958,2992,3435,3436,3613,3752,3809,3876
598,0.82232,0.80848,0.05796,0.06295,48.4,241,419,483,554,566,925,1179,1182,1402,1420,1559,1901,1875,2020,2020,2020,2020,2398,2128,2646,2642,2998,2958,2992,3435,3436,3613,3752,3809,3876
599,0.82236,0.80857,0.05796,0.06293,48.48,241,419,483,554,567,926,1179,1182,1402,1421,1559,1901,1875,2020,2020,2020,2020,2398,2128,2646,2642,2999,2958,2992,3435,3436,3613,3752,3809,3876
600,0.82237,0.80825,0.05796,0.06298,48.56,241,419,484,555,567,927,1179,1182,1402,1421,1560,1901,1875,2020,2020,2020,2020,2398,2127,2646,2641,2998,2958,2992,3435,3436,3613,3752,3809,3875
601,0.82241,0.80859,0.05795,0.06293,48.64,242,419,484,555,567,928,1179,1182,1402,1422,1560,1901,1875,2020,2020,2020,2020,2398,2127,2646,2641,2998,2958,2992,3435,3436,3613,3752,3809,3875
602,0.82248,0.80832,0.05794,0.06297,48.72,242,419,484,555,567,929,1179,1182,1402,1422,1560,1901,1875,2020,2020,2020,2020,2398,2127,2646,2641,2998,2958,2992,3434,3436,3613,3752,3809,3875
603,0.82258,0.80876,0.05792,0.0629,48.8,242,419,484,555,567,930,1179,1182,1402,1422,1561,1901,1875,2020,2020,2020,2020,2398,2127,2646,2640,2998,2958,2992,3434,3436,3613,3752,3809,3874
604,0.82266,0.80875,0.05791,0.0629,48.9,242,419,484,556,568,931,1179,1182,1402,1423,1561,1901,1875,2020,2020,2020,2020,2398,2127,2646,2640,2998,2957,2992,3434,3436,3613,3751,3809,3874
605,0.82272,0.80885,0.0579,0.06288,49.0,242,419,484,556,568,932,1179,1182,1402,1423,1561,1901,1875,2020,2020,2020,2020,2398,2127,2646,2640,2998,2957,2992,3434,3436,3613,3751,3809,3874
606,0.82276,0.80899,0.05789,0.06286,49.08,242,419,484,556,568,933,1179,1182,1402,1423,1562,1901,1875,2020,2020,2020,2020,2398,2127,2646,2639,2998,2957,2992,3434,3436,3613,3751,3809,3874
607,0.8228,0.80877,0.05789,0.0629,49.15,243,419,485,556,568,934,1179,1182,1402,1424,1562,1901,1875,2020,2020,2020,2020,2398,2127,2646,2639,2998,2957,2992,3434,3436,3613,3751,3809,3873
608,0.82285,0.80904,0.05788,0.06285,49.24,243,419,485,557,568,935,1179,1182,1402,1424,1562,1901,1875,2020,2020,2020,2020,2398,2127,2646,2638,2998,2957,2992,3434,3436,3613,3751,3809,3873
609,0.82291,0.80883,0.05787,0.06289,49.31,243,420,485,557,568,936,1179,1182,1402,1424,1563,1901,1875,2020,2020,2020,2020,2398,2127,2646,2638,2998,2957,2991,3434,3436,3613,3751,3809,3873
610,0.82299,0.80917,0.05786,0.06283,49.39,243,420,485,557,569,937,1179,1182,1402,1424,1563,1901,1875,2020,2020,2020,2020,2398,2127,2646,2638,2998,2957,2991,3434,3436,3613,3751,3809,3872
611,0.82306,0.80912,0.05784,0.06284,49.47,243,420,485,557,569,938,1179,1182,1402,1425,1563,1900,1875,2020,2020,2020,2020,2398,2127,2645,2638,2998,2957,2991,3434,3436,3613,3751,3809,3872
612,0.82312,0.8093,0.05783,0.06281,49.54,244,420,485,558,569,939,1179,1182,1402,1425,1564,1900,1875,2020,2020,2020,2020,2398,2127,2645,2638,2998,2957,2991,3434,3436,3613,3751,3809,3872
613,0.82318,0.80936,0.05782,0.0628,49.62,244,420,486,558,569,940,1179,1182,1402,1425,1564,1900,1875,2020,2020,2020,2020,2398,2127,2645,2638,2998,2957,2991,3434,3436,3613,3751,3809,3872
614,0.82323,0.8093,0.05782,0.06281,49.69,244,420,486,558,569,941,1179,1182,1402,1425,1565,1900,1875,2020,2020,2020,2020,2398,2127,2645,2638,2998,2957,2991,3434,3436,3613,3751,3809,3871
615,0.82328,0.80947,0.05781,0.06278,49.77,244,420,486,558,570,942,1179,1182,1402,1426,1565,1900,1875,2020,2020,2020,2020,2398,2128,2645,2638,2998,2957,2991,3434,3436,3613,3751,3809,3871
616,0.82332,0.80936,0.0578,0.0628,49.85,244,420,486,559,570,943,1179,1182,1402,1426,1565,1900,1875,2020,2020,2020,2020,2398,2128,2645,2638,2998,2957,2991,3434,3436,3613,3751,3809,3871
617,0.82338,0.80964,0.05779,0.06275,49.92,245,420,486,559,570,944,1179,1182,1402,1426,1566,1900,1875,2020,2020,2020,2020,2398,2128,2645,2638,2998,2957,2991,3434,3436,3613,3751,3809,3870
618,0.82343,0.80951,0.05778,0.06278,50.01,245,420,486,559,570,945,1179,1182,1402,1426,1566,1900,1875,2020,2020,2020,2020,2398,2128,2645,2638,2998,2957,2991,3433,3436,3613,3751,3809,3870
619,0.82349,0.80976,0.05777,0.06273,50.08,245,420,487,559,570,946,1179,1182,1402,1426,1566,1900,1875,2020,2020,2020,2020,2398,2128,2645,2638,2998,2957,2991,3433,3436,3613,3751,3809,3870
620,0.82355,0.80965,0.05776,0.06275,50.16,245,421,487,560,571,947,1179,1182,1402,1426,1567,1900,1875,2020,2020,2020,2020,2398,2128,2645,2638,2998,2957,2991,3433,3436,3613,3751,3809,3869
621,0.82361,0.80985,0.05775,0.06272,50.24,245,421,487,560,571,948,1179,1182,1402,1426,1567,1900,1875,2020,2020,2020,2020,2398,2128,2645,2639,2998,2957,2991,3433,3436,3613,3751,3809,3869
622,0.82367,0.8098,0.05774,0.06273,50.33,246,421,487,560,571,949,1179,1182,1402,1426,1567,1900,1875,2020,2020,2020,2020,2398,2128,2645,2639,2998,2957,2991,3433,3436,3613,3751,3809,3869
623,0.82373,0.80996,0.05773,0.0627,50.41,246,421,487,560,571,950,1179,1182,1402,1427,1568,1900,1875,2020,2020,2020,2020,2398,2128,2645,2639,2998,2957,2991,3432,3436,3613,3751,3809,3869
624,0.82378,0.80999,0.05773,0.0627,50.49,246,421,487,561,571,950,1179,1182,1402,1427,1568,1900,1875,2020,2020,2020,2020,2398,2127,2645,2639,2998,2957,2991,3432,3435,3613,3751,3809,3868
625,0.82384,0.81008,0.05772,0.06268,50.58,246,421,488,561,572,951,1179,1182,1402,1427,1568,1900,1875,2020,2020,2020,2020,2398,2127,2645,2639,2998,2957,2991,3432,3435,3613,3751,3809,3868
626,0.82389,0.81011,0.05771,0.06268,50.65,246,421,488,561,572,952,1179,1182,1402,1427,1569,1900,1875,2020,2020,2020,2020,2398,2127,2645,2639,2998,2957,2991,3432,3435,3613,3751,3809,3868
627,0.82394,0.81015,0.0577,0.06267,50.73,247,421,488,562,572,953,1179,1182,1402,1427,1569,1900,1875,2020,2020,2020,2020,2398,2127,2644,2639,2998,2957,2990,3432,3435,3613,3751,3809,3867
628,0.82399,0.81022,0.05769,0.06266,50.81,247,421,488,562,572,954,1179,1182,1402,1427,1570,1900,1875,2020,2020,2020,2020,2398,2127,2644,2639,2998,2957,2990,3432,3435,3613,3751,3809,3867
629,0.82404,0.81024,0.05768,0.06266,50.87,247,421,488,562,573,955,1179,1182,1402,1427,1570,1900,1875,2020,2020,2020,2020,2398,2127,2644,2639,2998,2957,2990,3432,3435,3613,3751,3809,3867
630,0.82409,0.81037,0.05768,0.06263,50.95,247,421,488,562,573,956,1179,1182,1402,1427,1570,1900,1875,2020,2020,2020,2020,2398,2127,2643,2639,2998,2957,2990,3432,3434,3613,3751,3809,3867
631,0.82413,0.81035,0.05767,0.06264,51.03,247,422,489,563,573,957,1179,1182,1402,1427,1571,1900,1875,2020,2020,2020,2020,2398,2127,2643,2639,2998,2957,2990,3432,3434,3613,3751,3809,3866
632,0.82418,0.81049,0.05766,0.06261,51.11,248,422,489,563,573,958,1179,1182,1402,1427,1571,1901,1875,2020,2020,2020,2020,2398,2127,2642,2639,2998,2957,2990,3432,3434,3613,3751,3809,3866
633,0.82423,0.8104,0.05765,0.06263,51.19,248,422,489,563,573,959,1179,1182,1402,1427,1571,1901,1875,2020,2020,2020,2020,2398,2127,2642,2639,2998,2957,2990,3431,3434,3613,3751,3809,3866
634,0.82427,0.81061,0.05765,0.06259,51.27,248,422,489,563,574,960,1179,1182,1402,1427,1572,1901,1875,2020,2020,2020,2020,2398,2128,2641,2639,2998,2957,2989,3431,3434,3613,3751,3809,3865
635,0.8243,0.81044,0.05764,0.06262,51.36,248,422,489,564,574,961,1179,1182,1402,1427,1572,1901,1875,2020,2020,2020,2020,2398,2128,2641,2638,2998,2957,2989,3431,3434,3613,3751,3809,3865
636,0.82432,0.81075,0.05764,0.06257,51.44,248,422,489,564,574,962,1179,1182,1402,1427,1572,1901,1875,2020,2020,2020,2020,2398,2128,2640,2638,2998,2957,2989,3431,3434,3613,3751,3809,3865
637,0.82431,0.81041,0.05764,0.06263,51.51,249,422,490,564,574,963,1179,1182,1402,1427,1573,1901,1875,2020,2020,2020,2020,2398,2128,2639,2638,2998,2957,2989,3430,3434,3613,3751,3809,3864
638,0.82428,0.81086,0.05764,0.06255,51.59,249,422,490,564,574,964,1179,1182,1402,1427,1573,1901,1875,2020,2020,2020,2020,2398,2128,2639,2639,2998,2957,2989,3430,3434,3613,3751,3809,3864
639,0.82418,0.81016,0.05766,0.06267,51.67,249,422,490,565,575,965,1179,1182,1402,1427,1574,1901,1875,2020,2020,2020,2020,2398,2127,2638,2639,2998,2957,2989,3430,3434,3613,3751,3809,3864
640,0.82405,0.81081,0.05768,0.06256,51.74,249,422,490,565,575,966,1179,1182,1402,1427,1574,1901,1875,2020,2020,2020,2020,2398,2128,2638,2639,2998,2957,2989,3430,3434,3613,3751,3809,3864
641,0.8239,0.80974,0.05771,0.06274,51.83,249,422,490,565,575,967,1179,1182,1402,1427,1574,1901,1875,2020,2020,2020,2020,2398,2127,2637,2639,2998,2957,2989,3429,3434,3613,3751,3809,3863
642,0.82387,0.81078,0.05771,0.06257,51.9,250,423,491,565,575,968,1179,1182,1402,1427,1575,1901,1875,2020,2020,2020,2020,2398,2128,2637,2639,2998,2957,2989,3429,3434,3613,3751,3809,3863
643,0.82403,0.80993,0.05768,0.06271,51.98,250,423,491,566,575,969,1179,1182,1402,1428,1575,1901,1875,2020,2020,2020,2020,2398,2127,2636,2639,2998,2957,2989,3429,3434,3613,3751,3809,3863
644,0.82441,0.81115,0.05762,0.0625,52.06,250,423,491,566,576,970,1179,1182,1402,1428,1575,1901,1875,2020,2020,2020,2020,2398,2127,2636,2639,2998,2957,2989,3429,3434,3613,3751,3809,3862
645,0.82475,0.81094,0.05757,0.06254,52.13,250,423,491,566,576,971,1179,1182,1402,1428,1576,1901,1875,2020,2020,2020,2020,2398,2127,2635,2639,2998,2957,2989,3429,3434,3613,3751,3809,3862
646,0.82486,0.81109,0.05755,0.06251,52.2,250,423,491,566,576,972,1179,1182,1402,1428,1576,1901,1875,2020,2020,2020,2020,2398,2127,2635,2639,2998,2957,2989,3428,3434,3613,3751,3809,3862
647,0.82474,0.81127,0.05757,0.06249,52.28,251,423,491,567,576,973,1179,1182,1402,1428,1577,1901,1875,2020,2020,2020,2020,2398,2127,2634,2639,2998,2957,2989,3428,3435,3613,3751,3809,3862
648,0.82458,0.81055,0.05759,0.0626,52.35,251,423,492,567,577,974,1179,1182,1403,1428,1577,1901,1875,2020,2020,2020,2020,2398,2127,2634,2639,2998,2957,2989,3428,3435,3613,3751,3809,3861
649,0.8246,0.81132,0.05759,0.06248,52.44,251,423,492,567,577,975,1179,1182,1402,1429,1578,1901,1875,2020,2020,2020,2020,2398,2127,2634,2639,2998,2957,2989,3428,3435,3613,3751,3809,3861
650,0.8248,0.81087,0.05756,0.06255,52.52,251,423,492,568,577,975,1179,1182,1403,1429,1578,1901,1875,2020,2020,2020,2020,2398,2127,2633,2639,2998,2957,2989,3428,3435,3613,3751,3809,3861
651,0.82505,0.81155,0.05752,0.06244,52.61,252,423,492,568,577,976,1179,1182,1403,1429,1578,1901,1875,2020,2020,2020,2020,2398,2127,2633,2639,2998,2957,2989,3428,3435,3613,3751,3809,3860
652,0.82513,0.81156,0.0575,0.06244,52.7,252,423,492,568,577,977,1179,1182,1403,1429,1579,1901,1875,2020,2020,2020,2020,2398,2127,2632,2639,2998,2957,2989,3428,3435,3613,3751,3809,3860
653,0.82506,0.81121,0.05752,0.0625,52.78,252,424,493,568,578,978,1179,1182,1403,1429,1579,1901,1875,2020,2020,2019,2020,2398,2127,2632,2639,2997,2957,2989,3428,3435,3613,3751,3809,3860
654,0.82501,0.81163,0.05752,0.06243,52.86,252,424,493,569,578,979,1179,1182,1403,1429,1580,1901,1875,2020,2020,2020,2020,2398,2127,2632,2639,2997,2957,2989,3428,3435,3613,3751,3809,3859
655,0.82507,0.81112,0.05751,0.06251,52.94,252,424,493,569,578,980,1179,1182,1403,1429,1580,1901,1875,2020,2020,2019,2020,2398,2127,2631,2639,2997,2957,2989,3429,3435,3613,3751,3809,3859
656,0.82524,0.81169,0.05749,0.06241,53.01,253,424,493,569,578,981,1179,1182,1403,1429,1580,1901,1875,2020,2020,2019,2020,2398,2127,2631,2639,2997,2957,2989,3429,3435,3613,3751,3809,3859
657,0.82537,0.81161,0.05747,0.06243,53.09,253,424,493,569,579,982,1179,1182,1403,1430,1581,1901,1875,2020,2020,2019,2020,2398,2127,2631,2639,2997,2957,2989,3429,3435,3613,3751,3809,3859
658,0.82539,0.81161,0.05746,0.06243,53.17,253,424,494,570,579,983,1179,1182,1403,1430,1581,1901,1875,2020,2020,2019,2020,2398,2127,2630,2639,2997,2957,2989,3429,3435,3613,3751,3809,3858
659,0.82537,0.81187,0.05747,0.06239,53.25,253,424,494,570,579,984,1179,1182,1403,1430,1582,1901,1875,2020,2020,2019,2020,2398,2128,2630,2639,2997,2957,2989,3429,3435,3613,3751,3809,3858
660,0.82538,0.8115,0.05746,0.06245,53.34,253,424,494,570,579,985,1179,1182,1403,1430,1582,1901,1875,2020,2020,2019,2019,2398,2127,2630,2639,2997,2957,2989,3429,3435,3613,3751,3809,3858
661,0.82547,0.81196,0.05745,0.06237,53.42,254,424,494,571,579,986,1179,1182,1403,1430,1583,1901,1875,2020,2020,2019,2020,2398,2128,2630,2639,2997,2957,2989,3429,3435,3613,3751,3809,3857
662,0.82557,0.81179,0.05743,0.0624,53.49,254,424,495,571,580,987,1179,1182,1403,1430,1583,1901,1875,2020,2020,2019,2020,2398,2127,2630,2639,2997,2957,2989,3429,3435,3613,3751,3809,3857
663,0.82564,0.81193,0.05742,0.06238,53.56,254,424,495,571,580,988,1179,1182,1403,1430,1583,1901,1875,2020,2020,2019,2020,2398,2127,2630,2639,2997,2957,2989,3429,3435,3613,3751,3809,3857
664,0.82567,0.81204,0.05742,0.06236,53.64,254,425,495,571,580,989,1179,1182,1403,1430,1584,1901,1875,2020,2020,2019,2020,2398,2127,2631,2639,2997,2957,2989,3429,3435,3613,3751,3809,3856
665,0.82567,0.8118,0.05742,0.0624,53.72,254,425,495,572,580,990,1179,1182,1403,1430,1584,1901,1875,2020,2020,2019,2020,2398,2127,2631,2639,2997,2957,2989,3429,3435,3613,3751,3809,3856
666,0.82571,0.81216,0.05741,0.06234,53.79,255,425,495,572,581,991,1179,1182,1403,1430,1585,1901,1875,2020,2020,2019,2020,2398,2128,2631,2639,2997,2957,2989,3429,3435,3613,3751,3809,3856
667,0.82577,0.81196,0.0574,0.06237,53.88,255,425,496,572,581,992,1179,1182,1403,1430,1585,1901,1875,2020,2020,2019,2020,2398,2127,2631,2639,2997,2957,2989,3429,3435,3613,3751,3809,3856
668,0.82585,0.81224,0.05739,0.06232,53.96,255,425,496,573,581,993,1179,1182,1403,1430,1586,1901,1875,2020,2020,2019,2020,2398,2127,2631,2639,2997,2957,2989,3429,3435,3613,3751,3809,3855
669,0.82591,0.81224,0.05738,0.06233,54.04,255,425,496,573,581,994,1179,1182,1403,1431,1586,1901,1875,2020,2020,2019,2020,2398,2127,2631,2639,2996,2957,2989,3429,3435,3613,3751,3809,3855
670,0.82594,0.81216,0.05737,0.06234,54.12,255,425,496,573,582,994,1179,1182,1403,1431,1586,1901,1875,2020,2020,2019,2020,2398,2127,2631,2639,2996,2957,2988,3429,3435,3613,3751,3809,3855
671,0.82596,0.81235,0.05737,0.06231,54.19,256,425,496,573,582,995,1179,1182,1403,1431,1587,1901,1875,2020,2020,2019,2020,2398,2127,2631,2639,2996,2957,2989,3429,3435,3613,3751,3809,3854
672,0.826,0.81216,0.05736,0.06234,54.27,256,425,497,574,582,996,1179,1182,1403,1431,1587,1901,1875,2020,2020,2019,2020,2398,2127,2631,2639,2996,2956,2988,3429,3435,3613,3751,3809,3854
673,0.82605,0.81245,0.05735,0.06229,54.34,256,425,497,574,582,997,1179,1182,1403,1431,1588,1901,1875,2020,2020,2019,2020,2398,2128,2631,2639,2996,2957,2988,3429,3435,3613,3751,3809,3854
674,0.82612,0.81238,0.05734,0.0623,54.43,256,425,497,574,583,998,1179,1182,1403,1431,1588,1901,1875,2020,2020,2019,2020,2398,2127,2631,2639,2996,2956,2988,3429,3435,3613,3751,3809,3853
675,0.82617,0.81249,0.05733,0.06228,54.5,256,426,497,575,583,999,1179,1182,1403,1431,1589,1901,1875,2020,2020,2020,2020,2398,2127,2631,2639,2996,2956,2988,3429,3435,3613,3751,3809,3853
676,0.82621,0.81256,0.05733,0.06227,54.58,257,426,498,575,583,1000,1179,1182,1403,1431,1589,1901,1875,2020,2020,2020,2020,2398,2128,2631,2639,2996,2956,2988,3429,3435,3613,3751,3809,3853
677,0.82624,0.81245,0.05732,0.06229,54.65,257,426,498,575,583,1001,1179,1182,1403,1431,1590,1901,1875,2020,2020,2020,2020,2398,2127,2630,2639,2996,2956,2988,3429,3435,3613,3750,3809,3852
678,0.82628,0.81268,0.05732,0.06225,54.74,257,426,498,575,584,1002,1179,1182,1403,1431,1590,1901,1875,2020,2020,2020,2020,2398,2128,2630,2639,2996,2956,2988,3429,3435,3613,3750,3809,3852
679,0.82632,0.81256,0.05731,0.06227,54.81,257,426,498,576,584,1003,1179,1182,1403,1432,1591,1901,1875,2020,2020,2020,2020,2398,2127,2631,2639,2996,2956,2988,3429,3435,3613,3750,3809,3852
680,0.82638,0.8128,0.0573,0.06223,54.9,258,426,498,576,584,1004,1179,1182,1403,1432,1591,1901,1875,2020,2020,2020,2020,2398,2128,2631,2639,2996,2956,2988,3429,3435,3613,3750,3809,3851
681,0.82643,0.81277,0.05729,0.06224,54.97,258,426,499,576,584,1005,1179,1182,1403,1432,1592,1901,1875,2020,2020,2020,2020,2398,2127,2631,2639,2996,2956,2988,3429,3435,3613,3750,3809,3851
682,0.82648,0.81282,0.05728,0.06223,55.05,258,426,499,577,584,1006,1179,1182,1403,1432,1592,1901,1875,2020,2020,2020,2020,2398,2127,2631,2639,2996,2956,2988,3429,3435,3613,3750,3809,3851
683,0.82652,0.81291,0.05728,0.06221,55.13,258,426,499,577,585,1007,1179,1182,1403,1432,1592,1901,1875,2020,2020,2020,2020,2398,2127,2631,2639,2996,2956,2988,3429,3435,3613,3750,3809,3851
684,0.82656,0.81285,0.05727,0.06222,55.21,258,426,499,577,585,1007,1179,1182,1403,1432,1593,1901,1875,2020,2020,2020,2020,2398,2127,2631,2639,2996,2956,2988,3429,3435,3613,3750,3809,3850
685,0.8266,0.81306,0.05726,0.06219,55.29,259,426,500,577,585,1008,1179,1182,1403,1432,1593,1901,1875,2020,2020,2020,2020,2398,2127,2631,2639,2996,2957,2988,3429,3435,3613,3750,3809,3850
686,0.82664,0.81297,0.05726,0.0622,55.36,259,426,500,578,585,1009,1179,1182,1403,1432,1594,1901,1875,2020,2020,2020,2020,2398,2127,2631,2639,2996,2956,2988,3429,3435,3613,3750,3809,3850
687,0.82669,0.81317,0.05725,0.06217,55.45,259,427,500,578,586,1010,1179,1182,1403,1432,1594,1901,1875,2020,2020,2020,2020,2398,2127,2631,2639,2996,2956,2988,3429,3435,3613,3750,3809,3849
688,0.82675,0.81312,0.05724,0.06218,55.52,259,427,500,578,586,1011,1179,1182,1403,1432,1595,1901,1875,2020,2020,2020,2020,2398,2127,2631,2639,2996,2956,2988,3429,3435,3613,3750,3809,3849
689,0.82679,0.81319,0.05723,0.06217,55.59,259,427,501,578,586,1012,1179,1182,1403,1432,1595,1901,1875,2020,2020,2020,2020,2398,2127,2631,2639,2995,2956,2988,3429,3435,3613,3750,3809,3849
690,0.82684,0.81324,0.05722,0.06216,55.66,260,427,501,579,586,1013,1179,1182,1403,1432,1596,1901,1875,2020,2020,2020,2020,2398,2127,2631,2639,2995,2956,2988,3429,3435,3613,3750,3809,3848
691,0.82688,0.81325,0.05722,0.06216,55.74,260,427,501,579,587,1014,1179,1182,1403,1432,1596,1901,1875,2020,2020,2020,2020,2398,2127,2631,2639,2995,2956,2988,3429,3435,3613,3750,3809,3848
692,0.82692,0.81341,0.05721,0.06213,55.82,260,427,501,579,587,1015,1179,1182,1403,1433,1596,1901,1875,2020,2020,2020,2020,2398,2127,2631,2639,2995,2956,2988,3429,3435,3613,3750,3809,3848
693,0.82697,0.81338,0.0572,0.06213,55.9,260,427,501,580,587,1016,1179,1182,1403,1433,1597,1901,1875,2020,2020,2020,2020,2398,2127,2631,2639,2995,2956,2988,3429,3435,3613,3750,3809,3847
694,0.82702,0.81355,0.05719,0.06211,55.98,260,427,502,580,587,1017,1179,1182,1403,1433,1597,1901,1875,2020,2020,2020,2020,2398,2127,2631,2639,2995,2956,2988,3429,3435,3613,3750,3809,3847
695,0.82707,0.81349,0.05719,0.06212,56.06,261,427,502,580,588,1018,1179,1182,1403,1433,1598,1901,1875,2020,2020,2020,2020,2398,2127,2631,2639,2995,2956,2988,3429,3435,3613,3750,3809,3846
696,0.82711,0.81358,0.05718,0.0621,56.14,261,427,502,581,588,1018,1179,1182,1403,1433,1598,1901,1875,2020,2020,2020,2020,2398,2127,2631,2639,2995,2956,2988,3429,3435,3613,3750,3809,3846
697,0.82716,0.81357,0.05717,0.0621,56.22,261,427,502,581,588,1019,1179,1182,1403,1433,1599,1901,1875,2020,2020,2020,2020,2398,2127,2631,2639,2995,2956,2988,3429,3435,3613,3750,3809,3846
698,0.82721,0.81367,0.05716,0.06209,56.3,261,427,503,581,588,1020,1179,1182,1403,1433,1599,1901,1875,2020,2020,2020,2020,2398,2127,2631,2639,2995,2956,2988,3429,3435,3613,3750,3809,3845
699,0.82725,0.81376,0.05715,0.06207,56.37,262,428,503,581,589,1021,1179,1182,1403,1434,1600,1901,1875,2020,2020,2020,2020,2398,2127,2631,2639,2995,2956,2988,3429,3435,3613,3750,3809,3845
700,0.8273,0.81381,0.05715,0.06206,56.45,262,428,503,582,589,1022,1179,1182,1403,1434,1600,1901,1875,2020,2020,2020,2020,2398,2127,2631,2639,2995,2956,2988,3429,3435,3613,3750,3809,3845
701,0.82734,0.8139,0.05714,0.06205,56.53,262,428,503,582,589,1023,1179,1182,1403,1434,1601,1901,1875,2020,2020,2020,2020,2398,2127,2631,2639,2995,2956,2988,3429,3435,3613,3750,3809,3844
702,0.82739,0.81387,0.05713,0.06205,56.61,262,428,504,582,589,1024,1179,1182,1403,1434,1601,1901,1875,2020,2020,2020,2020,2398,2127,2631,2639,2995,2956,2988,3429,3435,3613,3750,3809,3844
703,0.82744,0.81395,0.05712,0.06204,56.69,262,428,504,583,590,1025,1179,1182,1403,1434,1602,1901,1875,2020,2020,2020,2020,2398,2127,2631,2639,2995,2956,2988,3429,3435,3613,3750,3809,3844
704,0.82748,0.81393,0.05712,0.06204,56.76,263,428,504,583,590,1026,1179,1182,1403,1434,1602,1901,1875,2020,2020,2020,2020,2398,2127,2631,2639,2995,2956,2987,3429,3435,3613,3750,3809,3843
705,0.82753,0.81406,0.05711,0.06202,56.84,263,428,505,583,590,1027,1179,1182,1403,1434,1603,1901,1875,2020,2020,2020,2020,2398,2127,2631,2639,2995,2956,2987,3429,3435,3613,3750,3809,3843
706,0.82758,0.8141,0.0571,0.06202,56.91,263,428,505,584,590,1028,1179,1182,1403,1434,1603,1901,1875,2020,2020,2020,2020,2398,2127,2631,2639,2995,2956,2987,3429,3435,3613,3749,3809,3842
707,0.82763,0.81423,0.05709,0.06199,56.98,263,428,505,584,591,1028,1179,1182,1403,1434,1604,1901,1875,2020,2020,2020,2020,2398,2127,2631,2639,2995,2956,2987,3429,3435,3613,3749,3809,3842
708,0.82768,0.81425,0.05708,0.06199,57.06,263,428,505,584,591,1029,1179,1182,1403,1434,1604,1901,1875,2020,2020,2019,2020,2398,2127,2631,2639,2995,2956,2987,3429,3435,3613,3749,3809,3842
709,0.82773,0.81434,0.05708,0.06198,57.13,264,428,506,585,591,1030,1179,1182,1403,1435,1605,1901,1875,2020,2020,2019,2020,2398,2127,2631,2639,2995,2956,2987,3429,3435,3613,3749,3809,3841
710,0.82778,0.81435,0.05707,0.06197,57.21,264,428,506,585,591,1031,1179,1182,1403,1435,1605,1901,1875,2020,2020,2019,2020,2398,2127,2631,2639,2995,2956,2987,3429,3435,3613,3749,3809,3841
711,0.82783,0.81444,0.05706,0.06196,57.29,264,429,506,585,592,1032,1179,1182,1403,1435,1606,1901,1875,2020,2020,2019,2020,2398,2127,2631,2639,2995,2956,2987,3429,3435,3613,3749,3809,3841
712,0.82788,0.81447,0.05705,0.06195,57.38,264,429,506,585,592,1033,1179,1182,1403,1435,1606,1901,1875,2020,2020,2019,2020,2398,2127,2631,2639,2995,2956,2987,3429,3435,3613,3749,3809,3840
713,0.82793,0.81456,0.05704,0.06194,57.44,265,429,507,586,592,1034,1179,1182,1403,1435,1607,1901,1875,2020,2020,2019,2020,2398,2127,2631,2639,2995,2956,2986,3429,3435,3613,3749,3809,3840
714,0.82798,0.81458,0.05703,0.06193,57.51,265,429,507,586,592,1035,1179,1182,1403,1435,1607,1901,1875,2020,2020,2019,2020,2398,2127,2631,2639,2995,2956,2986,3429,3435,3613,3749,3809,3839
715,0.82803,0.81466,0.05703,0.06192,57.58,265,429,507,586,593,1036,1179,1182,1403,1435,1608,1901,1875,2020,2020,2019,2020,2398,2127,2631,2639,2995,2956,2986,3429,3435,3613,3749,3809,3839
716,0.82808,0.81468,0.05702,0.06192,57.67,265,429,508,587,593,1037,1179,1182,1403,1436,1608,1901,1875,2020,2020,2019,2020,2398,2127,2631,2639,2995,2956,2986,3429,3435,3613,3749,3809,3839
717,0.82813,0.81479,0.05701,0.0619,57.74,265,429,508,587,593,1037,1179,1182,1403,1436,1609,1901,1875,2020,2020,2019,2020,2397,2127,2631,2639,2995,2956,2986,3429,3435,3613,3749,3809,3838
718,0.82818,0.81481,0.057,0.0619,57.82,266,429,508,587,593,1038,1179,1182,1403,1436,1609,1901,1875,2020,2020,2019,2020,2397,2127,2631,2639,2995,2956,2986,3429,3435,3613,3749,3809,3838
719,0.82823,0.81493,0.05699,0.06188,57.9,266,429,508,588,594,1039,1179,1182,1403,1436,1610,1901,1875,2020,2020,2019,2020,2397,2127,2631,2639,2995,2956,2986,3429,3435,3613,3749,3809,3837
720,0.82828,0.81493,0.05698,0.06188,57.97,266,429,509,588,594,1040,1179,1182,1403,1436,1610,1901,1875,2020,2020,2019,2019,2397,2127,2631,2639,2995,2956,2986,3429,3435,3613,3749,3809,3837
721,0.82833,0.81506,0.05698,0.06185,58.05,266,429,509,588,594,1041,1179,1182,1403,1436,1611,1901,1875,2020,2020,2019,2019,2396,2127,2631,2639,2995,2956,2986,3429,3435,3613,3749,3809,3836
722,0.82837,0.81502,0.05697,0.06186,58.14,266,429,509,589,595,1042,1179,1182,1403,1436,1612,1901,1875,2020,2020,2019,2019,2396,2127,2631,2639,2995,2956,2986,3429,3435,3613,3749,3809,3836
723,0.82842,0.81517,0.05696,0.06184,58.22,267,430,510,589,595,1043,1179,1182,1403,1436,1612,1901,1875,2020,2020,2019,2019,2396,2127,2631,2639,2995,2956,2986,3429,3435,3613,3749,3809,3836
724,0.82846,0.81508,0.05695,0.06185,58.3,267,430,510,589,595,1044,1179,1182,1403,1437,1613,1901,1875,2020,2020,2019,2019,2395,2127,2631,2639,2995,2956,2986,3429,3435,3613,3749,3809,3835
725,0.8285,0.81531,0.05695,0.06181,58.38,267,430,510,590,595,1045,1179,1182,1403,1437,1613,1901,1875,2020,2020,2019,2019,2395,2127,2631,2639,2995,2956,2986,3429,3435,3613,3749,3809,3835
726,0.82853,0.81513,0.05694,0.06184,58.46,267,430,510,590,596,1045,1179,1182,1403,1437,1614,1901,1875,2020,2020,2019,2019,2394,2127,2631,2639,2995,2956,2986,3429,3435,3613,3749,3809,3834
727,0.82855,0.81544,0.05694,0.06179,58.55,268,430,511,590,596,1046,1179,1182,1403,1437,1614,1901,1875,2020,2020,2019,2019,2394,2127,2631,2639,2995,2956,2986,3429,3435,3613,3749,3809,3834
728,0.82854,0.81507,0.05694,0.06185,58.64,268,430,511,591,596,1047,1179,1182,1403,1437,1615,1901,1875,2020,2020,2019,2019,2394,2127,2631,2639,2995,2956,2986,3429,3435,3613,3749,3809,3834
729,0.82851,0.81552,0.05695,0.06178,58.72,268,430,511,591,596,1048,1179,1182,1403,1437,1615,1901,1875,2020,2020,2019,2019,2393,2128,2631,2639,2995,2956,2986,3429,3435,3613,3749,3809,3833
730,0.82843,0.8149,0.05696,0.06188,58.81,268,430,512,591,597,1049,1179,1182,1403,1437,1616,1901,1875,2020,2020,2019,2019,2393,2127,2631,2639,2995,2956,2986,3429,3435,3613,3749,3809,3833
731,0.82833,0.81554,0.05698,0.06177,58.88,268,430,512,591,597,1050,1179,1182,1403,1437,1616,1901,1875,2020,2020,2019,2019,2392,2128,2631,2639,2995,2956,2986,3429,3435,3613,3749,3809,3832
732,0.82821,0.81464,0.057,0.06192,58.97,269,430,512,592,597,1051,1179,1182,1403,1437,1617,1901,1875,2020,2020,2019,2019,2392,2127,2630,2639,2995,2956,2986,3429,3435,3613,3749,3809,3832
733,0.82816,0.81556,0.057,0.06177,59.04,269,430,513,592,598,1052,1179,1182,1403,1437,1617,1901,1875,2020,2020,2019,2019,2391,2128,2630,2639,2995,2956,2986,3429,3435,3613,3749,3809,3831
734,0.82824,0.81468,0.05699,0.06192,59.11,269,430,513,592,598,1053,1179,1182,1403,1437,1618,1901,1875,2020,2020,2019,2019,2391,2127,2630,2639,2995,2956,2986,3429,3435,3613,3749,3809,3831
735,0.82851,0.81581,0.05695,0.06173,59.19,269,431,513,593,598,1053,1179,1182,1403,1437,1618,1901,1875,2020,2020,2019,2019,2390,2127,2630,2639,2995,2956,2986,3429,3435,3613,3749,3809,3831
736,0.82883,0.81544,0.05689,0.06179,59.28,270,431,513,593,598,1054,1179,1182,1403,1437,1619,1901,1875,2020,2020,2019,2019,2390,2127,2630,2639,2995,2956,2986,3429,3435,3613,3749,3809,3830
737,0.82905,0.81594,0.05686,0.06171,59.35,270,431,514,593,599,1055,1179,1182,1403,1437,1620,1901,1875,2020,2020,2019,2019,2389,2127,2631,2639,2995,2956,2986,3429,3435,3613,3749,3809,3830
738,0.82906,0.81599,0.05685,0.0617,59.43,270,431,514,594,599,1056,1179,1182,1403,1437,1620,1901,1875,2020,2020,2019,2019,2388,2127,2631,2639,2995,2956,2986,3429,3435,3613,3749,3809,3830
739,0.82895,0.81552,0.05687,0.06178,59.5,270,431,514,594,599,1057,1179,1182,1403,1437,1621,1901,1875,2020,2020,2019,2019,2388,2127,2631,2639,2995,2956,2986,3429,3435,3613,3749,3809,3829
740,0.82885,0.81603,0.05689,0.06169,59.57,270,431,515,594,599,1058,1179,1182,1403,1437,1621,1901,1875,2020,2020,2019,2019,2387,2127,2631,2639,2995,2956,2986,3429,3435,3613,3749,3809,3829
741,0.82888,0.81538,0.05688,0.0618,59.66,271,431,515,595,600,1059,1179,1182,1403,1437,1622,1901,1875,2020,2020,2019,2019,2387,2127,2631,2639,2995,2956,2986,3429,3435,3613,3749,3809,3828
742,0.82905,0.81619,0.05686,0.06167,59.74,271,431,515,595,600,1060,1179,1182,1403,1437,1622,1901,1875,2020,2020,2019,2019,2386,2127,2631,2639,2995,2956,2986,3429,3435,3613,3749,3809,3828
743,0.82924,0.81594,0.05682,0.06171,59.83,271,431,515,595,600,1060,1179,1182,1403,1437,1623,1901,1875,2020,2020,2019,2019,2386,2127,2631,2639,2995,2956,2986,3429,3435,3613,3749,3809,3828
744,0.82934,0.81616,0.05681,0.06167,59.92,271,431,516,596,601,1061,1179,1182,1403,1437,1624,1901,1875,2020,2020,2019,2019,2385,2127,2631,2639,2995,2956,2986,3429,3435,3613,3749,3809,3827
745,0.82932,0.81629,0.05681,0.06165,60.0,272,431,516,596,601,1062,1179,1182,1403,1437,1624,1901,1875,2020,2020,2019,2019,2385,2128,2630,2639,2995,2956,2986,3429,3435,3613,3749,3809,3827
746,0.82925,0.81584,0.05682,0.06172,60.08,272,431,516,596,601,1063,1179,1182,1403,1437,1625,1901,1875,2020,2020,2019,2019,2384,2127,2630,2639,2995,2956,2986,3429,3435,3613,3749,3809,3827
747,0.82925,0.81633,0.05682,0.06164,60.16,272,432,517,597,601,1064,1179,1182,1403,1437,1625,1901,1875,2020,2020,2019,2019,2384,2128,2631,2639,2995,2956,2986,3429,3435,3613,3749,3809,3826
748,0.82934,0.81595,0.05681,0.06171,60.24,272,432,517,597,602,1065,1179,1182,1403,1437,1626,1901,1875,2020,2020,2019,2019,2383,2127,2630,2639,2995,2956,2986,3429,3435,3613,3749,3809,3826
749,0.82947,0.81644,0.05679,0.06162,60.33,272,432,517,597,602,1066,1179,1182,1403,1438,1627,1901,1875,2020,2020,2019,2019,2383,2128,2631,2639,2995,2956,2986,3429,3435,3613,3749,3809,3826
750,0.82955,0.8164,0.05677,0.06163,60.41,273,432,518,598,602,1066,1179,1182,1403,1438,1627,1901,1875,2020,2020,2019,2019,2382,2127,2631,2639,2995,2956,2986,3429,3435,3613,3749,3809,3825
751,0.82956,0.81635,0.05677,0.06164,60.49,273,432,518,598,603,1067,1179,1182,1403,1438,1628,1901,1875,2020,2020,2019,2019,2381,2127,2631,2639,2995,2956,2986,3429,3435,3613,3749,3809,3825
752,0.82954,0.81658,0.05677,0.0616,60.57,273,432,518,598,603,1068,1179,1182,1403,1438,1628,1901,1875,2020,2020,2019,2019,2381,2127,2631,2639,2995,2956,2986,3429,3435,3613,3749,3809,3825
753,0.82955,0.81619,0.05677,0.06166,60.64,273,432,519,599,603,1069,1179,1182,1403,1438,1629,1901,1875,2020,2020,2019,2019,2380,2127,2631,2639,2995,2955,2986,3429,3435,3613,3749,3809,3824
754,0.82961,0.81659,0.05676,0.0616,60.72,274,432,519,599,603,1070,1179,1182,1403,1438,1630,1901,1875,2020,2020,2019,2019,2380,2127,2631,2639,2995,2956,2986,3429,3435,3613,3749,3809,3824
755,0.82969,0.81639,0.05675,0.06163,60.78,274,432,519,599,604,1071,1179,1182,1403,1438,1630,1901,1875,2020,2020,2019,2019,2379,2127,2631,2639,2995,2955,2986,3429,3435,3613,3749,3809,3824
756,0.82975,0.81659,0.05674,0.0616,60.87,274,432,520,600,604,1072,1179,1182,1403,1439,1631,1901,1875,2020,2020,2019,2019,2379,2127,2631,2639,2995,2955,2986,3429,3435,3613,3749,3809,3823
757,0.82978,0.81667,0.05673,0.06159,60.96,274,432,520,600,604,1072,1179,1182,1403,1439,1632,1901,1875,2020,2020,2019,2019,2378,2127,2631,2639,2995,2955,2986,3429,3435,3613,3749,3809,3823
758,0.82979,0.81653,0.05673,0.06161,61.03,274,432,520,600,605,1073,1179,1182,1403,1439,1632,1901,1875,2020,2020,2019,2019,2377,2127,2631,2639,2995,2955,2986,3429,3435,3613,3749,3809,3823
759,0.8298,0.8168,0.05673,0.06156,61.11,275,433,521,601,605,1074,1179,1182,1403,1439,1633,1901,1875,2020,2020,2019,2019,2377,2127,2631,2639,2995,2955,2986,3429,3435,3613,3749,3809,3822
760,0.82984,0.81656,0.05672,0.0616,61.19,275,433,521,601,605,1075,1179,1182,1403,1439,1634,1901,1875,2020,2020,2019,2019,2376,2127,2631,2639,2994,2955,2986,3429,3435,3613,3749,3809,3822
761,0.8299,0.8168,0.05671,0.06156,61.27,275,433,521,601,605,1076,1179,1182,1403,1439,1634,1901,1875,2020,2020,2019,2019,2376,2127,2631,2639,2994,2955,2986,3429,3435,3613,3749,3809,3822
762,0.82996,0.81672,0.05671,0.06158,61.34,275,433,521,601,606,1077,1179,1182,1403,1439,1635,1901,1875,2020,2020,2019,2019,2375,2127,2631,2639,2994,2955,2986,3429,3434,3613,3749,3809,3822
763,0.82999,0.81679,0.0567,0.06156,61.41,276,433,522,602,606,1078,1179,1182,1403,1439,1636,1901,1875,2020,2020,2019,2019,2374,2127,2631,2639,2994,2955,2986,3429,3434,3613,3749,3809,3821
764,0.83002,0.81694,0.05669,0.06154,61.48,276,433,522,602,606,1078,1179,1182,1403,1439,1636,1901,1875,2020,2020,2019,2019,2374,2127,2631,2639,2994,2955,2986,3429,3434,3613,3749,3809,3821
765,0.83004,0.81681,0.05669,0.06156,61.55,276,433,522,603,607,1079,1179,1182,1403,1440,1637,1901,1875,2020,2020,2019,2019,2373,2127,2631,2639,2994,2955,2986,3429,3434,3613,3749,3809,3821
766,0.83008,0.81704,0.05668,0.06152,61.64,276,433,523,603,607,1080,1179,1182,1403,1440,1638,1901,1875,2020,2020,2019,2019,2373,2127,2631,2639,2994,2956,2986,3429,3434,3613,3749,3809,3821
767,0.83013,0.81686,0.05668,0.06155,61.72,276,433,523,603,607,1081,1179,1182,1403,1440,1638,1901,1875,2020,2020,2019,2019,2372,2127,2631,2639,2994,2955,2985,3429,3434,3613,3749,3809,3820
768,0.83018,0.81704,0.05667,0.06152,61.81,277,433,523,604,607,1082,1179,1182,1403,1440,1639,1901,1875,2020,2020,2019,2019,2372,2127,2631,2639,2994,2956,2985,3429,3434,3613,3749,3809,3820
769,0.83023,0.81698,0.05666,0.06153,61.9,277,433,524,604,608,1083,1179,1182,1403,1440,1640,1901,1875,2020,2020,2019,2019,2371,2127,2631,2639,2994,2956,2985,3429,3434,3613,3749,3809,3820
770,0.83028,0.81704,0.05665,0.06152,61.98,277,433,524,604,608,1083,1179,1182,1403,1440,1640,1901,1875,2020,2020,2019,2019,2370,2127,2631,2639,2994,2956,2985,3429,3434,3613,3749,3809,3820
771,0.83032,0.81715,0.05664,0.0615,62.05,277,434,524,605,608,1084,1179,1182,1403,1440,1641,1901,1875,2020,2020,2019,2019,2370,2127,2631,2639,2994,2956,2985,3429,3434,3613,3749,3809,3819
772,0.83036,0.81709,0.05664,0.06151,62.12,278,434,525,605,609,1085,1179,1182,1403,1440,1642,1901,1875,2020,2020,2019,2019,2369,2127,2631,2639,2994,2956,2985,3429,3434,3613,3749,3809,3819
773,0.8304,0.81726,0.05663,0.06149,62.2,278,434,525,605,609,1086,1179,1182,1403,1440,1643,1901,1875,2020,2020,2019,2019,2368,2127,2631,2639,2994,2956,2985,3429,3434,3613,3749,3809,3819
774,0.83044,0.81716,0.05662,0.0615,62.26,278,434,525,606,609,1087,1179,1182,1403,1440,1643,1901,1875,2020,2020,2019,2019,2368,2127,2631,2639,2994,2956,2985,3429,3434,3613,3748,3809,3819
775,0.83049,0.81731,0.05662,0.06148,62.33,278,434,526,606,610,1088,1179,1182,1403,1440,1644,1901,1875,2020,2020,2019,2019,2367,2127,2631,2639,2994,2956,2985,3429,3434,3613,3748,3809,3818
776,0.83054,0.8173,0.05661,0.06148,62.43,279,434,526,606,610,1089,1179,1182,1403,1440,1645,1901,1875,2020,2020,2019,2019,2367,2127,2631,2639,2994,2956,2985,3429,3434,3613,3748,3809,3818
777,0.83058,0.81736,0.0566,0.06147,62.5,279,434,526,607,610,1089,1179,1182,1403,1440,1645,1901,1875,2020,2020,2019,2019,2366,2127,2631,2639,2994,2956,2985,3429,3434,3613,3748,3809,3818
778,0.83062,0.81744,0.0566,0.06146,62.58,279,434,527,607,610,1090,1179,1182,1403,1440,1646,1901,1875,2020,2020,2019,2019,2365,2127,2631,2639,2994,2956,2985,3429,3434,3613,3748,3809,3818
779,0.83065,0.8174,0.05659,0.06146,62.67,279,434,527,607,611,1091,1179,1182,1403,1440,1647,1901,1875,2020,2020,2019,2019,2365,2127,2631,2639,2994,2956,2985,3429,3434,3613,3748,3809,3818
780,0.83068,0.81753,0.05658,0.06144,62.74,279,434,527,608,611,1092,1179,1182,1403,1441,1648,1901,1875,2020,2020,2019,2019,2364,2127,2631,2639,2994,2956,2985,3429,3435,3613,3748,3809,3817
781,0.83071,0.81748,0.05658,0.06145,62.82,280,434,528,608,611,1093,1179,1182,1403,1441,1648,1901,1875,2020,2020,2019,2019,2363,2127,2631,2639,2994,2956,2985,3429,3435,3613,3748,3809,3817
782,0.83075,0.8176,0.05657,0.06143,62.9,280,434,528,608,612,1094,1179,1182,1403,1441,1649,1901,1875,2020,2020,2019,2019,2363,2127,2631,2639,2994,2956,2985,3429,3435,3613,3748,3809,3817
783,0.83078,0.81757,0.05657,0.06143,62.97,280,434,528,609,612,1094,1179,1182,1403,1441,1650,1901,1875,2020,2020,2019,2019,2362,2127,2631,2639,2994,2956,2985,3429,3435,3613,3748,3809,3817
784,0.83082,0.81763,0.05656,0.06142,63.05,280,435,529,609,612,1095,1179,1182,1403,1441,1651,1901,1875,2020,2020,2019,2019,2362,2127,2631,2639,2994,2956,2985,3429,3435,3613,3748,3809,3817
785,0.83085,0.81765,0.05656,0.06142,63.13,281,435,529,609,613,1096,1179,1182,1403,1441,1651,1901,1875,2020,2020,2019,2019,2361,2127,2631,2639,2994,2956,2985,3429,3435,3613,3748,3809,3816
786,0.83087,0.81765,0.05655,0.06142,63.21,281,435,529,610,613,1097,1179,1182,1403,1442,1652,1901,1875,2020,2020,2019,2019,2360,2127,2631,2639,2994,2956,2985,3429,3435,3613,3748,3809,3816
787,0.8309,0.81771,0.05655,0.06141,63.29,281,435,530,610,613,1098,1179,1182,1403,1442,1653,1901,1875,2020,2020,2019,2019,2360,2127,2631,2639,2994,2956,2985,3429,3435,3613,3748,3809,3816
788,0.83093,0.81766,0.05654,0.06142,63.36,281,435,530,610,614,1099,1179,1182,1403,1442,1654,1901,1875,2020,2020,2019,2019,2359,2127,2631,2639,2994,2956,2985,3429,3435,3613,3748,3809,3816
789,0.83095,0.81774,0.05654,0.06141,63.45,282,435,530,611,614,1099,1179,1182,1403,1442,1654,1901,1875,2020,2020,2019,2019,2358,2127,2631,2639,2994,2956,2985,3429,3435,3613,3748,3809,3816
790,0.83098,0.81772,0.05653,0.06141,63.52,282,435,531,611,614,1100,1179,1182,1403,1442,1655,1901,1875,2020,2020,2019,2019,2358,2127,2631,2639,2994,2956,2985,3429,3435,3613,3748,3809,3815
791,0.83101,0.81782,0.05653,0.06139,63.59,282,435,531,611,614,1101,1179,1182,1403,1442,1656,1901,1875,2020,2020,2019,2019,2357,2128,2631,2639,2994,2956,2985,3429,3435,3613,3748,3809,3815
792,0.83104,0.81783,0.05652,0.06139,63.68,282,435,532,612,615,1102,1179,1182,1403,1442,1657,1901,1875,2020,2020,2019,2019,2357,2128,2631,2639,2994,2956,2985,3429,3435,3613,3748,3809,3815
793,0.83106,0.81788,0.05652,0.06138,63.77,282,435,532,612,615,1103,1179,1182,1403,1442,1657,1901,1875,2020,2020,2019,2019,2356,2128,2631,2639,2994,2956,2985,3429,3435,3613,3748,3809,3815
794,0.83109,0.8179,0.05652,0.06138,63.84,283,435,532,613,615,1103,1179,1182,1403,1443,1658,1901,1875,2020,2019,2019,2019,2355,2128,2631,2639,2994,2956,2985,3429,3435,3613,3748,3809,3815
795,0.83112,0.81789,0.05651,0.06138,63.92,283,435,533,613,616,1104,1179,1182,1403,1443,1659,1901,1875,2020,2019,2019,2019,2355,2128,2631,2639,2994,2956,2984,3429,3435,3613,3748,3809,3814
796,0.83115,0.81792,0.05651,0.06137,63.99,283,435,533,613,616,1105,1179,1182,1403,1443,1660,1901,1875,2020,2019,2019,2019,2354,2128,2631,2639,2994,2956,2984,3429,3435,3613,3748,3809,3814
797,0.83118,0.81792,0.0565,0.06137,64.07,283,435,533,614,616,1106,1179,1182,1403,1443,1660,1902,1875,2020,2019,2019,2019,2353,2127,2631,2639,2994,2956,2984,3429,3435,3613,3748,3809,3814
798,0.83121,0.818,0.0565,0.06136,64.15,284,436,534,614,617,1107,1179,1182,1403,1443,1661,1902,1875,2020,2019,2019,2019,2353,2127,2631,2639,2994,2956,2984,3429,3435,3613,3748,3809,3814
799,0.83124,0.81802,0.05649,0.06136,64.24,284,436,534,614,617,1108,1179,1182,1403,1443,1662,1902,1875,2020,2019,2019,2019,2352,2127,2631,2639,2994,2956,2984,3429,3435,3613,3748,3809,3814
800,0.83126,0.81809,0.05649,0.06135,64.33,284,436,534,615,617,1108,1179,1182,1403,1443,1663,1902,1875,2020,2019,2019,2019,2352,2128,2631,2639,2994,2956,2984,3429,3435,3613,3748,3809,3814
801,0.83129,0.8181,0.05648,0.06134,64.4,284,436,535,615,618,1109,1179,1182,1403,1443,1664,1902,1875,2020,2019,2019,2019,2351,2127,2631,2639,2994,2956,2984,3429,3435,3613,3748,3809,3813
802,0.83132,0.81812,0.05648,0.06134,64.48,285,436,535,615,618,1110,1179,1182,1403,1443,1664,1902,1875,2020,2019,2019,2019,2350,2128,2631,2639,2994,2956,2984,3429,3435,3613,3748,3809,3813
803,0.83135,0.81814,0.05647,0.06134,64.57,285,436,535,616,618,1111,1179,1182,1403,1444,1665,1902,1875,2020,2019,2019,2019,2350,2128,2631,2639,2994,2956,2984,3429,3435,3613,3748,3809,3813
804,0.83138,0.81817,0.05647,0.06133,64.64,285,436,536,616,619,1112,1179,1182,1403,1444,1666,1902,1875,2020,2020,2019,2019,2349,2128,2631,2639,2994,2956,2984,3429,3435,3613,3748,3809,3813
805,0.83141,0.81823,0.05646,0.06132,64.72,285,436,536,616,619,1112,1179,1182,1403,1444,1667,1902,1875,2020,2020,2019,2019,2348,2128,2631,2639,2994,2956,2984,3429,3435,3613,3748,3809,3813
806,0.83144,0.81825,0.05646,0.06132,64.8,285,436,536,617,619,1113,1179,1182,1403,1444,1667,1902,1875,2020,2020,2019,2019,2348,2128,2631,2639,2994,2956,2984,3429,3435,3613,3748,3809,3813
807,0.83147,0.8183,0.05645,0.06131,64.88,286,436,537,617,620,1114,1179,1182,1403,1444,1668,1902,1875,2020,2020,2019,2019,2347,2128,2631,2639,2994,2956,2984,3429,3434,3613,3748,3809,3812
808,0.83149,0.8183,0.05645,0.06131,64.96,286,436,537,618,620,1115,1179,1182,1403,1444,1669,1902,1875,2020,2020,2019,2019,2346,2127,2631,2639,2994,2956,2984,3429,3434,3613,3748,3809,3812
809,0.83152,0.81838,0.05644,0.0613,65.05,286,436,537,618,620,1116,1179,1182,1403,1445,1670,1902,1875,2020,2020,2019,2019,2346,2127,2631,2639,2994,2956,2984,3429,3434,3613,3748,3809,3812
810,0.83155,0.81837,0.05644,0.0613,65.13,286,436,538,618,621,1117,1179,1182,1403,1445,1670,1903,1875,2020,2020,2019,2019,2345,2127,2631,2639,2994,2956,2984,3429,3434,3613,3748,3809,3812
811,0.83157,0.81844,0.05644,0.06129,65.21,287,437,538,619,621,1117,1179,1182,1403,1445,1671,1903,1875,2020,2020,2019,2019,2345,2127,2631,2639,2994,2956,2984,3429,3434,3613,3748,3809,3812
812,0.8316,0.81842,0.05643,0.06129,65.29,287,437,538,619,621,1118,1179,1182,1403,1445,1672,1903,1875,2020,2020,2019,2019,2344,2127,2631,2639,2994,2956,2984,3429,3434,3613,3748,3809,3812
813,0.83162,0.81851,0.05643,0.06128,65.37,287,437,539,619,622,1119,1179,1182,1403,1445,1673,1903,1875,2020,2020,2019,2019,2343,2127,2631,2639,2994,2957,2984,3429,3434,3613,3748,3809,3811
814,0.83165,0.81849,0.05642,0.06128,65.45,287,437,539,620,622,1120,1179,1182,1403,1445,1673,1903,1875,2020,2020,2019,2019,2343,2127,2631,2639,2994,2957,2984,3429,3434,3613,3748,3809,3811
815,0.83167,0.81858,0.05642,0.06126,65.52,288,437,539,620,622,1121,1179,1182,1403,1445,1674,1903,1875,2020,2020,2019,2019,2342,2127,2631,2639,2994,2957,2984,3429,3434,3613,3748,3809,3811
816,0.8317,0.81857,0.05641,0.06127,65.61,288,437,540,621,623,1121,1179,1182,1403,1446,1675,1904,1875,2020,2020,2019,2019,2341,2127,2631,2639,2994,2957,2984,3429,3434,3613,3748,3809,3811
817,0.83172,0.81865,0.05641,0.06125,65.69,288,437,540,621,623,1122,1179,1182,1403,1446,1676,1904,1875,2020,2020,2019,2019,2341,2127,2631,2639,2994,2957,2984,3429,3434,3613,3748,3809,3811
818,0.83175,0.8186,0.05641,0.06126,65.78,288,437,540,621,623,1123,1179,1182,1403,1446,1676,1904,1875,2020,2020,2019,2019,2340,2127,2631,2639,2994,2957,2984,3429,3434,3613,3748,3809,3811
819,0.83177,0.81869,0.0564,0.06124,65.86,289,437,541,622,624,1124,1179,1182,1403,1446,1677,1904,1875,2020,2020,2019,2019,2339,2127,2631,2639,2994,2957,2984,3429,3434,3613,3748,3809,3810
820,0.83179,0.81863,0.0564,0.06125,65.94,289,437,541,622,624,1125,1179,1182,1403,1446,1678,1905,1875,2020,2020,2019,2019,2339,2127,2631,2639,2994,2957,2984,3429,3434,3613,3748,3809,3810
821,0.83181,0.81878,0.05639,0.06123,66.01,289,437,542,623,624,1125,1179,1182,1403,1446,1679,1905,1875,2020,2020,2019,2019,2338,2127,2631,2639,2994,2957,2984,3429,3434,3613,3748,3809,3810
822,0.83183,0.8187,0.05639,0.06124,66.08,289,437,542,623,625,1126,1179,1182,1403,1446,1679,1905,1875,2020,2020,2019,2019,2338,2127,2631,2639,2994,2957,2984,3429,3434,3613,3748,3809,3810
823,0.83185,0.81887,0.05639,0.06121,66.16,290,437,542,623,625,1127,1179,1182,1403,1446,1680,1905,1875,2020,2020,2019,2019,2337,2127,2631,2639,2994,2957,2984,3429,3434,3613,3748,3809,3810
824,0.83187,0.81871,0.05639,0.06124,66.24,290,437,543,624,625,1128,1179,1182,1403,1446,1681,1906,1875,2020,2020,2019,2019,2336,2127,2631,2639,2994,2957,2984,3429,3434,3613,3748,3809,3810
825,0.83188,0.81894,0.05638,0.0612,66.31,290,438,543,624,626,1128,1179,1182,1403,1446,1681,1906,1875,2020,2020,2019,2019,2336,2128,2631,2639,2994,2957,2984,3429,3434,3613,3748,3809,3810
826,0.83188,0.81867,0.05638,0.06125,66.38,290,438,543,625,626,1129,1179,1182,1403,1447,1682,1906,1875,2020,2020,2019,2019,2335,2127,2630,2639,2994,2957,2984,3429,3434,3613,3747,3809,3810
827,0.83188,0.81898,0.05638,0.0612,66.46,290,438,544,625,626,1130,1179,1182,1403,1447,1683,1906,1875,2020,2020,2019,2019,2334,2128,2631,2639,2994,2957,2984,3429,3434,3613,3747,3809,3809
828,0.83185,0.81856,0.05639,0.06127,66.54,291,438,544,625,627,1131,1179,1182,1403,1447,1684,1907,1875,2020,2020,2019,2019,2334,2127,2630,2639,2994,2957,2983,3429,3434,3613,3747,3809,3809
829,0.83182,0.819,0.05639,0.06119,66.62,291,438,544,626,627,1132,1179,1182,1403,1447,1684,1907,1875,2020,2020,2019,2019,2333,2128,2630,2639,2994,2957,2984,3429,3434,3613,3747,3809,3809
830,0.83174,0.81835,0.05641,0.0613,66.7,291,438,545,626,627,1132,1179,1182,1403,1447,1685,1907,1875,2020,2020,2019,2019,2332,2127,2630,2639,2993,2957,2983,3429,3434,3613,3747,3809,3809
831,0.83165,0.819,0.05642,0.06119,66.78,291,438,545,627,628,1133,1179,1182,1403,1447,1686,1907,1875,2020,2020,2019,2019,2332,2128,2630,2639,2994,2957,2984,3429,3434,3613,3747,3809,3809
832,0.83153,0.81808,0.05644,0.06135,66.86,292,438,545,627,628,1134,1179,1182,1403,1447,1686,1907,1875,2020,2020,2019,2019,2331,2127,2630,2639,2993,2957,2983,3429,3434,3613,3747,3809,3809
833,0.83146,0.81895,0.05645,0.0612,66.94,292,438,546,627,628,1135,1179,1182,1403,1447,1687,1907,1875,2020,2020,2019,2019,2330,2128,2630,2639,2994,2957,2984,3429,3434,3613,3747,3809,3809
834,0.83147,0.81801,0.05645,0.06136,67.02,292,438,546,628,629,1136,1179,1182,1403,1447,1688,1907,1875,2020,2019,2019,2019,2330,2127,2630,2639,2993,2957,2983,3429,3434,3613,3747,3809,3808
835,0.83162,0.81907,0.05643,0.06118,67.09,292,438,546,628,629,1136,1179,1182,1403,1448,1688,1907,1875,2020,2019,2019,2019,2329,2127,2630,2639,2993,2957,2984,3429,3434,3613,3747,3809,3808
836,0.83186,0.81851,0.05639,0.06127,67.16,293,438,547,629,630,1137,1179,1182,1403,1448,1689,1907,1875,2020,2019,2019,2019,2329,2127,2630,2639,2993,2957,2983,3429,3434,3613,3747,3809,3808
837,0.8321,0.81925,0.05635,0.06115,67.24,293,438,547,629,630,1138,1179,1182,1403,1448,1690,1907,1875,2020,2019,2019,2019,2328,2127,2630,2639,2993,2957,2984,3429,3434,3613,3747,3809,3808
838,0.83222,0.81912,0.05633,0.06117,67.33,293,438,547,629,630,1139,1179,1182,1403,1448,1691,1907,1875,2020,2019,2019,2019,2327,2127,2630,2639,2993,2957,2984,3429,3434,3613,3747,3809,3808
839,0.83221,0.81902,0.05633,0.06119,67.41,293,439,548,630,631,1139,1179,1182,1403,1448,1691,1907,1875,2020,2019,2019,2019,2327,2127,2630,2639,2993,2957,2984,3429,3434,3613,3747,3809,3808
840,0.83212,0.8193,0.05634,0.06114,67.48,294,439,548,630,631,1140,1179,1182,1403,1448,1692,1907,1875,2020,2019,2019,2019,2326,2127,2630,2639,2993,2957,2984,3429,3434,3613,3747,3809,3808
841,0.83204,0.81872,0.05636,0.06124,67.56,294,439,548,631,631,1141,1179,1182,1403,1448,1693,1907,1875,2020,2019,2019,2019,2325,2127,2630,2639,2993,2957,2983,3429,3434,3613,3747,3809,3808
842,0.83206,0.81936,0.05635,0.06113,67.64,294,439,549,631,632,1142,1179,1182,1403,1448,1693,1907,1875,2020,2019,2019,2019,2325,2128,2631,2639,2993,2957,2984,3429,3434,3613,3747,3809,3807
843,0.83215,0.81891,0.05634,0.06121,67.72,294,439,549,632,632,1143,1179,1182,1403,1448,1694,1906,1875,2020,2019,2019,2019,2324,2127,2630,2639,2993,2957,2984,3429,3434,3613,3747,3809,3807
844,0.83229,0.81947,0.05631,0.06111,67.81,295,439,549,632,633,1143,1179,1182,1403,1448,1695,1906,1875,2020,2019,2019,2019,2323,2128,2630,2639,2993,2957,2984,3429,3434,3613,3747,3809,3807
845,0.83238,0.81932,0.0563,0.06114,67.88,295,439,549,633,633,1144,1179,1182,1403,1449,1695,1906,1875,2020,2019,2019,2019,2323,2128,2630,2639,2993,2957,2984,3429,3434,3613,3747,3809,3807
846,0.8324,0.8193,0.0563,0.06114,67.96,295,439,550,633,633,1145,1179,1182,1403,1449,1696,1906,1875,2020,2019,2019,2019,2322,2127,2630,2639,2993,2957,2984,3429,3434,3613,3747,3809,3807
847,0.83237,0.81949,0.0563,0.06111,68.04,295,439,550,633,634,1146,1179,1182,1403,1449,1697,1906,1875,2020,2019,2019,2019,2321,2128,2630,2639,2993,2957,2984,3429,3434,3613,3747,3809,3807
848,0.83233,0.8191,0.05631,0.06117,68.11,296,439,550,634,634,1146,1179,1182,1403,1449,1698,1906,1875,2019,2019,2019,2019,2321,2127,2630,2639,2993,2957,2984,3429,3434,3613,3747,3809,3807
849,0.83234,0.81957,0.05631,0.06109,68.19,296,439,551,634,634,1147,1179,1182,1403,1449,1698,1906,1875,2020,2019,2019,2019,2320,2128,2630,2639,2993,2957,2984,3429,3434,3613,3747,3809,3807
850,0.8324,0.81924,0.0563,0.06115,68.29,296,439,551,635,635,1148,1179,1182,1403,1449,1699,1907,1875,2019,2019,2019,2019,2320,2127,2630,2639,2993,2957,2984,3429,3434,3613,3747,3809,3807
851,0.83249,0.81964,0.05628,0.06108,68.37,296,439,551,635,635,1149,1179,1182,1403,1449,1700,1907,1875,2020,2019,2019,2019,2319,2127,2630,2639,2993,2957,2984,3429,3434,3613,3747,3809,3806
852,0.83255,0.81952,0.05627,0.0611,68.45,297,439,552,636,636,1149,1179,1182,1403,1449,1700,1907,1875,2020,2019,2019,2019,2318,2127,2630,2639,2993,2957,2984,3429,3434,3613,3747,3809,3806
853,0.83257,0.81954,0.05627,0.0611,68.54,297,440,552,636,636,1150,1179,1182,1403,1449,1701,1907,1875,2020,2019,2019,2019,2318,2127,2630,2639,2993,2957,2984,3429,3434,3613,3747,3809,3806
854,0.83257,0.81969,0.05627,0.06107,68.63,297,440,552,636,636,1151,1179,1182,1403,1449,1702,1907,1875,2020,2019,2019,2019,2317,2127,2630,2639,2993,2957,2984,3429,3434,3613,3747,3809,3806
855,0.83256,0.81943,0.05627,0.06112,68.71,297,440,553,637,637,1152,1179,1182,1403,1449,1702,1907,1875,2019,2019,2019,2019,2316,2127,2630,2639,2993,2957,2984,3429,3434,3613,3747,3809,3806
856,0.83257,0.81977,0.05627,0.06106,68.79,298,440,553,637,637,1152,1179,1182,1403,1450,1703,1907,1875,2020,2019,2019,2019,2316,2127,2631,2639,2993,2957,2984,3429,3434,3613,3747,3809,3806
857,0.83261,0.81952,0.05626,0.0611,68.88,298,440,553,638,637,1153,1179,1182,1403,1450,1704,1907,1875,2019,2019,2019,2019,2315,2127,2630,2639,2993,2957,2984,3429,3434,3613,3747,3809,3806
858,0.83267,0.81981,0.05625,0.06106,68.95,298,440,554,638,638,1154,1179,1182,1403,1450,1704,1907,1875,2020,2019,2019,2019,2314,2127,2630,2639,2993,2957,2984,3429,3434,3613,3747,3809,3806
859,0.83271,0.81972,0.05624,0.06107,69.03,298,440,554,639,638,1155,1179,1182,1403,1450,1705,1907,1875,2020,2019,2019,2019,2314,2127,2630,2639,2993,2957,2984,3429,3434,3613,3747,3809,3805
860,0.83274,0.81977,0.05624,0.06106,69.1,298,440,554,639,639,1155,1179,1182,1403,1450,1705,1906,1875,2020,2019,2019,2019,2313,2127,2630,2639,2993,2957,2984,3429,3434,3613,3747,3809,3805
861,0.83275,0.81987,0.05624,0.06105,69.17,299,440,555,640,639,1156,1179,1182,1403,1451,1706,1906,1875,2020,2019,2019,2019,2313,2128,2630,2639,2993,2957,2984,3429,3434,3613,3747,3809,3805
862,0.83275,0.81972,0.05624,0.06107,69.24,299,440,555,640,639,1157,1179,1182,1403,1451,1707,1906,1875,2020,2019,2019,2019,2312,2127,2630,2639,2993,2957,2983,3429,3434,3613,3747,3809,3805
863,0.83277,0.81996,0.05623,0.06103,69.32,299,440,555,640,640,1158,1179,1182,1403,1451,1707,1906,1875,2020,2019,2019,2019,2311,2128,2630,2639,2993,2957,2984,3429,3434,3613,3747,3809,3805
864,0.83279,0.81978,0.05623,0.06106,69.39,299,440,556,641,640,1158,1179,1182,1403,1451,1708,1906,1875,2020,2019,2019,2019,2311,2127,2630,2639,2993,2957,2983,3429,3434,3613,3747,3809,3805
865,0.83283,0.82002,0.05622,0.06102,69.47,300,440,556,641,641,1159,1179,1182,1403,1451,1709,1906,1875,2020,2019,2019,2019,2310,2127,2630,2639,2993,2957,2983,3429,3434,3613,3747,3809,3805
866,0.83287,0.81992,0.05622,0.06104,69.55,300,440,556,642,641,1160,1179,1182,1403,1451,1709,1907,1875,2020,2019,2019,2019,2309,2127,2630,2639,2993,2957,2983,3429,3434,3613,3747,3809,3805
867,0.8329,0.82002,0.05621,0.06102,69.64,300,440,557,642,641,1161,1179,1182,1403,1451,1710,1907,1875,2020,2019,2019,2019,2309,2127,2630,2639,2993,2957,2983,3429,3434,3613,3747,3809,3805
868,0.83292,0.82004,0.05621,0.06102,69.71,300,440,557,643,642,1161,1179,1182,1403,1451,1711,1907,1875,2020,2019,2019,2019,2308,2127,2630,2639,2993,2957,2983,3429,3434,3613,3747,3809,3804
869,0.83294,0.82,0.05621,0.06102,69.79,301,441,557,643,642,1162,1179,1182,1403,1451,1711,1907,1875,2020,2019,2019,2019,2307,2127,2630,2639,2993,2957,2983,3429,3434,3613,3747,3809,3804
870,0.83296,0.82012,0.0562,0.061,69.87,301,441,557,644,643,1163,1179,1182,1403,1451,1712,1907,1875,2020,2019,2019,2019,2307,2127,2630,2639,2993,2957,2983,3429,3434,3613,3747,3809,3804
871,0.83298,0.82001,0.0562,0.06102,69.95,301,441,558,644,643,1164,1179,1182,1403,1451,1713,1907,1875,2020,2019,2019,2019,2306,2127,2630,2639,2993,2957,2983,3429,3434,3613,3747,3809,3804
872,0.833,0.82021,0.0562,0.06099,70.03,301,441,558,645,643,1164,1179,1182,1403,1451,1713,1907,1875,2020,2019,2019,2019,2305,2127,2630,2639,2993,2957,2983,3429,3434,3613,3747,3809,3804
873,0.83303,0.82011,0.05619,0.061,70.1,302,441,558,645,644,1165,1179,1182,1403,1451,1714,1907,1875,2020,2019,2019,2019,2305,2127,2630,2639,2993,2957,2983,3429,3434,3613,3747,3809,3804
874,0.83306,0.82027,0.05619,0.06098,70.19,302,441,559,646,644,1166,1179,1182,1403,1451,1715,1907,1875,2020,2019,2019,2019,2304,2127,2630,2639,2993,2957,2983,3429,3434,3613,3747,3809,3804
875,0.83309,0.82022,0.05618,0.06098,70.27,302,441,559,646,645,1167,1179,1182,1403,1451,1715,1907,1875,2020,2019,2019,2019,2304,2127,2630,2639,2993,2957,2983,3429,3434,3613,3747,3809,3804
876,0.83311,0.82028,0.05618,0.06097,70.35,302,441,559,647,645,1167,1179,1182,1403,1451,1716,1907,1875,2020,2019,2019,2019,2303,2127,2630,2639,2993,2957,2983,3429,3434,3613,3747,3809,3804
877,0.83314,0.82032,0.05617,0.06097,70.42,303,441,560,647,645,1168,1179,1182,1403,1451,1716,1906,1875,2020,2019,2019,2019,2302,2127,2630,2639,2993,2957,2983,3429,3434,3613,3747,3809,3804
878,0.83316,0.82029,0.05617,0.06097,70.5,303,441,560,648,646,1169,1179,1182,1403,1451,1717,1906,1875,2019,2019,2019,2019,2302,2127,2630,2639,2993,2957,2983,3429,3434,3613,3747,3809,3803
879,0.83318,0.82039,0.05617,0.06096,70.57,303,441,560,648,646,1170,1179,1182,1403,1451,1718,1906,1875,2020,2019,2019,2019,2301,2127,2630,2639,2993,2957,2983,3429,3434,3613,3747,3809,3803
880,0.8332,0.82031,0.05616,0.06097,70.65,303,441,561,648,647,1170,1179,1182,1403,1451,1718,1907,1875,2019,2019,2019,2019,2300,2127,2630,2639,2993,2957,2983,3429,3434,3613,3747,3809,3803
881,0.83322,0.82046,0.05616,0.06095,70.72,304,441,561,649,647,1171,1179,1182,1403,1451,1719,1907,1875,2020,2019,2019,2019,2300,2127,2630,2639,2993,2957,2984,3429,3434,3613,3747,3809,3803
882,0.83325,0.82038,0.05615,0.06096,70.81,304,441,561,649,648,1172,1179,1182,1403,1451,1720,1907,1875,2019,2019,2019,2019,2299,2127,2630,2639,2993,2957,2983,3429,3434,3613,3747,3809,3803
883,0.83327,0.82051,0.05615,0.06094,70.89,304,442,561,650,648,1173,1179,1182,1403,1451,1720,1907,1875,2020,2019,2019,2019,2299,2127,2630,2639,2993,2957,2984,3429,3434,3613,3747,3809,3803
884,0.8333,0.82046,0.05615,0.06094,70.96,304,442,562,650,648,1173,1179,1182,1403,1451,1721,1907,1875,2019,2019,2019,2019,2298,2127,2630,2639,2993,2957,2984,3429,3434,3613,3747,3809,3803
885,0.83332,0.82054,0.05614,0.06093,71.05,305,442,562,651,649,1174,1179,1182,1403,1451,1722,1907,1875,2020,2019,2019,2019,2297,2127,2630,2639,2993,2957,2984,3429,3434,3613,3747,3809,3803
886,0.83335,0.82053,0.05614,0.06093,71.13,305,442,562,651,649,1175,1179,1182,1403,1451,1722,1907,1875,2020,2019,2019,2019,2297,2127,2630,2639,2992,2957,2984,3429,3434,3613,3747,3809,3803
887,0.83337,0.82058,0.05613,0.06092,71.21,305,442,563,652,650,1175,1179,1182,1403,1450,1723,1907,1875,2020,2019,2019,2019,2296,2127,2630,2639,2992,2957,2984,3429,3434,3613,3747,3809,3803
888,0.8334,0.82062,0.05613,0.06092,71.28,305,442,563,652,650,1176,1179,1182,1403,1450,1723,1907,1875,2020,2019,2019,2019,2296,2127,2630,2639,2992,2957,2984,3429,3434,3613,3747,3809,3803
889,0.83342,0.82064,0.05613,0.06091,71.36,306,442,563,653,651,1177,1179,1182,1403,1450,1724,1907,1875,2020,2019,2019,2019,2295,2127,2630,2639,2992,2957,2984,3429,3434,3613,3747,3809,3802
890,0.83344,0.8207,0.05612,0.0609,71.46,306,442,564,653,651,1178,1179,1182,1403,1450,1725,1907,1875,2020,2019,2019,2019,2295,2127,2630,2639,2992,2957,2984,3429,3434,3613,3747,3809,3802
891,0.83346,0.82068,0.05612,0.06091,71.53,306,442,564,654,651,1178,1179,1182,1403,1450,1725,1907,1875,2020,2019,2019,2019,2294,2127,2630,2639,2992,2957,2984,3429,3434,3613,3747,3809,3802
892,0.83349,0.82075,0.05611,0.0609,71.6,306,442,564,654,652,1179,1179,1182,1403,1450,1726,1907,1875,2020,2019,2019,2019,2293,2127,2630,2639,2992,2958,2984,3429,3434,3613,3747,3809,3802
893,0.83351,0.82071,0.05611,0.0609,71.67,307,442,565,655,652,1180,1179,1182,1403,1450,1727,1907,1875,2020,2019,2019,2019,2293,2127,2630,2639,2992,2957,2984,3429,3434,3613,3747,3809,3802
894,0.83353,0.8208,0.05611,0.06089,71.74,307,442,565,655,653,1181,1179,1182,1403,1450,1727,1907,1875,2020,2019,2019,2019,2292,2127,2630,2639,2992,2958,2984,3429,3434,3613,3747,3809,3802
895,0.83355,0.82075,0.0561,0.06089,71.82,307,442,565,656,653,1181,1179,1182,1403,1450,1728,1907,1875,2020,2019,2019,2019,2292,2127,2630,2639,2992,2958,2984,3429,3434,3613,3747,3809,3802
896,0.83358,0.82084,0.0561,0.06088,71.9,307,442,565,656,653,1182,1179,1182,1403,1450,1729,1907,1875,2020,2019,2019,2019,2291,2127,2630,2639,2992,2958,2984,3429,3434,3613,3747,3809,3802
897,0.8336,0.8208,0.0561,0.06089,71.98,308,442,566,657,654,1183,1179,1182,1404,1450,1729,1907,1875,2020,2019,2019,2019,2291,2127,2630,2639,2992,2958,2984,3429,3434,3613,3747,3809,3802
898,0.83362,0.82091,0.05609,0.06087,72.06,308,442,566,657,654,1184,1179,1182,1404,1450,1730,1907,1875,2020,2019,2019,2019,2290,2127,2630,2639,2992,2958,2984,3429,3433,3613,3747,3809,3802
899,0.83364,0.82087,0.05609,0.06087,72.13,308,442,566,658,655,1184,1179,1182,1404,1451,1730,1907,1875,2020,2019,2019,2019,2289,2127,2630,2638,2992,2958,2984,3429,3433,3613,3747,3809,3802
900,0.83366,0.82097,0.05608,0.06086,72.21,308,442,567,658,655,1185,1179,1182,1404,1451,1731,1907,1875,2020,2019,2019,2019,2289,2127,2630,2639,2992,2958,2984,3429,3433,3613,3747,3809,3802
901,0.83368,0.8209,0.05608,0.06087,72.3,309,443,567,659,656,1186,1179,1182,1404,1451,1732,1907,1875,2020,2019,2019,2019,2288,2127,2630,2638,2992,2958,2984,3429,3433,3613,3747,3809,3801
902,0.83371,0.821,0.05608,0.06085,72.37,309,443,567,659,656,1186,1179,1182,1404,1451,1732,1907,1875,2020,2019,2019,2019,2288,2127,2630,2639,2992,2958,2984,3429,3432,3613,3747,3809,3801
903,0.83372,0.82093,0.05607,0.06086,72.46,309,443,568,660,657,1187,1179,1182,1404,1451,1733,1907,1875,2020,2019,2019,2019,2287,2127,2630,2638,2992,2958,2984,3429,3432,3613,3747,3809,3801
904,0.83374,0.82107,0.05607,0.06084,72.54,309,443,568,660,657,1188,1179,1182,1404,1451,1734,1907,1875,2020,2019,2019,2019,2287,2127,2630,2639,2992,2958,2984,3429,3432,3613,3747,3809,3801
905,0.83376,0.82097,0.05607,0.06086,72.62,310,443,568,661,657,1189,1179,1182,1404,1451,1734,1907,1875,2020,2019,2019,2019,2286,2127,2630,2638,2992,2958,2984,3429,3432,3613,3747,3809,3801
906,0.83378,0.82112,0.05606,0.06083,72.7,310,443,569,661,658,1189,1179,1182,1404,1451,1735,1907,1875,2020,2019,2019,2019,2286,2127,2630,2639,2992,2958,2984,3429,3431,3613,3747,3809,3801
907,0.8338,0.82098,0.05606,0.06086,72.77,310,443,569,662,658,1190,1179,1182,1404,1451,1736,1907,1875,2020,2019,2019,2019,2285,2127,2630,2639,2992,2958,2984,3429,3431,3613,3747,3809,3801
908,0.83382,0.82116,0.05606,0.06083,72.84,310,443,569,662,659,1191,1179,1182,1404,1451,1736,1907,1875,2020,2019,2019,2019,2285,2127,2630,2639,2992,2958,2984,3429,3431,3613,3747,3809,3801
909,0.83383,0.82097,0.05606,0.06086,72.92,311,443,570,663,659,1192,1179,1182,1404,1450,1737,1907,1875,2020,2019,2019,2019,2284,2127,2630,2639,2992,2958,2984,3429,3430,3613,3747,3809,3801
910,0.83384,0.82122,0.05605,0.06082,73.0,311,443,570,663,660,1192,1179,1182,1404,1450,1738,1907,1875,2020,2019,2019,2019,2283,2127,2630,2639,2992,2958,2984,3429,3430,3613,3747,3809,3801
911,0.83384,0.82095,0.05605,0.06086,73.08,311,443,570,664,660,1193,1179,1182,1405,1450,1738,1907,1875,2020,2019,2019,2019,2283,2127,2630,2639,2992,2958,2984,3429,3430,3613,3747,3809,3801
912,0.83383,0.82131,0.05606,0.0608,73.15,312,443,570,664,661,1194,1179,1182,1405,1450,1739,1907,1875,2020,2020,2019,2019,2282,2127,2630,2639,2992,2958,2984,3429,3429,3613,3747,3809,3801
913,0.83381,0.82089,0.05606,0.06087,73.23,312,443,571,665,661,1194,1179,1182,1405,1450,1740,1907,1875,2020,2020,2019,2019,2282,2127,2630,2639,2992,2958,2983,3429,3429,3613,3747,3809,3800
914,0.83378,0.82136,0.05606,0.06079,73.31,312,443,571,666,661,1195,1179,1182,1405,1450,1740,1907,1875,2020,2020,2019,2019,2281,2127,2630,2639,2992,2958,2984,3429,3429,3613,3747,3809,3800
915,0.83373,0.82074,0.05607,0.0609,73.39,312,443,571,666,662,1196,1179,1182,1405,1450,1741,1907,1875,2020,2020,2019,2019,2281,2127,2630,2639,2992,2957,2983,3429,3428,3613,3747,3809,3800
916,0.83367,0.82135,0.05608,0.06079,73.47,313,443,572,667,662,1197,1179,1182,1405,1450,1742,1907,1875,2020,2020,2019,2019,2280,2128,2630,2639,2992,2958,2984,3429,3428,3613,3747,3809,3800
917,0.8336,0.82052,0.05609,0.06093,73.54,313,443,572,667,663,1197,1179,1182,1405,1450,1742,1907,1875,2020,2019,2019,2019,2280,2127,2630,2639,2992,2957,2983,3429,3428,3613,3747,3809,3800
918,0.83356,0.82131,0.0561,0.0608,73.62,313,444,572,668,663,1198,1179,1182,1405,1450,1743,1907,1875,2020,2020,2019,2019,2279,2127,2630,2639,2992,2958,2984,3429,3428,3613,3747,3809,3800
919,0.83356,0.82045,0.0561,0.06095,73.7,313,444,573,668,664,1199,1179,1182,1405,1450,1743,1907,1875,2020,2019,2019,2019,2279,2127,2630,2639,2992,2957,2983,3429,3427,3613,3747,3809,3800
920,0.83364,0.82138,0.05609,0.06079,73.77,314,444,573,669,664,1199,1179,1182,1405,1450,1744,1907,1875,2020,2020,2019,2019,2279,2127,2630,2639,2992,2957,2984,3429,3427,3613,3747,3809,3800
921,0.83379,0.82074,0.05606,0.0609,73.86,314,444,573,669,665,1200,1179,1182,1405,1451,1745,1907,1875,2020,2019,2019,2019,2278,2127,2630,2639,2992,2957,2983,3428,3427,3613,3747,3809,3800
922,0.83397,0.82151,0.05603,0.06077,73.94,314,444,574,670,665,1201,1179,1182,1406,1451,1745,1907,1875,2020,2019,2019,2019,2278,2127,2630,2639,2992,2957,2983,3429,3426,3613,3747,3809,3800
923,0.83411,0.82122,0.05601,0.06082,74.02,314,444,574,670,665,1202,1179,1182,1406,1451,1746,1907,1875,2020,2019,2019,2019,2277,2127,2630,2639,2992,2957,2983,3428,3426,3613,3747,3809,3800
924,0.83418,0.82143,0.056,0.06078,74.1,315,444,574,671,666,1202,1179,1182,1406,1451,1747,1907,1875,2020,2019,2019,2019,2277,2127,2630,2639,2992,2957,2983,3429,3426,3613,3747,3809,3800
925,0.83418,0.8215,0.056,0.06077,74.18,315,444,575,671,666,1203,1179,1182,1406,1451,1747,1907,1875,2020,2019,2019,2019,2276,2127,2630,2639,2992,2957,2983,3429,3425,3613,3747,3809,3799
926,0.83413,0.82119,0.05601,0.06082,74.26,315,444,575,672,667,1204,1179,1182,1406,1451,1748,1907,1875,2020,2019,2019,2019,2276,2127,2630,2639,2992,2957,2983,3429,3425,3613,3747,3809,3799
927,0.83409,0.82159,0.05601,0.06075,74.34,315,444,575,672,667,1204,1179,1182,1406,1451,1748,1907,1875,2020,2019,2019,2019,2275,2128,2630,2639,2992,2957,2984,3429,3425,3613,3747,3809,3799
928,0.83408,0.82108,0.05601,0.06084,74.41,316,444,575,673,668,1205,1179,1182,1406,1451,1749,1907,1875,2019,2019,2019,2019,2275,2127,2630,2638,2992,2957,2983,3429,3424,3613,3747,3809,3799
929,0.83413,0.82165,0.05601,0.06074,74.48,316,444,576,674,668,1206,1179,1182,1406,1450,1750,1907,1875,2020,2019,2019,2019,2274,2128,2630,2639,2992,2957,2984,3429,3424,3613,3747,3809,3799
930,0.83421,0.82126,0.05599,0.06081,74.56,316,444,576,674,669,1207,1179,1182,1407,1450,1750,1907,1875,2019,2019,2019,2019,2274,2127,2630,2638,2992,2957,2983,3429,3424,3613,3747,3809,3799
931,0.8343,0.82168,0.05598,0.06074,74.65,316,444,576,675,669,1207,1179,1182,1407,1450,1751,1907,1875,2019,2019,2019,2019,2273,2128,2630,2638,2992,2957,2984,3429,3423,3613,3747,3809,3799
932,0.83436,0.82157,0.05597,0.06076,74.72,317,444,577,675,670,1208,1179,1182,1407,1450,1752,1907,1875,2019,2019,2019,2019,2273,2127,2630,2638,2992,2957,2984,3429,3423,3613,3747,3809,3799
933,0.83439,0.82161,0.05596,0.06075,74.8,317,445,577,676,670,1209,1179,1182,1407,1450,1752,1907,1875,2019,2019,2019,2019,2273,2127,2630,2638,2992,2957,2984,3429,3423,3613,3747,3809,3799
934,0.83439,0.82176,0.05596,0.06072,74.88,317,445,577,676,671,1210,1179,1182,1407,1450,1753,1907,1875,2019,2019,2019,2019,2272,2127,2630,2639,2992,2957,2984,3429,3422,3613,3747,3809,3799
935,0.83438,0.82149,0.05596,0.06077,74.96,317,445,578,677,671,1210,1179,1182,1407,1450,1754,1907,1875,2019,2019,2019,2019,2272,2127,2630,2638,2992,2957,2983,3429,3422,3613,3747,3809,3799
936,0.83438,0.82184,0.05596,0.06071,75.04,318,445,578,678,672,1211,1179,1182,1407,1450,1754,1907,1875,2019,2019,2019,2019,2271,2127,2630,2639,2992,2957,2984,3429,3422,3613,3747,3809,3799
937,0.83441,0.8215,0.05596,0.06077,75.11,318,445,578,678,672,1212,1179,1182,1407,1450,1755,1907,1875,2019,2019,2019,2019,2271,2127,2630,2639,2992,2957,2983,3429,3422,3613,3747,3809,3799
938,0.83446,0.82191,0.05595,0.0607,75.19,318,445,579,679,673,1212,1179,1182,1407,1450,1756,1907,1875,2019,2019,2019,2019,2271,2127,2630,2639,2992,2958,2984,3429,3421,3613,3747,3809,3798
939,0.83452,0.82172,0.05594,0.06073,75.26,318,445,579,679,673,1213,1179,1182,1407,1450,1756,1907,1875,2019,2019,2019,2019,2270,2127,2630,2639,2992,2957,2984,3429,3421,3613,3747,3809,3798
940,0.83458,0.82195,0.05593,0.06069,75.34,319,445,579,680,673,1214,1179,1182,1407,1450,1757,1907,1875,2019,2019,2019,2019,2270,2127,2630,2639,2992,2958,2984,3429,3421,3613,3747,3809,3798
941,0.83462,0.82196,0.05592,0.06069,75.42,319,445,580,680,674,1215,1179,1182,1408,1450,1758,1907,1875,2019,2019,2019,2019,2269,2127,2630,2639,2992,2958,2984,3429,3421,3613,3747,3809,3798
942,0.83464,0.82191,0.05592,0.0607,75.5,319,445,580,681,674,1215,1179,1182,1408,1450,1758,1907,1875,2019,2019,2019,2019,2269,2127,2630,2639,2992,2958,2984,3429,3420,3613,3747,3809,3798
943,0.83465,0.82209,0.05592,0.06067,75.57,320,445,580,681,675,1216,1179,1182,1408,1450,1759,1907,1875,2019,2019,2019,2019,2269,2127,2630,2639,2992,2958,2984,3429,3420,3613,3747,3809,3798
944,0.83466,0.82189,0.05592,0.0607,75.67,320,445,581,682,675,1217,1179,1182,1408,1450,1760,1907,1875,2019,2019,2019,2019,2268,2127,2630,2638,2992,2958,2984,3429,3420,3613,3747,3809,3798
945,0.83469,0.82214,0.05591,0.06066,75.75,320,445,581,683,676,1217,1179,1182,1408,1450,1760,1907,1875,2020,2019,2019,2019,2268,2128,2630,2639,2992,2958,2984,3429,3420,3613,3747,3809,3798
946,0.83472,0.82199,0.05591,0.06068,75.83,320,445,581,683,676,1218,1179,1182,1408,1451,1761,1907,1875,2020,2019,2019,2019,2268,2127,2630,2638,2992,2958,2984,3429,3420,3613,3747,3809,3798
947,0.83476,0.82217,0.0559,0.06065,75.89,321,445,582,684,677,1219,1179,1182,1408,1451,1762,1907,1875,2020,2019,2019,2019,2267,2127,2630,2638,2992,2958,2984,3429,3419,3613,3747,3809,3798
948,0.83479,0.82221,0.05589,0.06065,75.97,321,445,582,684,677,1220,1179,1182,1408,1451,1762,1907,1876,2020,2020,2019,2019,2267,2127,2630,2638,2992,2958,2984,3429,3419,3613,3747,3809,3798
949,0.83481,0.82222,0.05589,0.06065,76.05,321,445,582,685,678,1220,1179,1182,1409,1451,1763,1907,1876,2020,2020,2019,2019,2267,2127,2630,2638,2992,2958,2984,3429,3419,3613,3747,3809,3798
950,0.83483,0.82238,0.05589,0.06062,76.14,321,445,583,686,678,1221,1179,1182,1409,1451,1764,1907,1876,2020,2020,2019,2019,2266,2127,2630,2638,2992,2958,2984,3429,3419,3613,3747,3809,3798
951,0.83485,0.82223,0.05588,0.06064,76.22,322,445,583,686,679,1222,1179,1182,1409,1451,1764,1907,1876,2020,2020,2019,2019,2266,2127,2630,2638,2992,2958,2984,3429,3419,3613,3747,3809,3797
952,0.83488,0.82241,0.05588,0.06061,76.31,322,446,583,687,679,1222,1179,1182,1409,1451,1765,1907,1876,2020,2020,2019,2019,2265,2127,2630,2638,2992,2958,2984,3429,3419,3613,3747,3809,3797
953,0.83492,0.8223,0.05587,0.06063,76.39,322,446,583,687,680,1223,1179,1182,1409,1451,1766,1907,1876,2020,2020,2019,2019,2265,2127,2630,2638,2992,2958,2984,3429,3419,3613,3747,3809,3797
954,0.83495,0.82243,0.05587,0.06061,76.47,322,446,584,688,680,1224,1179,1182,1410,1451,1766,1907,1876,2020,2020,2019,2019,2265,2127,2630,2638,2992,2958,2984,3429,3419,3613,3747,3809,3797
955,0.83497,0.82243,0.05586,0.06061,76.56,323,446,584,689,681,1224,1179,1182,1410,1451,1767,1907,1876,2020,2020,2019,2019,2265,2127,2630,2638,2992,2958,2984,3429,3419,3613,3747,3809,3797
956,0.835,0.82248,0.05586,0.0606,76.64,323,446,584,689,681,1225,1179,1182,1410,1451,1768,1907,1876,2020,2020,2019,2019,2264,2127,2630,2638,2992,2958,2984,3429,3419,3613,3747,3809,3797
957,0.83502,0.82256,0.05585,0.06059,76.72,323,446,585,690,682,1226,1179,1182,1410,1450,1768,1907,1876,2020,2020,2019,2019,2264,2127,2630,2639,2992,2958,2984,3429,3419,3613,3747,3809,3797
958,0.83504,0.8225,0.05585,0.0606,76.8,323,446,585,690,682,1227,1179,1182,1410,1450,1769,1907,1876,2020,2020,2019,2019,2264,2127,2630,2639,2992,2958,2984,3429,3418,3613,3747,3809,3797
959,0.83507,0.82263,0.05585,0.06057,76.88,324,446,585,691,683,1227,1179,1182,1410,1450,1770,1906,1876,2020,2020,2019,2019,2263,2127,2630,2639,2992,2958,2984,3429,3418,3613,3747,3809,3797
960,0.83509,0.82252,0.05584,0.06059,76.96,324,446,586,692,683,1228,1179,1182,1411,1450,1771,1906,1876,2020,2020,2019,2019,2263,2127,2630,2639,2992,2958,2984,3429,3418,3613,3747,3809,3797
961,0.83513,0.82265,0.05584,0.06057,77.03,324,446,586,692,684,1229,1179,1182,1411,1450,1771,1906,1875,2020,2020,2019,2019,2263,2127,2630,2639,2992,2958,2983,3429,3418,3613,3747,3809,3797
962,0.83516,0.82256,0.05583,0.06059,77.1,325,446,586,693,685,1229,1179,1182,1411,1450,1772,1907,1875,2020,2020,2019,2019,2262,2127,2630,2639,2992,2958,2983,3429,3418,3613,3747,3809,3797
963,0.83519,0.82268,0.05583,0.06057,77.18,325,446,587,694,685,1230,1179,1182,1411,1450,1773,1907,1875,2020,2020,2019,2019,2262,2127,2630,2638,2992,2958,2983,3429,3418,3613,3747,3809,3796
964,0.83521,0.8227,0.05582,0.06056,77.25,325,446,587,694,686,1231,1179,1183,1411,1450,1773,1907,1875,2020,2020,2019,2019,2262,2127,2630,2638,2992,2958,2983,3429,3418,3613,3747,3809,3796
965,0.83524,0.82275,0.05582,0.06055,77.33,325,446,587,695,686,1232,1179,1183,1411,1450,1774,1907,1875,2020,2020,2019,2019,2262,2127,2630,2638,2992,2958,2983,3429,3418,3613,3747,3809,3796
966,0.83527,0.82284,0.05581,0.06054,77.41,326,446,588,695,687,1232,1179,1183,1412,1450,1775,1907,1875,2020,2020,2019,2019,2261,2127,2630,2638,2992,2958,2983,3429,3418,3613,3747,3809,3796
967,0.83529,0.82283,0.05581,0.06054,77.5,326,446,588,696,687,1233,1179,1183,1412,1450,1775,1907,1875,2020,2020,2019,2019,2261,2127,2630,2638,2992,2958,2983,3429,3418,3613,3747,3809,3796
968,0.83532,0.82295,0.0558,0.06052,77.57,326,446,588,697,688,1234,1179,1183,1412,1450,1776,1907,1875,2020,2020,2019,2019,2261,2127,2630,2638,2992,2958,2984,3429,3418,3613,3747,3809,3796
969,0.83535,0.82291,0.0558,0.06053,77.65,326,446,589,697,688,1234,1179,1183,1412,1450,1777,1907,1875,2020,2020,2019,2019,2260,2127,2630,2638,2992,2958,2984,3429,3418,3613,3747,3809,3796
970,0.83537,0.82302,0.05579,0.06051,77.72,327,446,589,698,689,1235,1179,1184,1412,1450,1777,1907,1875,2020,2020,2019,2019,2260,2127,2630,2638,2992,2958,2984,3429,3418,3613,3747,3809,3796
971,0.8354,0.823,0.05579,0.06051,77.8,327,447,589,699,689,1236,1179,1184,1413,1451,1778,1907,1876,2020,2020,2019,2019,2260,2127,2630,2638,2992,2958,2984,3429,3418,3613,3747,3809,3796
972,0.83543,0.82307,0.05579,0.0605,77.89,327,447,590,699,690,1236,1179,1184,1413,1451,1779,1907,1876,2020,2020,2019,2019,2260,2127,2630,2638,2992,2958,2984,3429,3418,3613,3747,3809,3796
973,0.83545,0.82307,0.05578,0.0605,77.96,328,447,590,700,690,1237,1179,1184,1413,1451,1780,1907,1876,2020,2020,2019,2019,2259,2127,2630,2638,2992,2958,2984,3429,3418,3613,3747,3809,3796
974,0.83548,0.82308,0.05578,0.0605,78.03,328,447,590,701,691,1238,1179,1185,1413,1451,1780,1907,1876,2020,2020,2019,2019,2259,2127,2630,2638,2992,2958,2984,3429,3417,3613,3747,3809,3796
975,0.8355,0.82313,0.05577,0.06049,78.11,328,447,591,701,691,1239,1179,1185,1413,1451,1781,1907,1876,2020,2020,2019,2019,2259,2127,2630,2638,2992,2958,2984,3429,3417,3613,3747,3809,3795
976,0.83553,0.82312,0.05577,0.06049,78.21,328,447,591,702,692,1239,1179,1185,1414,1451,1782,1907,1876,2020,2020,2019,2019,2259,2127,2630,2638,2992,2958,2984,3429,3417,3613,3747,3809,3795
977,0.83555,0.82322,0.05576,0.06048,78.3,329,447,591,702,693,1240,1179,1186,1414,1451,1782,1907,1876,2020,2020,2019,2019,2258,2127,2630,2638,2992,2958,2984,3429,3417,3613,3747,3809,3795
978,0.83557,0.82319,0.05576,0.06048,78.39,329,447,592,703,693,1241,1179,1186,1414,1451,1783,1907,1876,2020,2020,2019,2019,2258,2127,2630,2638,2992,2958,2984,3429,3417,3613,3747,3809,3795
979,0.8356,0.82328,0.05576,0.06046,78.48,329,447,592,704,694,1241,1179,1186,1414,1451,1784,1907,1876,2020,2020,2019,2019,2258,2127,2630,2638,2992,2958,2984,3429,3417,3613,3747,3809,3795
980,0.83563,0.82326,0.05575,0.06047,78.58,329,447,592,704,694,1242,1179,1187,1414,1450,1784,1907,1876,2020,2020,2019,2019,2258,2127,2630,2638,2992,2958,2984,3429,3417,3613,3747,3809,3795
981,0.83565,0.82335,0.05575,0.06045,78.67,330,447,593,705,695,1243,1179,1187,1414,1450,1785,1907,1876,2020,2020,2019,2019,2257,2127,2630,2638,2992,2958,2984,3429,3417,3613,3747,3809,3795
982,0.83568,0.82337,0.05574,0.06045,78.75,330,447,593,706,695,1243,1179,1187,1415,1450,1786,1907,1875,2020,2020,2019,2019,2257,2127,2630,2638,2992,2958,2984,3429,3417,3613,3747,3809,3795
983,0.83571,0.82341,0.05574,0.06044,78.84,330,447,593,706,696,1244,1179,1188,1415,1450,1787,1907,1875,2020,2020,2019,2019,2257,2127,2630,2638,2992,2958,2984,3429,3417,3613,3747,3809,3795
984,0.83573,0.82343,0.05573,0.06044,78.93,331,447,594,707,696,1245,1179,1188,1415,1450,1787,1907,1875,2020,2020,2019,2019,2256,2127,2630,2638,2992,2958,2984,3429,3417,3613,3747,3809,3795
985,0.83576,0.82344,0.05573,0.06044,79.01,331,447,594,708,697,1246,1179,1188,1415,1450,1788,1907,1875,2020,2020,2019,2019,2256,2127,2630,2638,2992,2958,2984,3429,3417,3613,3747,3809,3795
986,0.83579,0.82349,0.05572,0.06043,79.1,331,447,594,708,697,1246,1179,1188,1415,1450,1789,1907,1875,2020,2020,2019,2019,2256,2127,2630,2638,2992,2958,2984,3429,3417,3613,3747,3809,3795
987,0.83582,0.82352,0.05572,0.06042,79.18,331,447,595,709,698,1247,1179,1189,1416,1450,1789,1907,1875,2020,2020,2019,2019,2256,2127,2630,2638,2992,2958,2984,3429,3417,3613,3747,3809,3795
988,0.83585,0.82362,0.05571,0.06041,79.27,332,447,595,710,699,1248,1179,1189,1416,1450,1790,1907,1875,2020,2020,2019,2019,2255,2127,2630,2638,2992,2958,2984,3429,3417,3613,3747,3809,3794
989,0.83587,0.82361,0.05571,0.06041,79.36,332,448,595,710,699,1248,1179,1189,1416,1450,1791,1907,1875,2020,2020,2019,2019,2255,2127,2630,2638,2992,2958,2984,3429,3417,3613,3747,3809,3794
990,0.8359,0.8237,0.05571,0.06039,79.46,332,448,596,711,700,1249,1179,1190,1416,1450,1791,1907,1875,2020,2020,2019,2019,2255,2127,2630,2638,2992,2958,2984,3429,3417,3613,3747,3809,3794
991,0.83592,0.82363,0.0557,0.06041,79.54,332,448,596,712,700,1250,1179,1190,1417,1451,1792,1907,1875,2020,2020,2019,2019,2255,2127,2630,2638,2992,2958,2984,3429,3417,3613,3747,3809,3794
992,0.83595,0.82377,0.0557,0.06038,79.63,333,448,596,712,701,1250,1179,1190,1417,1450,1793,1907,1875,2020,2020,2019,2019,2254,2127,2630,2638,2992,2958,2984,3429,3417,3613,3747,3809,3794
993,0.83597,0.82368,0.05569,0.0604,79.72,333,448,597,713,701,1251,1179,1191,1417,1451,1793,1907,1875,2020,2020,2019,2019,2254,2127,2630,2638,2992,2958,2984,3429,3417,3613,3747,3809,3794
994,0.836,0.82382,0.05569,0.06037,79.82,333,448,597,714,702,1252,1179,1191,1417,1451,1794,1907,1875,2020,2020,2019,2019,2254,2127,2630,2638,2992,2958,2984,3429,3417,3613,3747,3809,3794
995,0.83602,0.82368,0.05569,0.0604,79.9,334,448,597,714,703,1253,1179,1191,1417,1451,1795,1907,1876,2020,2020,2019,2019,2254,2127,2630,2638,2992,2958,2983,3429,3417,3613,3747,3809,3794
996,0.83605,0.8239,0.05568,0.06036,80.0,334,448,598,715,703,1253,1179,1192,1418,1451,1795,1907,1875,2020,2020,2019,2019,2253,2127,2630,2638,2992,2958,2984,3429,3417,3613,3747,3809,3794
997,0.83607,0.82377,0.05568,0.06038,80.08,334,448,598,716,704,1254,1179,1192,1418,1451,1796,1907,1876,2020,2020,2019,2019,2253,2127,2630,2638,2992,2958,2983,3429,3417,3613,3747,3809,3794
998,0.83609,0.82401,0.05567,0.06034,80.18,334,448,598,716,704,1255,1179,1193,1418,1450,1797,1907,1875,2020,2020,2019,2019,2253,2127,2630,2638,2992,2958,2983,3429,3417,3613,3747,3809,3794
999,0.8361,0.82382,0.05567,0.06037,80.26,335,448,599,717,705,1255,1179,1193,1418,1451,1797,1907,1876,2020,2020,2019,2019,2253,2127,2630,2638,2992,2958,2983,3429,3417,3613,3747,3809,3794
1000,0.83612,0.82408,0.05567,0.06033,80.34,335,448,599,718,705,1256,1179,1193,1418,1450,1798,1907,1875,2020,2020,2019,2019,2253,2127,2630,2638,2992,2958,2983,3429,3417,3613,3747,3809,3794
1001,0.83614,0.8238,0.05567,0.06038,80.42,335,448,599,718,706,1257,1179,1194,1419,1451,1799,1907,1876,2020,2020,2019,2019,2252,2127,2630,2638,2992,2958,2983,3429,3417,3613,3747,3809,3793
1002,0.83615,0.82415,0.05566,0.06032,80.5,335,448,600,719,706,1257,1179,1194,1419,1450,1799,1907,1875,2020,2020,2019,2019,2252,2127,2630,2638,2992,2958,2983,3429,3417,3613,3747,3809,3793
1003,0.83616,0.82384,0.05566,0.06037,80.59,336,448,600,720,707,1258,1179,1195,1419,1451,1800,1907,1876,2020,2020,2019,2019,2252,2127,2630,2638,2992,2958,2983,3429,3417,3613,3747,3809,3793
1004,0.83617,0.82425,0.05566,0.0603,80.66,336,448,600,720,708,1259,1179,1195,1419,1450,1801,1907,1875,2020,2020,2019,2019,2252,2127,2630,2638,2992,2958,2983,3429,3417,3613,3747,3809,3793
1005,0.83617,0.82382,0.05566,0.06037,80.74,336,449,601,721,708,1259,1179,1196,1419,1451,1801,1907,1876,2020,2020,2019,2019,2251,2127,2630,2638,2992,2958,2983,3429,3417,3613,3747,3809,3793
1006,0.83617,0.8243,0.05566,0.06029,80.84,337,449,601,722,709,1260,1179,1196,1420,1450,1802,1907,1875,2020,2020,2019,2019,2251,2127,2630,2638,2992,2958,2983,3429,3417,3613,3747,3809,3793
1007,0.83616,0.82377,0.05566,0.06038,80.92,337,449,601,722,709,1261,1179,1197,1420,1451,1803,1907,1876,2020,2020,2019,2019,2251,2127,2630,2638,2992,2958,2983,3429,3417,3613,3747,3809,3793
1008,0.83616,0.82438,0.05566,0.06028,81.01,337,449,602,723,710,1262,1179,1197,1420,1450,1803,1907,1875,2020,2020,2019,2019,2251,2127,2630,2638,2992,2958,2983,3429,3417,3613,3747,3809,3793
1009,0.83615,0.82375,0.05566,0.06038,81.09,337,449,602,724,711,1262,1179,1197,1420,1451,1804,1907,1875,2020,2020,2019,2019,2251,2127,2630,2638,2992,2958,2983,3429,3417,3613,3747,3809,3793
1010,0.83615,0.82445,0.05566,0.06026,81.17,338,449,602,724,711,1263,1179,1198,1420,1450,1804,1907,1875,2020,2020,2019,2019,2250,2127,2630,2638,2992,2958,2983,3429,3417,3613,3747,3809,3793
1011,0.83618,0.8238,0.05566,0.06038,81.26,338,449,602,725,712,1264,1179,1198,1421,1451,1805,1907,1875,2020,2020,2019,2019,2250,2127,2630,2638,2992,2957,2983,3429,3417,3613,3747,3809,3793
1012,0.83624,0.82452,0.05565,0.06025,81.34,338,449,603,726,712,1264,1179,1198,1421,1450,1806,1907,1875,2020,2020,2019,2019,2250,2127,2630,2638,2992,2958,2983,3429,3417,3613,3747,3809,3793
1013,0.83631,0.82398,0.05564,0.06034,81.42,338,449,603,726,713,1265,1179,1199,1421,1451,1806,1907,1875,2020,2020,2019,2019,2250,2127,2630,2638,2992,2957,2983,3429,3417,3613,3747,3809,3792
1014,0.83641,0.82458,0.05562,0.06024,81.5,339,449,604,727,713,1266,1179,1199,1421,1450,1807,1907,1875,2020,2020,2019,2019,2249,2127,2630,2638,2992,2958,2983,3429,3417,3613,3747,3809,3792
1015,0.83649,0.82428,0.05561,0.06029,81.6,339,449,604,728,714,1266,1179,1199,1421,1451,1808,1907,1876,2020,2020,2019,2019,2249,2127,2630,2638,2992,2957,2983,3429,3417,3613,3747,3809,3792
1016,0.83656,0.82461,0.05559,0.06024,81.68,339,449,604,728,715,1267,1179,1200,1421,1451,1808,1907,1875,2020,2020,2019,2019,2249,2127,2630,2638,2992,2957,2983,3429,3417,3613,3747,3809,3792
1017,0.8366,0.82452,0.05559,0.06025,81.76,340,449,605,729,715,1268,1179,1200,1422,1451,1809,1907,1876,2020,2020,2019,2019,2249,2127,2630,2638,2992,2957,2983,3429,3417,3613,3747,3809,3792
1018,0.83663,0.82457,0.05558,0.06024,81.85,340,449,605,730,716,1268,1179,1200,1422,1451,1810,1907,1876,2020,2020,2019,2019,2248,2127,2630,2638,2992,2957,2983,3429,3417,3613,3747,3809,3792
1019,0.83664,0.82469,0.05558,0.06022,81.94,340,449,605,731,716,1269,1179,1201,1422,1451,1810,1907,1875,2020,2020,2019,2019,2248,2127,2630,2638,2992,2958,2983,3429,3417,3613,3747,3809,3792
1020,0.83665,0.8245,0.05558,0.06026,82.03,340,449,606,731,717,1270,1179,1201,1422,1451,1811,1907,1876,2020,2020,2019,2019,2248,2127,2630,2638,2992,2958,2983,3429,3417,3613,3747,3809,3792
1021,0.83665,0.82477,0.05558,0.06021,82.12,341,450,606,732,718,1271,1179,1202,1422,1451,1811,1907,1875,2020,2020,2019,2019,2248,2127,2630,2638,2992,2958,2983,3429,3417,3613,3747,3809,3792
1022,0.83665,0.82446,0.05558,0.06026,82.2,341,450,606,733,718,1271,1179,1202,1423,1451,1812,1907,1876,2020,2020,2019,2019,2248,2127,2630,2638,2992,2958,2983,3429,3417,3613,3747,3809,3792
1023,0.83666,0.82489,0.05558,0.06019,82.29,341,450,607,733,719,1272,1179,1203,1423,1450,1813,1907,1875,2020,2020,2019,2019,2247,2128,2630,2638,2992,2958,2983,3429,3417,3613,3747,3809,3791
1024,0.83666,0.82449,0.05558,0.06026,82.37,341,450,607,734,719,1273,1179,1203,1423,1451,1813,1907,1876,2020,2020,2019,2019,2247,2127,2630,2638,2992,2958,2983,3429,3417,3613,3747,3809,3791
1025,0.83667,0.82499,0.05557,0.06017,82.46,342,450,607,735,720,1273,1179,1203,1423,1450,1814,1907,1875,2020,2020,2019,2019,2247,2127,2630,2638,2992,2958,2983,3429,3417,3613,3747,3809,3791
1026,0.83669,0.82451,0.05557,0.06025,82.55,342,450,608,735,720,1274,1179,1204,1423,1451,1815,1907,1876,2020,2020,2019,2019,2247,2127,2630,2638,2992,2958,2983,3429,3417,3613,3747,3809,3791
1027,0.83673,0.82501,0.05557,0.06017,82.64,342,450,608,736,721,1275,1179,1204,1423,1450,1815,1907,1875,2020,2020,2019,2019,2247,2127,2630,2638,2992,2958,2983,3429,3417,3613,3747,3809,3791
1028,0.83676,0.82457,0.05556,0.06024,82.72,343,450,608,737,722,1275,1179,1205,1424,1451,1816,1907,1876,2020,2020,2019,2019,2247,2127,2630,2638,2992,2958,2983,3429,3417,3613,3747,3809,3791
1029,0.83681,0.82507,0.05555,0.06016,82.82,343,450,609,737,722,1276,1179,1205,1424,1450,1816,1907,1875,2020,2020,2019,2019,2246,2127,2630,2638,2992,2958,2983,3429,3417,3613,3747,3809,3791
1030,0.83686,0.82476,0.05554,0.06021,82.91,343,450,609,738,723,1277,1179,1206,1424,1450,1817,1907,1875,2020,2020,2019,2019,2246,2127,2630,2638,2992,2958,2983,3429,3417,3613,3747,3809,3791
1031,0.8369,0.82518,0.05553,0.06014,83.0,343,450,609,739,723,1277,1179,1206,1424,1450,1818,1907,1875,2020,2020,2019,2019,2246,2127,2630,2638,2992,2958,2983,3429,3417,3613,3747,3809,3791
1032,0.83695,0.82494,0.05553,0.06018,83.1,344,450,610,739,724,1278,1179,1207,1424,1450,1818,1907,1875,2020,2020,2019,2019,2246,2127,2630,2638,2992,2958,2983,3429,3417,3613,3747,3809,3791
1033,0.83699,0.8252,0.05552,0.06014,83.18,344,450,610,740,725,1279,1179,1207,1425,1450,1819,1907,1875,2020,2020,2019,2019,2245,2127,2630,2638,2992,2958,2983,3429,3417,3613,3747,3809,3790
1034,0.83702,0.82504,0.05551,0.06016,83.27,344,450,610,741,725,1279,1179,1207,1425,1450,1819,1907,1875,2020,2020,2019,2019,2245,2127,2630,2638,2992,2958,2983,3429,3417,3613,3747,3809,3790
1035,0.83706,0.8252,0.05551,0.06014,83.36,345,450,611,741,726,1280,1179,1208,1425,1450,1820,1907,1875,2020,2020,2019,2019,2245,2127,2630,2638,2992,2958,2983,3429,3417,3613,3747,3809,3790
1036,0.83709,0.82518,0.0555,0.06014,83.45,345,450,611,742,726,1281,1179,1208,1425,1450,1821,1907,1875,2020,2020,2019,2019,2245,2127,2630,2638,2992,2958,2983,3429,3417,3613,3747,3809,3790
1037,0.83711,0.82526,0.0555,0.06012,83.54,345,450,611,743,727,1282,1179,1209,1425,1450,1821,1907,1875,2020,2020,2019,2019,2245,2127,2630,2638,2992,2958,2983,3429,3417,3614,3747,3809,3790
1038,0.83714,0.82528,0.0555,0.06012,83.62,345,450,612,743,728,1282,1179,1209,1425,1450,1822,1907,1875,2020,2020,2019,2019,2244,2127,2630,2638,2992,2958,2983,3429,3417,3614,3747,3809,3790
1039,0.83716,0.82528,0.05549,0.06012,83.7,346,450,612,744,728,1283,1179,1210,1426,1450,1823,1907,1875,2020,2020,2019,2019,2244,2127,2630,2638,2991,2958,2983,3429,3417,3614,3747,3809,3790
1040,0.83719,0.82541,0.05549,0.0601,83.79,346,451,612,745,729,1284,1179,1210,1426,1450,1823,1907,1875,2020,2020,2019,2019,2244,2127,2630,2638,2991,2958,2983,3429,3417,3614,3747,3809,3790
1041,0.83721,0.82537,0.05548,0.06011,83.87,346,451,613,745,729,1284,1179,1210,1426,1450,1824,1907,1875,2020,2020,2019,2019,2244,2127,2630,2638,2991,2958,2983,3429,3417,3613,3747,3809,3790
1042,0.83723,0.82549,0.05548,0.06009,83.95,347,451,613,746,730,1285,1179,1211,1426,1450,1824,1907,1875,2020,2020,2019,2019,2244,2127,2630,2638,2991,2958,2983,3429,3417,3613,3747,3809,3790
1043,0.83725,0.82533,0.05548,0.06011,84.04,347,451,613,747,731,1286,1179,1211,1426,1450,1825,1907,1876,2020,2020,2019,2019,2243,2127,2630,2638,2991,2958,2983,3429,3417,3613,3747,3809,3789
1044,0.83726,0.82553,0.05547,0.06008,84.13,347,451,614,747,731,1286,1179,1212,1426,1450,1825,1907,1875,2020,2020,2019,2019,2243,2127,2630,2638,2991,2958,2983,3429,3417,3614,3747,3809,3789
1045,0.83727,0.82536,0.05547,0.06011,84.22,347,451,614,748,732,1287,1179,1212,1426,1450,1826,1907,1876,2020,2020,2019,2019,2243,2127,2630,2638,2991,2958,2983,3429,3417,3614,3747,3809,3789
1046,0.83729,0.82569,0.05547,0.06005,84.31,348,451,615,749,732,1288,1179,1212,1426,1450,1827,1907,1875,2020,2020,2019,2019,2243,2127,2630,2638,2991,2958,2983,3429,3417,3614,3747,3809,3789
1047,0.83729,0.82536,0.05547,0.06011,84.41,348,451,615,749,733,1288,1179,1213,1426,1450,1827,1907,1876,2020,2020,2019,2019,2243,2127,2630,2638,2991,2958,2983,3429,3417,3614,3747,3809,3789
1048,0.8373,0.82574,0.05547,0.06004,84.48,348,451,615,750,734,1289,1179,1213,1426,1450,1828,1907,1875,2020,2020,2019,2019,2243,2127,2630,2638,2991,2958,2983,3429,3417,3614,3747,3809,3789
1049,0.83729,0.82529,0.05547,0.06012,84.56,348,451,616,751,734,1290,1179,1214,1427,1450,1828,1907,1876,2020,2020,2019,2019,2242,2127,2630,2638,2991,2958,2983,3429,3417,3614,3747,3809,3789
1050,0.83729,0.82581,0.05547,0.06003,84.65,349,451,616,751,735,1290,1179,1214,1427,1450,1829,1907,1875,2020,2020,2019,2019,2242,2127,2630,2638,2991,2958,2983,3429,3417,3614,3747,3809,3789
1051,0.83727,0.82527,0.05547,0.06012,84.73,349,451,616,752,735,1291,1179,1214,1427,1450,1829,1907,1876,2020,2020,2019,2019,2242,2127,2630,2638,2991,2958,2983,3429,3417,3614,3747,3809,3789
1052,0.83727,0.82589,0.05547,0.06002,84.83,349,451,617,753,736,1292,1179,1215,1427,1450,1830,1907,1875,2020,2020,2019,2019,2242,2128,2630,2638,2991,2958,2983,3429,3417,3614,3747,3809,3789
1053,0.83726,0.82525,0.05547,0.06013,84.91,350,451,617,753,737,1292,1179,1215,1427,1450,1831,1907,1876,2020,2020,2019,2019,2242,2127,2630,2638,2991,2958,2983,3429,3417,3614,3747,3809,3788
1054,0.83729,0.82594,0.05547,0.06001,85.0,350,451,617,754,737,1293,1179,1215,1427,1450,1831,1907,1875,2020,2020,2019,2019,2242,2127,2630,2638,2992,2958,2983,3429,3417,3614,3747,3809,3788
1055,0.83733,0.82534,0.05546,0.06011,85.08,350,451,618,755,738,1294,1179,1216,1427,1450,1832,1907,1876,2020,2020,2019,2019,2241,2127,2630,2638,2991,2958,2983,3428,3417,3614,3747,3809,3788
1056,0.83741,0.82604,0.05545,0.05999,85.17,350,451,618,755,738,1294,1179,1216,1427,1450,1832,1907,1875,2020,2020,2019,2019,2241,2127,2630,2638,2992,2958,2983,3429,3417,3614,3747,3809,3788
1057,0.83749,0.8256,0.05544,0.06007,85.25,351,451,618,756,739,1295,1179,1217,1427,1450,1833,1907,1876,2020,2020,2019,2019,2241,2127,2630,2638,2991,2958,2983,3428,3417,3614,3747,3809,3788
1058,0.83758,0.82609,0.05542,0.05998,85.34,351,451,619,757,740,1296,1179,1217,1427,1450,1833,1907,1875,2020,2020,2019,2019,2241,2127,2630,2638,2992,2958,2983,3429,3417,3614,3747,3809,3788
1059,0.83765,0.82588,0.05541,0.06002,85.43,351,451,619,757,740,1297,1179,1218,1427,1450,1834,1907,1876,2020,2020,2019,2019,2241,2127,2630,2638,2991,2958,2983,3428,3417,3614,3747,3809,3788
1060,0.83769,0.82607,0.0554,0.05998,85.52,352,451,620,758,741,1297,1179,1218,1428,1450,1835,1907,1876,2020,2020,2019,2019,2240,2127,2630,2638,2992,2958,2983,3429,3417,3614,3747,3809,3788
1061,0.83772,0.82609,0.0554,0.05998,85.61,352,452,620,759,741,1298,1179,1218,1428,1450,1835,1907,1876,2020,2020,2019,2019,2240,2127,2630,2638,2991,2958,2983,3429,3417,3614,3747,3809,3788
1062,0.83773,0.82603,0.05539,0.05999,85.7,352,452,620,759,742,1299,1179,1219,1428,1450,1836,1907,1876,2020,2020,2019,2019,2240,2127,2630,2638,2991,2958,2983,3429,3417,3614,3747,3809,3787
1063,0.83774,0.82624,0.05539,0.05996,85.79,352,452,621,760,743,1299,1179,1219,1428,1450,1836,1907,1875,2020,2020,2019,2019,2240,2127,2630,2638,2991,2958,2983,3429,3417,3614,3747,3809,3787
1064,0.83773,0.82595,0.05539,0.06001,85.87,353,452,621,761,743,1300,1179,1220,1428,1450,1837,1907,1876,2020,2020,2019,2019,2240,2127,2630,2638,2991,2957,2983,3429,3417,3614,3747,3809,3787
1065,0.83773,0.82631,0.05539,0.05994,85.96,353,452,621,761,744,1301,1179,1220,1428,1450,1837,1907,1875,2020,2020,2019,2019,2240,2128,2630,2638,2991,2958,2983,3429,3417,3614,3747,3809,3787
1066,0.83773,0.82592,0.05539,0.06001,86.04,353,452,622,762,744,1301,1179,1221,1428,1450,1838,1907,1875,2020,2020,2019,2019,2239,2127,2630,2638,2991,2957,2983,3429,3417,3614,3747,3809,3787
1067,0.83775,0.82641,0.05539,0.05993,86.12,353,452,622,763,745,1302,1179,1221,1429,1450,1838,1907,1875,2020,2020,2019,2019,2239,2128,2630,2638,2991,2958,2983,3429,3417,3614,3747,3809,3787
1068,0.83778,0.82599,0.05539,0.06,86.21,354,452,623,763,746,1303,1179,1221,1429,1450,1839,1907,1875,2020,2020,2019,2019,2239,2127,2630,2638,2991,2958,2983,3429,3417,3614,3747,3809,3787
1069,0.83783,0.82645,0.05538,0.05992,86.29,354,452,623,764,746,1303,1179,1222,1429,1450,1839,1907,1875,2020,2020,2019,2019,2239,2127,2630,2638,2991,2958,2983,3429,3417,3614,3747,3809,3787
1070,0.83788,0.82617,0.05537,0.05997,86.37,354,452,623,765,747,1304,1179,1222,1429,1450,1840,1907,1875,2020,2020,2019,2019,2238,2127,2630,2638,2991,2958,2983,3429,3417,3614,3747,3809,3786
1071,0.83794,0.82651,0.05536,0.05991,86.45,355,452,624,765,747,1305,1179,1223,1429,1450,1841,1907,1875,2020,2020,2019,2019,2238,2127,2630,2638,2991,2958,2983,3429,3417,3614,3747,3809,3786
1072,0.83798,0.82638,0.05535,0.05993,86.54,355,452,624,766,748,1305,1179,1223,1429,1450,1841,1907,1875,2020,2020,2019,2019,2238,2127,2630,2638,2991,2958,2983,3429,3417,3614,3747,3809,3786
1073,0.83802,0.8265,0.05534,0.05991,86.61,355,452,625,767,748,1306,1179,1224,1429,1450,1842,1907,1875,2020,2020,2019,2019,2238,2127,2630,2638,2991,2958,2983,3429,3417,3614,3747,3809,3786
1074,0.83804,0.82655,0.05534,0.0599,86.69,355,452,625,767,749,1307,1179,1224,1430,1450,1842,1907,1876,2020,2020,2019,2019,2238,2127,2630,2638,2991,2958,2983,3429,3417,3614,3747,3809,3786
1075,0.83806,0.82652,0.05534,0.05991,86.77,356,452,625,768,750,1307,1179,1224,1430,1450,1843,1907,1876,2020,2020,2019,2019,2237,2127,2630,2638,2991,2958,2983,3429,3417,3614,3747,3809,3786
1076,0.83808,0.8267,0.05534,0.05988,86.86,356,452,626,769,750,1308,1179,1225,1430,1450,1843,1907,1875,2020,2020,2019,2019,2237,2127,2630,2638,2991,2958,2983,3429,3417,3614,3747,3809,3786
1077,0.83808,0.82651,0.05533,0.05991,86.95,356,452,626,769,751,1309,1179,1225,1430,1450,1844,1907,1876,2020,2020,2019,2019,2237,2127,2630,2638,2991,2958,2983,3429,3417,3614,3747,3809,3786
1078,0.8381,0.82678,0.05533,0.05986,87.03,357,452,626,770,751,1309,1179,1226,1430,1450,1844,1907,1875,2020,2020,2019,2019,2237,2127,2630,2638,2991,2958,2983,3429,3417,3614,3747,3809,3785
1079,0.8381,0.82648,0.05533,0.05991,87.12,357,453,627,771,752,1310,1179,1226,1430,1450,1845,1907,1876,2020,2020,2019,2019,2237,2127,2630,2638,2991,2958,2983,3429,3417,3614,3747,3809,3785
1080,0.83812,0.82684,0.05533,0.05985,87.2,357,453,627,771,753,1311,1179,1226,1430,1450,1845,1907,1875,2020,2020,2019,2019,2236,2127,2630,2638,2991,2958,2983,3429,3417,3614,3747,3809,3785
1081,0.83814,0.82652,0.05532,0.05991,87.28,357,453,628,772,753,1311,1179,1227,1430,1450,1846,1907,1876,2020,2020,2019,2019,2236,2127,2630,2638,2991,2958,2983,3429,3417,3614,3747,3809,3785
1082,0.83816,0.82692,0.05532,0.05984,87.36,358,453,628,773,754,1312,1179,1227,1430,1450,1846,1907,1875,2020,2020,2019,2019,2236,2127,2630,2638,2991,2958,2983,3429,3417,3614,3747,3809,3785
1083,0.83819,0.82657,0.05532,0.0599,87.44,358,453,629,773,754,1313,1179,1228,1430,1450,1847,1907,1876,2020,2020,2019,2019,2236,2127,2630,2638,2991,2958,2983,3429,3417,3614,3747,3809,3785
1084,0.83822,0.82697,0.05531,0.05983,87.52,358,453,629,774,755,1313,1179,1228,1431,1450,1847,1907,1875,2020,2020,2019,2019,2236,2127,2630,2638,2991,2958,2983,3429,3417,3614,3747,3809,3785
1085,0.83825,0.82668,0.05531,0.05988,87.6,358,453,629,775,756,1314,1179,1229,1431,1450,1848,1907,1876,2020,2020,2019,2019,2236,2127,2630,2638,2991,2958,2983,3429,3417,3614,3747,3809,3784
1086,0.83829,0.82706,0.0553,0.05981,87.68,359,453,630,775,756,1315,1179,1229,1431,1450,1849,1907,1875,2020,2020,2019,2019,2235,2127,2630,2638,2991,2958,2983,3429,3417,3614,3747,3809,3784
1087,0.83832,0.82677,0.05529,0.05986,87.76,359,453,630,776,757,1315,1179,1229,1431,1450,1849,1907,1876,2020,2020,2019,2019,2235,2127,2630,2638,2991,2958,2983,3429,3417,3614,3747,3809,3784
1088,0.83835,0.82708,0.05529,0.05981,87.84,359,453,631,777,757,1316,1179,1230,1431,1450,1850,1907,1875,2020,2020,2019,2019,2235,2127,2630,2638,2991,2958,2983,3429,3417,3614,3747,3809,3784
1089,0.83838,0.82688,0.05528,0.05985,87.94,360,453,631,777,758,1317,1179,1230,1431,1450,1850,1907,1876,2020,2020,2019,2019,2235,2127,2630,2638,2991,2958,2983,3429,3417,3614,3747,3809,3784
1090,0.83841,0.82719,0.05528,0.05979,88.01,360,453,631,778,758,1317,1179,1231,1431,1450,1851,1907,1875,2020,2020,2019,2019,2235,2127,2630,2638,2991,2958,2983,3429,3417,3614,3747,3809,3784
1091,0.83844,0.82699,0.05527,0.05983,88.1,360,453,632,779,759,1318,1179,1231,1431,1450,1851,1907,1875,2020,2020,2019,2019,2234,2127,2630,2638,2991,2958,2982,3429,3417,3614,3747,3809,3784
1092,0.83847,0.82724,0.05527,0.05978,88.19,360,453,632,779,760,1319,1179,1232,1432,1450,1852,1907,1875,2020,2020,2019,2019,2234,2127,2630,2638,2991,2958,2982,3429,3417,3614,3747,3809,3783
1093,0.83849,0.82702,0.05526,0.05982,88.28,361,453,633,780,760,1319,1179,1232,1432,1450,1852,1907,1876,2020,2020,2019,2019,2234,2127,2630,2638,2991,2958,2982,3429,3417,3614,3747,3809,3783
1094,0.83851,0.82729,0.05526,0.05977,88.37,361,453,633,781,761,1320,1179,1232,1432,1450,1853,1907,1875,2020,2020,2019,2019,2234,2127,2630,2638,2991,2958,2982,3429,3417,3614,3747,3809,3783
1095,0.83853,0.82707,0.05526,0.05981,88.46,361,453,634,781,761,1321,1179,1233,1432,1450,1853,1907,1876,2020,2020,2019,2019,2233,2127,2630,2638,2991,2958,2982,3429,3417,3614,3747,3809,3783
1096,0.83855,0.8274,0.05525,0.05975,88.55,362,453,634,782,762,1321,1179,1233,1432,1450,1854,1907,1875,2020,2020,2019,2019,2233,2127,2630,2638,2991,2958,2982,3429,3417,3614,3747,3809,3783
1097,0.83856,0.82708,0.05525,0.05981,88.64,362,454,635,783,763,1322,1179,1234,1432,1450,1854,1907,1876,2020,2020,2019,2019,2233,2127,2630,2638,2991,2958,2982,3429,3417,3614,3747,3809,3783
1098,0.83857,0.82743,0.05525,0.05975,88.72,362,454,635,783,763,1323,1179,1234,1432,1450,1855,1907,1875,2020,2020,2019,2019,2233,2127,2630,2638,2991,2958,2982,3429,3417,3614,3747,3809,3783
1099,0.83858,0.82708,0.05525,0.05981,88.81,362,454,635,784,764,1323,1179,1235,1432,1450,1855,1907,1876,2020,2020,2019,2019,2233,2127,2630,2638,2991,2958,2982,3429,3417,3614,3747,3809,3782
1100,0.83859,0.82755,0.05525,0.05973,88.89,363,454,636,785,764,1324,1179,1235,1432,1450,1856,1907,1875,2020,2020,2019,2019,2232,2128,2630,2638,2991,2958,2982,3429,3417,3614,3747,3809,3782
1101,0.83859,0.8271,0.05525,0.05981,88.97,363,454,636,785,765,1325,1179,1235,1432,1450,1856,1907,1876,2020,2020,2019,2019,2232,2127,2630,2638,2991,2958,2982,3429,3417,3614,3747,3809,3782
1102,0.83859,0.82759,0.05525,0.05972,89.05,363,454,637,786,766,1325,1179,1236,1433,1450,1856,1907,1875,2020,2020,2019,2019,2232,2128,2630,2638,2991,2958,2982,3429,3417,3614,3747,3809,3782
1103,0.83859,0.82705,0.05525,0.05982,89.13,363,454,637,787,766,1326,1179,1236,1433,1450,1857,1907,1876,2020,2020,2019,2019,2232,2127,2630,2638,2991,2958,2982,3429,3417,3614,3747,3809,3782
1104,0.83859,0.82764,0.05525,0.05971,89.22,364,454,638,787,767,1327,1179,1237,1433,1450,1857,1907,1875,2020,2020,2019,2019,2232,2128,2630,2638,2991,2958,2982,3429,3417,3614,3747,3809,3781
1105,0.83859,0.82704,0.05525,0.05982,89.31,364,454,638,788,767,1327,1179,1237,1433,1450,1858,1907,1876,2020,2020,2019,2019,2231,2127,2630,2638,2991,2958,2982,3429,3417,3614,3747,3809,3781
1106,0.83862,0.82772,0.05524,0.0597,89.39,364,454,638,789,768,1328,1179,1238,1433,1450,1858,1907,1875,2020,2020,2019,2019,2231,2128,2630,2638,2991,2958,2982,3429,3417,3614,3747,3809,3781
1107,0.83865,0.82714,0.05524,0.0598,89.48,365,454,639,789,769,1329,1179,1238,1433,1450,1859,1907,1876,2020,2020,2019,2019,2231,2127,2630,2638,2991,2958,2982,3429,3417,3614,3747,3809,3781
1108,0.83871,0.82781,0.05523,0.05968,89.57,365,454,639,790,769,1329,1179,1239,1433,1450,1859,1907,1875,2020,2020,2019,2019,2231,2128,2630,2638,2991,2958,2982,3429,3417,3614,3747,3809,3781
1109,0.83878,0.82734,0.05522,0.05977,89.65,365,454,640,791,770,1330,1179,1239,1434,1450,1860,1907,1876,2020,2020,2019,2019,2230,2127,2630,2638,2991,2958,2982,3429,3417,3614,3747,3809,3781
1110,0.83886,0.82787,0.0552,0.05967,89.74,365,454,640,791,770,1331,1179,1240,1434,1450,1860,1907,1875,2020,2020,2019,2019,2230,2127,2630,2638,2991,2958,2982,3429,3417,3614,3747,3809,3780
1111,0.83894,0.82759,0.05519,0.05972,89.82,366,454,641,792,771,1331,1179,1240,1434,1450,1861,1907,1876,2020,2020,2019,2019,2230,2127,2630,2638,2991,2958,2981,3429,3417,3614,3747,3809,3780
1112,0.839,0.8279,0.05518,0.05967,89.91,366,454,641,793,771,1332,1179,1240,1434,1450,1861,1907,1875,2020,2020,2019,2019,2230,2127,2630,2638,2991,2958,2982,3429,3417,3614,3747,3809,3780
1113,0.83904,0.82786,0.05517,0.05968,90.0,366,454,641,793,772,1333,1179,1241,1434,1450,1862,1907,1875,2020,2020,2019,2019,2229,2127,2630,2638,2991,2958,2981,3429,3417,3614,3747,3809,3780
1114,0.83907,0.82788,0.05516,0.05967,90.08,366,454,642,794,773,1333,1179,1241,1434,1451,1862,1907,1876,2020,2020,2019,2019,2229,2127,2630,2638,2991,2958,2981,3429,3417,3614,3747,3809,3780
1115,0.83908,0.82801,0.05516,0.05965,90.17,367,454,642,795,773,1334,1179,1242,1434,1451,1863,1907,1876,2020,2020,2019,2019,2229,2127,2630,2638,2991,2958,2981,3429,3417,3614,3747,3809,3779
1116,0.83908,0.82777,0.05516,0.05969,90.25,367,454,643,795,774,1335,1179,1242,1434,1451,1863,1907,1876,2020,2020,2019,2019,2229,2127,2630,2638,2991,2958,2981,3429,3417,3614,3747,3809,3779
1117,0.83908,0.82808,0.05516,0.05964,90.35,367,454,643,796,774,1335,1179,1243,1434,1451,1864,1907,1876,2020,2020,2019,2019,2228,2128,2630,2638,2991,2958,2981,3429,3417,3614,3747,3809,3779
1118,0.83908,0.82771,0.05516,0.0597,90.44,368,454,644,797,775,1336,1179,1243,1434,1451,1864,1907,1876,2020,2020,2019,2019,2228,2127,2630,2638,2991,2958,2981,3429,3417,3614,3747,3809,3779
1119,0.8391,0.82818,0.05516,0.05962,90.53,368,454,644,797,776,1337,1179,1244,1435,1450,1864,1907,1876,2020,2020,2019,2019,2228,2128,2630,2638,2991,2958,2981,3429,3417,3614,3747,3809,3779
1120,0.83912,0.82778,0.05516,0.05969,90.61,368,454,645,798,776,1337,1179,1244,1435,1451,1865,1907,1876,2020,2020,2019,2019,2228,2127,2630,2638,2991,2958,2981,3429,3417,3614,3747,3809,3779
1121,0.83915,0.82825,0.05515,0.05961,90.7,368,455,645,799,777,1338,1179,1245,1435,1450,1865,1907,1876,2020,2020,2019,2019,2227,2128,2630,2638,2991,2958,2981,3429,3417,3614,3747,3809,3778
1122,0.83919,0.82784,0.05514,0.05968,90.78,369,455,646,799,777,1339,1179,1245,1435,1450,1866,1907,1876,2020,2020,2019,2019,2227,2127,2630,2638,2991,2958,2981,3429,3417,3614,3747,3809,3778
1123,0.83923,0.82828,0.05514,0.0596,90.86,369,455,646,800,778,1339,1179,1246,1435,1450,1866,1907,1876,2020,2020,2019,2019,2227,2127,2630,2638,2991,2958,2981,3429,3417,3614,3747,3809,3778
1124,0.83927,0.82794,0.05513,0.05966,90.94,369,455,647,800,779,1340,1179,1246,1435,1450,1867,1907,1876,2020,2020,2019,2019,2227,2127,2630,2638,2991,2958,2981,3429,3417,3614,3747,3809,3778
1125,0.83931,0.82837,0.05512,0.05959,91.02,369,455,647,801,779,1341,1179,1246,1435,1450,1867,1907,1876,2020,2020,2019,2019,2226,2127,2630,2638,2991,2958,2981,3429,3417,3614,3747,3809,3778
1126,0.83935,0.82812,0.05512,0.05963,91.1,370,455,648,802,780,1341,1179,1247,1436,1450,1868,1907,1876,2020,2020,2019,2019,2226,2127,2630,2638,2991,2958,2981,3429,3417,3614,3747,3809,3777
1127,0.83939,0.82843,0.05511,0.05958,91.18,370,455,648,802,780,1342,1179,1247,1436,1450,1868,1907,1876,2020,2020,2019,2019,2226,2127,2630,2638,2991,2958,2981,3429,3417,3614,3747,3809,3777
1128,0.83943,0.82823,0.0551,0.05961,91.26,370,455,649,803,781,1343,1179,1248,1436,1450,1868,1908,1876,2020,2020,2019,2019,2226,2127,2630,2638,2991,2958,2981,3429,3417,3614,3747,3809,3777
1129,0.83947,0.82846,0.0551,0.05957,91.35,370,455,649,804,782,1343,1179,1248,1436,1450,1869,1908,1876,2020,2020,2019,2019,2226,2127,2630,2638,2991,2958,2981,3429,3417,3614,3747,3809,3777
1130,0.8395,0.82837,0.05509,0.05959,91.42,371,455,650,804,782,1344,1179,1248,1436,1450,1869,1908,1876,2020,2020,2019,2019,2225,2127,2630,2638,2991,2958,2981,3429,3417,3614,3747,3809,3776
1131,0.83953,0.82851,0.05509,0.05956,91.52,371,455,650,805,783,1345,1179,1249,1436,1450,1870,1908,1875,2020,2020,2019,2019,2225,2127,2630,2638,2991,2958,2981,3429,3417,3614,3747,3809,3776
1132,0.83956,0.82847,0.05508,0.05957,91.61,371,455,650,806,783,1345,1179,1249,1436,1450,1870,1908,1875,2020,2020,2019,2019,2225,2127,2630,2638,2991,2958,2981,3429,3417,3614,3747,3809,3776
1133,0.83959,0.82854,0.05508,0.05956,91.69,371,455,651,806,784,1346,1179,1250,1436,1450,1870,1908,1875,2020,2020,2019,2019,2225,2127,2630,2638,2991,2958,2981,3429,3417,3614,3747,3809,3776
1134,0.83962,0.82858,0.05507,0.05955,91.78,372,455,651,807,785,1347,1179,1250,1436,1450,1871,1909,1875,2020,2020,2019,2019,2225,2127,2630,2638,2991,2958,2981,3429,3417,3614,3747,3809,3776
1135,0.83964,0.82861,0.05507,0.05955,91.86,372,455,652,808,785,1347,1179,1251,1437,1450,1871,1909,1875,2020,2020,2019,2019,2224,2127,2630,2638,2991,2958,2981,3429,3417,3614,3747,3809,3775
1136,0.83967,0.82868,0.05506,0.05953,91.96,372,455,652,808,786,1348,1179,1251,1437,1450,1872,1909,1875,2020,2020,2019,2019,2224,2127,2630,2638,2991,2958,2981,3429,3417,3614,3747,3809,3775
1137,0.83969,0.82863,0.05506,0.05954,92.04,373,455,653,809,786,1349,1179,1252,1437,1450,1872,1910,1875,2020,2020,2019,2019,2224,2127,2630,2638,2991,2958,2981,3429,3417,3614,3747,3809,3775
1138,0.83972,0.82876,0.05505,0.05952,92.13,373,455,653,810,787,1349,1179,1252,1437,1450,1872,1910,1875,2020,2020,2019,2019,2224,2127,2630,2638,2991,2958,2981,3429,3417,3614,3747,3809,3775
1139,0.83974,0.82866,0.05505,0.05954,92.21,373,455,654,810,788,1350,1179,1253,1437,1450,1873,1911,1875,2020,2020,2019,2019,2223,2127,2630,2638,2991,2958,2981,3429,3417,3614,3747,3809,3775
1140,0.83976,0.82888,0.05505,0.0595,92.3,373,455,654,811,788,1351,1179,1253,1437,1450,1873,1911,1875,2020,2020,2019,2019,2223,2127,2630,2638,2991,2958,2981,3429,3417,3614,3747,3809,3774
1141,0.83977,0.82864,0.05504,0.05954,92.38,374,455,655,811,789,1351,1179,1253,1437,1450,1874,1911,1876,2020,2020,2019,2019,2223,2127,2630,2638,2991,2958,2981,3429,3417,3614,3747,3809,3774
1142,0.83977,0.82896,0.05505,0.05948,92.46,374,456,655,812,789,1352,1179,1254,1437,1450,1874,1912,1875,2020,2020,2019,2019,2223,2128,2630,2638,2991,2958,2981,3429,3417,3614,3747,3809,3774
1143,0.83974,0.82852,0.05505,0.05956,92.54,374,456,656,813,790,1352,1179,1254,1437,1450,1874,1912,1876,2020,2020,2019,2019,2222,2127,2630,2638,2991,2958,2981,3429,3417,3614,3747,3809,3774
1144,0.83968,0.82902,0.05506,0.05947,92.62,374,456,656,813,791,1353,1179,1255,1437,1450,1875,1913,1875,2020,2020,2019,2019,2222,2128,2630,2638,2991,2958,2981,3429,3417,3614,3747,3809,3773
1145,0.83956,0.8282,0.05508,0.05962,92.71,375,456,657,814,791,1354,1179,1255,1437,1450,1875,1913,1876,2020,2020,2019,2019,2222,2127,2630,2638,2991,2958,2981,3429,3417,3614,3747,3809,3773
1146,0.83939,0.82895,0.05511,0.05949,92.8,375,456,657,815,792,1354,1179,1256,1437,1450,1876,1914,1875,2020,2020,2019,2019,2222,2128,2629,2638,2991,2958,2981,3429,3417,3614,3747,3809,3773
1147,0.83914,0.8276,0.05515,0.05972,92.89,375,456,658,815,792,1355,1179,1256,1437,1450,1876,1914,1876,2020,2020,2019,2019,2221,2127,2629,2638,2991,2958,2981,3429,3417,3614,3747,3809,3773
1148,0.83897,0.82876,0.05518,0.05952,92.98,375,456,658,816,793,1356,1179,1256,1437,1450,1876,1915,1875,2020,2020,2019,2019,2221,2128,2629,2638,2991,2958,2981,3429,3417,3614,3747,3809,3772
1149,0.8389,0.8273,0.05519,0.05977,93.08,376,456,659,817,794,1356,1179,1257,1438,1450,1876,1915,1875,2020,2020,2019,2019,2221,2127,2629,2638,2991,2958,2981,3428,3417,3614,3747,3809,3772
1150,0.83922,0.82893,0.05514,0.05949,93.16,376,456,659,817,794,1357,1179,1257,1438,1450,1877,1916,1875,2020,2020,2019,2019,2221,2128,2628,2638,2991,2958,2981,3428,3417,3614,3747,3809,3772
1151,0.83967,0.82834,0.05506,0.05959,93.24,376,456,660,818,795,1358,1179,1258,1438,1450,1877,1916,1875,2019,2019,2019,2019,2221,2127,2627,2638,2991,2958,2981,3428,3417,3614,3747,3809,3772
1152,0.84003,0.82928,0.055,0.05943,93.34,376,456,660,818,795,1358,1179,1258,1438,1450,1878,1917,1875,2020,2019,2019,2019,2220,2127,2626,2638,2991,2958,2981,3428,3417,3614,3747,3809,3771
1153,0.84006,0.82933,0.05499,0.05942,93.42,377,456,661,819,796,1359,1179,1259,1438,1450,1878,1918,1875,2019,2019,2019,2019,2220,2127,2625,2638,2991,2958,2981,3428,3417,3614,3747,3809,3771
1154,0.83985,0.82864,0.05503,0.05954,93.52,377,456,661,820,796,1360,1179,1259,1438,1450,1878,1918,1875,2019,2019,2019,2019,2220,2127,2624,2638,2990,2958,2981,3428,3417,3614,3747,3809,3771
1155,0.83969,0.82932,0.05506,0.05942,93.6,377,456,662,820,797,1360,1179,1260,1438,1450,1879,1919,1875,2019,2019,2019,2019,2220,2128,2623,2638,2990,2958,2981,3428,3417,3614,3747,3809,3771
1156,0.83969,0.82836,0.05506,0.05959,93.69,377,456,662,821,798,1361,1179,1260,1438,1451,1879,1920,1876,2019,2019,2019,2019,2219,2127,2623,2638,2990,2958,2981,3428,3417,3614,3747,3809,3770
1157,0.83993,0.82936,0.05502,0.05942,93.77,378,456,663,822,798,1362,1179,1261,1438,1450,1879,1920,1876,2019,2019,2019,2019,2219,2128,2622,2638,2990,2958,2981,3429,3417,3614,3747,3809,3770
1158,0.84015,0.82899,0.05498,0.05948,93.85,378,456,663,822,799,1362,1179,1261,1439,1451,1880,1921,1876,2019,2019,2019,2019,2219,2127,2621,2638,2990,2958,2981,3429,3417,3614,3747,3809,3770
1159,0.84027,0.8293,0.05496,0.05943,93.93,378,456,664,823,799,1363,1179,1262,1439,1450,1880,1922,1876,2019,2019,2019,2019,2219,2128,2620,2638,2990,2958,2981,3429,3417,3614,3747,3809,3770
1160,0.84022,0.82947,0.05497,0.0594,94.02,378,456,665,824,800,1364,1179,1262,1439,1450,1880,1923,1876,2019,2019,2019,2019,2218,2128,2619,2638,2990,2958,2981,3429,3417,3614,3747,3809,3770
1161,0.84011,0.82888,0.05499,0.0595,94.1,379,456,665,824,801,1364,1179,1263,1439,1450,1881,1923,1876,2019,2019,2019,2019,2218,2127,2618,2638,2990,2958,2981,3429,3417,3614,3747,3809,3769
1162,0.84009,0.82948,0.05499,0.05939,94.2,379,456,666,825,801,1365,1179,1263,1439,1450,1881,1924,1875,2020,2019,2019,2019,2218,2128,2617,2638,2990,2958,2981,3429,3417,3614,3747,3809,3769
1163,0.84017,0.82891,0.05498,0.05949,94.29,379,456,666,825,802,1366,1179,1263,1439,1450,1881,1925,1876,2019,2019,2019,2019,2218,2127,2616,2638,2990,2958,2981,3429,3417,3614,3747,3809,3769
1164,0.84033,0.82957,0.05495,0.05938,94.37,379,456,667,826,802,1366,1179,1264,1439,1450,1882,1926,1875,2020,2019,2019,2019,2217,2128,2615,2638,2990,2958,2981,3429,3417,3614,3747,3809,3769
1165,0.84042,0.82957,0.05493,0.05938,94.46,380,456,667,827,803,1367,1179,1264,1439,1450,1882,1927,1875,2020,2020,2019,2019,2217,2128,2614,2638,2989,2958,2981,3429,3417,3614,3747,3809,3768
1166,0.84041,0.82953,0.05493,0.05939,94.55,380,456,668,827,803,1367,1179,1265,1439,1450,1883,1928,1875,2020,2020,2019,2019,2217,2127,2613,2638,2989,2958,2981,3429,3417,3614,3747,3809,3768
1167,0.84037,0.82981,0.05494,0.05934,94.64,380,456,668,828,804,1368,1179,1265,1440,1450,1883,1930,1875,2020,2020,2019,2019,2216,2128,2612,2638,2989,2959,2982,3429,3417,3614,3747,3809,3768
1168,0.84035,0.82924,0.05494,0.05944,94.72,380,456,669,829,805,1369,1179,1266,1440,1450,1883,1931,1875,2020,2020,2019,2019,2216,2127,2610,2638,2989,2958,2982,3429,3417,3614,3747,3809,3768
1169,0.84041,0.82975,0.05493,0.05935,94.81,381,456,669,829,805,1369,1179,1266,1440,1450,1884,1932,1875,2020,2020,2019,2019,2216,2128,2609,2638,2989,2959,2982,3429,3417,3614,3747,3809,3767
1170,0.84051,0.82947,0.05492,0.0594,94.9,381,457,670,830,806,1370,1179,1266,1440,1450,1884,1933,1875,2020,2020,2019,2019,2216,2127,2608,2638,2989,2959,2982,3429,3417,3614,3747,3809,3767
1171,0.84059,0.82978,0.0549,0.05934,94.98,381,457,670,831,806,1371,1179,1267,1440,1450,1884,1935,1875,2020,2020,2019,2019,2215,2127,2606,2638,2989,2959,2982,3429,3417,3614,3747,3809,3767
1172,0.84061,0.82986,0.0549,0.05933,95.08,381,457,671,831,807,1371,1179,1267,1440,1450,1885,1936,1875,2020,2020,2019,2019,2215,2127,2605,2638,2989,2959,2982,3429,3417,3614,3747,3809,3767
1173,0.84059,0.82959,0.0549,0.05938,95.17,382,457,671,832,808,1372,1179,1268,1440,1450,1885,1938,1876,2020,2020,2019,2019,2215,2127,2604,2638,2989,2959,2982,3429,3417,3614,3747,3809,3766
1174,0.84058,0.82992,0.0549,0.05932,95.26,382,457,672,832,808,1373,1179,1268,1440,1450,1885,1940,1876,2020,2020,2019,2019,2215,2128,2602,2638,2989,2959,2982,3429,3417,3614,3747,3809,3766
1175,0.84061,0.82953,0.0549,0.05939,95.35,382,457,672,833,809,1373,1179,1269,1440,1451,1886,1942,1876,2020,2020,2019,2019,2214,2127,2601,2638,2989,2959,2982,3429,3417,3614,3747,3809,3766
1176,0.84067,0.83003,0.05489,0.0593,95.44,382,457,673,834,809,1374,1179,1269,1440,1450,1886,1944,1876,2020,2020,2019,2019,2214,2128,2599,2638,2989,2959,2982,3429,3417,3614,3747,3809,3766
1177,0.84075,0.82989,0.05488,0.05932,95.53,383,457,674,834,810,1375,1179,1269,1440,1450,1886,1946,1876,2020,2020,2019,2019,2214,2127,2597,2638,2989,2959,2982,3429,3417,3614,3747,3809,3765
1178,0.8408,0.83008,0.05487,0.05929,95.61,383,457,674,835,810,1375,1179,1270,1440,1450,1887,1948,1875,2020,2020,2019,2019,2213,2128,2596,2638,2989,2959,2982,3429,3417,3614,3747,3809,3765
1179,0.84083,0.83012,0.05486,0.05928,95.69,383,457,675,836,811,1376,1179,1270,1440,1450,1887,1951,1875,2020,2020,2019,2019,2213,2128,2594,2637,2989,2959,2982,3429,3417,3614,3747,3809,3765
1180,0.84084,0.82989,0.05486,0.05932,95.78,383,457,675,836,812,1377,1179,1271,1440,1450,1887,1953,1875,2020,2020,2019,2019,2213,2127,2592,2637,2989,2959,2982,3429,3417,3614,3747,3809,3765
1181,0.84086,0.83019,0.05486,0.05927,95.88,383,457,676,837,812,1377,1179,1271,1441,1450,1888,1956,1875,2020,2020,2019,2019,2213,2128,2590,2637,2989,2959,2982,3429,3417,3614,3747,3809,3764
1182,0.8409,0.82996,0.05485,0.05931,95.95,384,457,676,838,813,1378,1179,1272,1441,1450,1888,1959,1875,2020,2020,2019,2019,2212,2127,2588,2636,2989,2958,2981,3429,3417,3614,3747,3809,3764
1183,0.84096,0.83033,0.05484,0.05925,96.05,384,457,677,838,813,1378,1179,1272,1441,1450,1888,1962,1875,2020,2020,2019,2019,2212,2128,2586,2636,2989,2958,2981,3429,3417,3614,3747,3809,3764
1184,0.84102,0.83022,0.05483,0.05926,96.13,384,457,677,839,814,1379,1179,1273,1441,1450,1889,1965,1875,2020,2020,2019,2019,2212,2127,2584,2635,2989,2958,2981,3429,3417,3614,3747,3809,3764
1185,0.84108,0.83031,0.05482,0.05925,96.22,384,457,678,840,814,1380,1179,1273,1441,1450,1889,1968,1875,2020,2020,2019,2019,2212,2127,2582,2635,2989,2958,2981,3429,3417,3614,3747,3809,3763
1186,0.84112,0.83038,0.05481,0.05924,96.3,385,457,679,840,815,1380,1179,1274,1441,1450,1890,1972,1875,2020,2020,2019,2019,2211,2127,2580,2634,2989,2958,2981,3429,3417,3614,3747,3809,3763
1187,0.84115,0.83027,0.05481,0.05926,96.38,385,457,679,841,816,1381,1179,1274,1441,1450,1890,1975,1875,2020,2020,2019,2019,2211,2127,2578,2633,2989,2958,2981,3429,3417,3614,3747,3809,3763
1188,0.84119,0.83054,0.0548,0.05921,96.46,385,457,680,842,816,1382,1179,1274,1441,1450,1890,1979,1875,2020,2020,2019,2019,2211,2128,2576,2633,2990,2958,2981,3429,3417,3614,3747,3809,3763
1189,0.84125,0.8304,0.05479,0.05923,96.55,385,457,680,842,817,1382,1179,1275,1442,1450,1890,1983,1875,2020,2020,2019,2019,2211,2127,2574,2632,2989,2958,2981,3429,3417,3614,3747,3809,3763
1190,0.84131,0.83068,0.05478,0.05919,96.63,385,457,681,843,817,1383,1179,1275,1442,1450,1891,1987,1875,2020,2020,2019,2019,2210,2128,2572,2631,2990,2958,2981,3429,3417,3614,3747,3809,3762
1191,0.84137,0.83062,0.05477,0.0592,96.71,386,457,681,844,818,1384,1179,1276,1442,1450,1891,1991,1875,2020,2020,2019,2019,2210,2128,2570,2631,2990,2958,2981,3429,3417,3614,3747,3809,3762
1192,0.84143,0.83074,0.05476,0.05917,96.8,386,457,682,844,819,1384,1179,1276,1442,1450,1891,1995,1875,2020,2020,2019,2019,2210,2128,2568,2630,2990,2958,2981,3429,3417,3614,3747,3809,3762
1193,0.84148,0.83084,0.05475,0.05916,96.89,386,457,683,845,819,1385,1179,1277,1442,1450,1892,1999,1875,2020,2020,2019,2019,2209,2128,2566,2629,2990,2958,2981,3429,3417,3614,3747,3809,3762
1194,0.84153,0.83083,0.05474,0.05916,96.98,386,458,683,846,820,1386,1179,1277,1442,1450,1892,2003,1875,2020,2020,2019,2019,2209,2127,2563,2628,2990,2958,2981,3429,3417,3614,3747,3809,3761
1195,0.84157,0.83105,0.05473,0.05912,97.05,387,458,684,846,820,1386,1179,1278,1442,1450,1893,2007,1875,2020,2020,2019,2019,2209,2128,2561,2628,2990,2958,2981,3429,3417,3614,3747,3809,3761
1196,0.84162,0.83094,0.05473,0.05914,97.14,387,458,684,847,821,1387,1179,1278,1442,1450,1893,2011,1875,2020,2020,2019,2019,2208,2127,2559,2627,2989,2958,2981,3429,3417,3614,3747,3809,3761
1197,0.84166,0.83118,0.05472,0.0591,97.23,387,458,685,848,821,1387,1179,1278,1442,1450,1893,2015,1875,2020,2020,2019,2019,2208,2128,2556,2626,2990,2958,2981,3429,3417,3614,3747,3809,3761
1198,0.8417,0.83107,0.05471,0.05912,97.31,387,458,686,848,822,1388,1179,1279,1442,1450,1894,2019,1875,2020,2020,2019,2019,2208,2127,2554,2625,2989,2958,2981,3429,3417,3614,3747,3809,3760
1199,0.84174,0.83122,0.05471,0.05909,97.4,387,458,686,849,823,1389,1179,1279,1442,1450,1894,2022,1875,2020,2020,2019,2019,2208,2128,2551,2625,2989,2958,2981,3429,3417,3614,3747,3809,3760
1200,0.84176,0.83117,0.0547,0.0591,97.48,388,458,687,850,823,1389,1179,1280,1443,1450,1894,2025,1875,2020,2020,2019,2019,2207,2127,2548,2624,2989,2958,2981,3429,3417,3614,3747,3809,3760
1201,0.84178,0.83123,0.0547,0.05909,97.57,388,458,687,850,824,1390,1179,1280,1443,1450,1895,2028,1875,2020,2020,2019,2019,2207,2128,2546,2623,2989,2959,2981,3429,3417,3614,3747,3809,3760
1202,0.8418,0.8313,0.0547,0.05908,97.66,388,458,688,851,824,1391,1179,1281,1443,1450,1895,2030,1875,2020,2020,2019,2019,2207,2128,2543,2622,2989,2959,2981,3429,3417,3614,3747,3809,3760
1203,0.84182,0.8313,0.05469,0.05908,97.74,388,458,689,852,825,1391,1179,1281,1443,1450,1895,2031,1875,2020,2020,2019,2019,2206,2128,2541,2622,2989,2959,2981,3429,3417,3614,3747,3809,3759
1204,0.84184,0.83144,0.05469,0.05905,97.82,389,458,689,852,826,1392,1179,1282,1443,1450,1896,2031,1875,2020,2020,2019,2019,2206,2128,2538,2621,2989,2959,2981,3429,3417,3614,3747,3809,3759
1205,0.84186,0.83133,0.05468,0.05907,97.91,389,458,690,853,826,1393,1179,1282,1443,1450,1896,2031,1875,2020,2020,2019,2019,2206,2127,2535,2620,2989,2959,2981,3429,3417,3614,3747,3809,3759
1206,0.8419,0.83148,0.05468,0.05904,98.02,389,458,691,854,827,1393,1179,1282,1443,1450,1897,2031,1875,2020,2020,2019,2019,2206,2128,2533,2619,2989,2959,2981,3429,3417,3614,3747,3809,3759
1207,0.84193,0.8314,0.05467,0.05906,98.1,389,458,691,855,827,1394,1179,1283,1443,1450,1897,2030,1875,2020,2020,2019,2019,2205,2127,2530,2618,2989,2959,2981,3429,3417,3614,3747,3809,3758
1208,0.84197,0.83161,0.05467,0.05902,98.18,389,458,692,855,828,1395,1179,1283,1443,1450,1897,2029,1875,2020,2020,2019,2019,2205,2128,2528,2618,2989,2959,2981,3429,3417,3614,3747,3809,3758
1209,0.842,0.83153,0.05466,0.05904,98.26,390,458,692,856,828,1395,1179,1284,1443,1450,1898,2027,1875,2020,2020,2019,2018,2205,2127,2526,2617,2989,2959,2981,3429,3417,3614,3747,3809,3758
1210,0.84204,0.83168,0.05465,0.05901,98.34,390,458,693,857,829,1396,1179,1284,1443,1450,1898,2025,1875,2020,2020,2019,2018,2205,2128,2524,2616,2989,2959,2981,3429,3417,3614,3747,3809,3758
1211,0.84207,0.8316,0.05465,0.05902,98.44,390,458,694,857,830,1397,1179,1285,1444,1450,1898,2024,1875,2020,2020,2019,2018,2204,2127,2522,2615,2989,2959,2981,3429,3417,3614,3747,3809,3758
1212,0.8421,0.8317,0.05464,0.05901,98.52,390,458,694,858,830,1397,1179,1285,1444,1450,1899,2022,1875,2020,2020,2019,2018,2204,2128,2520,2615,2989,2959,2981,3429,3417,3614,3747,3809,3757
1213,0.84213,0.83168,0.05464,0.05901,98.6,390,458,695,859,831,1398,1179,1286,1444,1450,1899,2021,1875,2020,2020,2019,2018,2204,2127,2519,2614,2989,2959,2981,3429,3417,3614,3747,3809,3757
1214,0.84216,0.8318,0.05463,0.05899,98.71,391,458,696,859,831,1399,1179,1286,1444,1450,1899,2019,1875,2020,2020,2019,2019,2204,2128,2517,2613,2989,2959,2981,3429,3417,3614,3747,3809,3757
1215,0.84218,0.8318,0.05463,0.05899,98.79,391,458,696,860,832,1399,1179,1286,1444,1450,1900,2018,1875,2020,2020,2019,2019,2203,2128,2515,2612,2989,2959,2981,3429,3417,3614,3747,3809,3757
1216,0.8422,0.8318,0.05463,0.05899,98.87,391,458,697,861,833,1400,1179,1287,1444,1450,1900,2017,1875,2020,2020,2019,2019,2203,2128,2514,2611,2989,2959,2981,3429,3417,3614,3747,3809,3757
1217,0.84222,0.83183,0.05462,0.05898,98.97,391,458,698,862,833,1400,1179,1287,1444,1450,1901,2016,1875,2020,2020,2019,2019,2203,2128,2513,2611,2989,2959,2981,3429,3417,3614,3747,3809,3756
1218,0.84224,0.83195,0.05462,0.05896,99.06,392,458,698,862,834,1401,1179,1288,1445,1450,1901,2016,1875,2020,2020,2019,2019,2202,2128,2511,2610,2989,2959,2981,3429,3417,3614,3747,3809,3756
1219,0.84227,0.83201,0.05461,0.05895,99.15,392,458,699,863,834,1401,1179,1288,1445,1450,1901,2016,1875,2020,2020,2019,2019,2202,2128,2510,2609,2989,2959,2981,3429,3417,3614,3747,3809,3756
1220,0.84229,0.83207,0.05461,0.05894,99.23,392,458,699,864,835,1401,1179,1289,1445,1450,1902,2016,1875,2020,2020,2019,2019,2202,2128,2509,2608,2989,2959,2981,3429,3417,3614,3747,3809,3756
1221,0.84232,0.83201,0.05461,0.05895,99.31,392,458,700,864,836,1402,1179,1289,1445,1450,1902,2016,1875,2020,2020,2019,2019,2201,2127,2508,2607,2989,2959,2981,3429,3417,3614,3747,3809,3756
1222,0.84234,0.83206,0.0546,0.05894,99.4,392,458,701,865,836,1402,1179,1290,1445,1450,1902,2016,1875,2020,2020,2019,2019,2201,2127,2507,2606,2989,2959,2981,3429,3417,3614,3747,3809,3755
1223,0.84237,0.83206,0.0546,0.05894,99.49,393,458,701,866,837,1402,1179,1290,1445,1450,1903,2016,1876,2020,2020,2019,2019,2201,2127,2506,2606,2989,2959,2981,3429,3417,3614,3747,3809,3755
1224,0.8424,0.83218,0.05459,0.05892,99.58,393,459,702,867,837,1403,1179,1291,1445,1450,1903,2017,1875,2020,2020,2019,2019,2200,2127,2505,2605,2989,2959,2981,3429,3417,3614,3747,3809,3755
1225,0.84242,0.8322,0.05459,0.05892,99.66,393,459,703,867,838,1403,1179,1291,1445,1450,1903,2018,1875,2020,2020,2019,2019,2200,2127,2504,2604,2989,2959,2981,3429,3417,3614,3747,3809,3755
1226,0.84245,0.83229,0.05458,0.0589,99.74,393,459,703,868,839,1404,1179,1292,1445,1450,1904,2019,1875,2020,2020,2019,2019,2200,2128,2503,2603,2989,2959,2981,3429,3417,3614,3747,3809,3755
1227,0.84248,0.83222,0.05458,0.05891,99.81,393,459,704,869,839,1404,1179,1292,1445,1450,1904,2019,1876,2020,2020,2019,2019,2199,2127,2502,2602,2989,2959,2981,3429,3417,3614,3747,3809,3754
1228,0.8425,0.83229,0.05457,0.0589,99.91,394,459,705,870,840,1405,1179,1293,1446,1450,1905,2020,1876,2020,2020,2019,2019,2199,2128,2502,2601,2989,2959,2981,3429,3417,3614,3747,3809,3754
1229,0.84253,0.83228,0.05457,0.0589,99.99,394,459,705,870,840,1405,1179,1293,1446,1450,1905,2021,1876,2020,2020,2019,2019,2199,2127,2501,2600,2989,2959,2981,3429,3417,3614,3747,3809,3754
1230,0.84255,0.83243,0.05456,0.05888,100.07,394,459,706,871,841,1406,1179,1293,1446,1450,1905,2021,1875,2020,2020,2019,2019,2199,2128,2500,2599,2989,2959,2981,3429,3417,3614,3747,3809,3754
1231,0.84258,0.83243,0.05456,0.05888,100.17,394,459,707,872,842,1406,1179,1294,1446,1450,1906,2022,1875,2020,2020,2019,2019,2198,2128,2499,2598,2989,2959,2981,3429,3417,3614,3747,3809,3754
1232,0.84261,0.83255,0.05456,0.05886,100.26,394,459,707,873,842,1407,1179,1294,1446,1450,1906,2022,1875,2020,2020,2019,2019,2198,2128,2498,2598,2989,2959,2981,3429,3417,3614,3747,3809,3754
1233,0.84263,0.83242,0.05455,0.05888,100.35,395,459,708,873,843,1407,1179,1295,1446,1450,1907,2022,1875,2020,2020,2019,2019,2198,2127,2497,2597,2989,2958,2981,3429,3417,3614,3747,3809,3753
1234,0.84265,0.83256,0.05455,0.05886,100.44,395,459,709,874,843,1408,1179,1295,1446,1450,1907,2023,1875,2020,2020,2019,2019,2198,2128,2496,2596,2989,2958,2981,3429,3417,3614,3747,3809,3753
1235,0.84266,0.83241,0.05455,0.05888,100.52,395,459,709,875,844,1408,1179,1296,1446,1450,1907,2023,1875,2020,2020,2019,2018,2197,2127,2496,2595,2989,2958,2980,3429,3417,3614,3747,3809,3753
1236,0.84267,0.83274,0.05454,0.05882,100.61,395,459,710,876,845,1409,1179,1296,1446,1450,1908,2023,1875,2020,2020,2019,2019,2197,2128,2495,2594,2989,2958,2981,3429,3417,3614,3747,3809,3753
1237,0.84265,0.8324,0.05455,0.05888,100.69,395,459,711,876,845,1409,1179,1297,1446,1450,1908,2023,1875,2020,2020,2019,2018,2197,2127,2494,2593,2989,2958,2980,3429,3417,3614,3747,3809,3753
1238,0.84261,0.83284,0.05455,0.05881,100.78,395,459,712,877,846,1410,1179,1297,1446,1450,1909,2022,1875,2020,2020,2019,2019,2196,2128,2493,2591,2989,2958,2981,3429,3417,3614,3747,3809,3753
1239,0.84252,0.83209,0.05457,0.05894,100.87,396,459,712,878,846,1411,1179,1297,1447,1451,1909,2022,1876,2020,2020,2019,2018,2196,2127,2491,2590,2989,2958,2980,3429,3417,3614,3747,3809,3752
1240,0.84238,0.83278,0.05459,0.05882,100.96,396,459,713,878,847,1411,1179,1298,1447,1450,1909,2022,1875,2020,2020,2019,2019,2196,2128,2490,2589,2989,2958,2981,3429,3417,3614,3747,3809,3752
1241,0.84215,0.83159,0.05463,0.05903,101.04,396,459,714,879,848,1412,1179,1298,1447,1451,1910,2022,1876,2019,2019,2019,2019,2195,2127,2489,2588,2989,2958,2980,3429,3417,3614,3747,3809,3752
1242,0.84197,0.83267,0.05466,0.05884,101.11,396,460,714,880,848,1412,1179,1299,1447,1450,1910,2021,1875,2020,2020,2019,2019,2195,2128,2488,2587,2989,2958,2981,3429,3417,3614,3747,3809,3752
1243,0.84183,0.83123,0.05469,0.05909,101.2,396,460,715,881,849,1413,1179,1299,1447,1451,1910,2021,1876,2019,2019,2019,2019,2195,2127,2487,2586,2989,2958,2980,3428,3417,3614,3747,3809,3752
1244,0.84202,0.83273,0.05466,0.05883,101.28,397,460,716,881,850,1413,1179,1300,1447,1450,1911,2021,1875,2019,2019,2019,2019,2194,2128,2485,2585,2989,2959,2981,3428,3417,3614,3747,3809,3752
1245,0.84241,0.83198,0.05459,0.05896,101.37,397,460,716,882,850,1414,1179,1300,1447,1451,1911,2020,1876,2019,2019,2019,2019,2194,2127,2484,2584,2989,2958,2980,3428,3417,3614,3747,3809,3751
1246,0.84284,0.83313,0.05452,0.05876,101.45,397,460,717,883,851,1415,1179,1301,1447,1450,1911,2020,1875,2019,2019,2019,2019,2194,2127,2482,2583,2989,2959,2980,3428,3417,3614,3747,3809,3751
1247,0.843,0.83311,0.05449,0.05876,101.53,397,460,718,884,851,1415,1179,1301,1447,1451,1912,2020,1876,2019,2019,2019,2019,2193,2127,2481,2581,2989,2959,2980,3428,3417,3614,3747,3809,3751
1248,0.84287,0.83272,0.05451,0.05883,101.61,397,460,718,884,852,1416,1179,1302,1447,1451,1912,2020,1876,2019,2019,2019,2019,2193,2127,2479,2580,2989,2958,2980,3428,3417,3614,3747,3809,3751
1249,0.84264,0.83323,0.05455,0.05874,101.7,398,460,719,885,853,1416,1179,1302,1447,1451,1913,2020,1876,2019,2019,2019,2019,2193,2128,2477,2579,2989,2959,2981,3428,3417,3614,3747,3809,3751
1250,0.84251,0.83212,0.05457,0.05893,101.78,398,460,720,886,853,1417,1179,1303,1448,1451,1913,2020,1876,2019,2019,2019,2019,2192,2127,2475,2577,2989,2958,2980,3428,3417,3614,3747,3809,3751
1251,0.84264,0.83317,0.05455,0.05875,101.85,398,460,721,887,854,1418,1179,1303,1448,1451,1913,2020,1876,2019,2019,2019,2019,2192,2128,2474,2576,2989,2959,2981,3429,3417,3614,3747,3809,3751
1252,0.84288,0.83259,0.05451,0.05885,101.93,398,460,721,887,855,1418,1179,1303,1448,1451,1914,2020,1876,2019,2019,2019,2019,2192,2127,2472,2575,2989,2959,2980,3429,3417,3614,3747,3809,3751
1253,0.84313,0.83334,0.05447,0.05872,102.01,398,460,722,888,855,1419,1179,1304,1448,1451,1914,2020,1876,2019,2019,2019,2019,2191,2128,2470,2574,2989,2959,2980,3429,3417,3614,3747,3809,3750
1254,0.8432,0.83335,0.05445,0.05872,102.1,398,460,723,889,856,1419,1179,1304,1448,1451,1914,2020,1876,2019,2019,2019,2019,2191,2128,2468,2572,2989,2959,2980,3429,3417,3614,3747,3809,3750
1255,0.84313,0.83303,0.05447,0.05877,102.19,399,460,723,890,856,1420,1179,1304,1448,1451,1915,2020,1876,2019,2019,2019,2019,2191,2127,2466,2571,2989,2959,2980,3429,3417,3614,3747,3809,3750
1256,0.84304,0.83351,0.05448,0.05869,102.27,399,460,724,890,857,1421,1179,1305,1448,1450,1915,2020,1876,2019,2019,2019,2019,2191,2128,2463,2570,2989,2959,2980,3429,3417,3614,3747,3809,3750
1257,0.84305,0.83285,0.05448,0.0588,102.34,399,460,725,891,858,1421,1179,1305,1448,1451,1916,2021,1876,2019,2019,2019,2018,2190,2127,2461,2568,2989,2959,2980,3429,3417,3614,3747,3809,3750
1258,0.8432,0.83355,0.05445,0.05868,102.42,399,460,726,892,858,1422,1179,1306,1448,1450,1916,2021,1876,2019,2019,2019,2018,2190,2128,2459,2567,2989,2959,2980,3429,3417,3614,3747,3809,3750
1259,0.84334,0.83335,0.05443,0.05872,102.5,399,460,726,893,859,1422,1179,1306,1448,1450,1916,2021,1876,2019,2019,2019,2018,2190,2127,2457,2566,2989,2959,2980,3429,3417,3614,3747,3809,3750
1260,0.84339,0.8335,0.05442,0.05869,102.57,399,460,727,893,860,1423,1179,1307,1448,1450,1917,2021,1875,2019,2019,2019,2018,2190,2127,2454,2564,2989,2959,2980,3429,3417,3614,3747,3809,3750
1261,0.84336,0.83371,0.05442,0.05865,102.65,400,460,728,894,860,1424,1179,1307,1448,1450,1917,2021,1875,2019,2019,2019,2018,2189,2128,2452,2563,2989,2959,2980,3429,3417,3614,3747,3809,3749
1262,0.84332,0.83321,0.05443,0.05874,102.74,400,460,728,895,861,1424,1179,1308,1449,1451,1918,2021,1876,2019,2019,2019,2018,2189,2127,2449,2561,2989,2959,2980,3429,3417,3614,3747,3809,3749
1263,0.84335,0.83372,0.05443,0.05865,102.83,400,460,729,896,862,1425,1179,1308,1449,1450,1918,2021,1875,2019,2019,2019,2018,2189,2128,2447,2560,2989,2959,2980,3429,3417,3614,3747,3809,3749
1264,0.84344,0.83339,0.05441,0.05871,102.91,400,460,730,896,862,1425,1179,1309,1449,1451,1918,2020,1876,2019,2019,2019,2018,2188,2127,2445,2558,2989,2959,2980,3429,3417,3614,3747,3809,3749
1265,0.84354,0.83385,0.05439,0.05863,102.98,400,460,730,897,863,1426,1179,1309,1449,1450,1919,2020,1875,2019,2019,2019,2019,2188,2128,2442,2557,2989,2959,2980,3429,3417,3614,3747,3809,3749
1266,0.84359,0.83385,0.05438,0.05863,103.07,400,460,731,898,864,1427,1179,1310,1449,1451,1919,2020,1875,2019,2019,2019,2019,2188,2128,2440,2555,2989,2959,2980,3429,3417,3614,3747,3809,3749
1267,0.8436,0.83372,0.05438,0.05865,103.17,401,460,732,898,864,1427,1179,1310,1449,1451,1920,2020,1876,2019,2019,2019,2019,2188,2127,2437,2553,2989,2959,2980,3429,3417,3614,3747,3809,3749
1268,0.84358,0.83399,0.05439,0.0586,103.24,401,460,733,899,865,1428,1179,1310,1449,1451,1920,2020,1876,2019,2019,2019,2019,2188,2128,2435,2552,2989,2959,2980,3429,3417,3614,3747,3809,3749
1269,0.84359,0.83362,0.05438,0.05867,103.33,401,460,733,900,866,1429,1179,1311,1449,1451,1920,2020,1876,2019,2019,2019,2019,2187,2127,2433,2550,2989,2959,2980,3429,3417,3614,3747,3809,3749
1270,0.84364,0.8341,0.05438,0.05858,103.4,401,461,734,901,866,1429,1179,1312,1449,1451,1921,2020,1876,2019,2019,2019,2019,2187,2128,2430,2548,2989,2959,2980,3429,3417,3614,3747,3809,3748
1271,0.8437,0.8338,0.05437,0.05864,103.48,401,461,735,901,867,1430,1179,1312,1449,1451,1921,2020,1876,2019,2019,2019,2019,2187,2127,2428,2547,2989,2959,2980,3429,3417,3614,3747,3809,3748
1272,0.84377,0.83411,0.05435,0.05858,103.57,401,461,735,902,867,1430,1179,1312,1449,1451,1922,2020,1876,2019,2019,2019,2019,2187,2128,2425,2545,2989,2959,2980,3429,3417,3614,3747,3809,3748
1273,0.84382,0.83406,0.05434,0.05859,103.64,402,461,736,903,868,1431,1179,1313,1449,1451,1922,2020,1876,2019,2019,2019,2019,2186,2128,2423,2543,2989,2958,2980,3429,3417,3614,3747,3809,3748
1274,0.84384,0.83406,0.05434,0.05859,103.72,402,461,737,904,869,1432,1179,1313,1450,1451,1922,2020,1876,2020,2019,2019,2019,2186,2127,2420,2541,2989,2958,2980,3429,3417,3614,3747,3809,3748
1275,0.84386,0.83429,0.05434,0.05855,103.81,402,461,738,904,869,1432,1179,1314,1450,1451,1923,2020,1876,2020,2020,2019,2019,2186,2128,2418,2540,2989,2958,2980,3429,3417,3614,3747,3809,3748
1276,0.84387,0.83404,0.05434,0.05859,103.88,402,461,738,905,870,1433,1179,1314,1450,1451,1923,2021,1876,2020,2020,2019,2019,2186,2127,2415,2538,2989,2958,2980,3429,3417,3614,3747,3809,3748
1277,0.8439,0.83436,0.05433,0.05854,103.96,402,461,739,906,871,1433,1179,1315,1450,1451,1924,2021,1876,2020,2020,2019,2019,2185,2128,2413,2536,2989,2958,2980,3429,3417,3614,3747,3809,3748
1278,0.84394,0.83411,0.05432,0.05858,104.04,402,461,740,907,871,1434,1179,1315,1450,1451,1924,2021,1876,2020,2020,2019,2019,2185,2127,2410,2535,2989,2958,2980,3429,3417,3614,3747,3809,3748
1279,0.844,0.83439,0.05431,0.05853,104.13,403,461,740,907,872,1435,1179,1316,1450,1451,1925,2020,1876,2020,2020,2019,2019,2185,2128,2407,2533,2989,2958,2980,3429,3417,3614,3747,3809,3748
1280,0.84404,0.83437,0.05431,0.05854,104.2,403,461,741,908,873,1435,1179,1316,1451,1451,1925,2020,1876,2020,2020,2019,2019,2184,2128,2405,2532,2989,2958,2980,3429,3417,3614,3747,3809,3747
1281,0.84407,0.83441,0.0543,0.05853,104.28,403,461,742,909,873,1436,1179,1317,1451,1451,1926,2020,1876,2020,2020,2019,2019,2184,2128,2402,2530,2989,2958,2980,3429,3417,3614,3747,3809,3747
1282,0.84409,0.83457,0.0543,0.0585,104.37,403,461,742,910,874,1436,1179,1317,1451,1451,1926,2020,1876,2020,2020,2019,2019,2184,2128,2399,2529,2989,2958,2980,3429,3417,3614,3747,3809,3747
1283,0.8441,0.83437,0.0543,0.05854,104.47,403,461,743,910,875,1437,1179,1318,1451,1451,1926,2020,1876,2020,2020,2019,2018,2184,2127,2396,2527,2989,2958,2980,3429,3417,3614,3747,3809,3747
1284,0.84412,0.83469,0.05429,0.05848,104.55,403,461,744,911,876,1438,1179,1318,1451,1451,1927,2020,1876,2020,2020,2019,2018,2183,2128,2394,2526,2989,2958,2980,3429,3417,3614,3747,3809,3747
1285,0.84414,0.83441,0.05429,0.05853,104.64,404,461,745,912,876,1438,1179,1318,1451,1451,1927,2020,1876,2020,2020,2019,2018,2183,2127,2391,2525,2989,2958,2980,3429,3417,3614,3747,3809,3747
1286,0.84418,0.83475,0.05428,0.05847,104.72,404,462,745,912,877,1439,1179,1319,1451,1451,1928,2020,1876,2020,2020,2019,2018,2183,2128,2388,2524,2989,2958,2980,3429,3417,3614,3747,3809,3747
1287,0.84423,0.83452,0.05427,0.05851,104.79,404,462,746,913,878,1439,1179,1319,1451,1451,1928,2020,1876,2020,2020,2019,2018,2182,2127,2386,2522,2989,2958,2980,3429,3417,3614,3747,3809,3747
1288,0.84428,0.83474,0.05427,0.05847,104.88,404,462,747,914,878,1440,1179,1320,1451,1451,1929,2020,1876,2020,2020,2019,2018,2182,2128,2383,2521,2989,2958,2980,3429,3417,3614,3747,3809,3747
1289,0.84431,0.83469,0.05426,0.05848,104.96,404,462,747,915,879,1441,1179,1320,1451,1451,1929,2020,1876,2020,2020,2019,2018,2182,2128,2380,2520,2989,2958,2980,3429,3417,3614,3747,3809,3747
1290,0.84435,0.83477,0.05425,0.05846,105.04,404,462,748,915,880,1441,1179,1321,1451,1451,1930,2020,1876,2020,2020,2019,2018,2182,2128,2378,2519,2989,2958,2980,3429,3417,3614,3747,3809,3747
1291,0.84437,0.8349,0.05425,0.05844,105.12,404,462,749,916,880,1442,1179,1321,1451,1451,1930,2020,1876,2020,2020,2019,2018,2182,2128,2375,2518,2989,2958,2980,3429,3417,3614,3747,3809,3746
1292,0.84439,0.83481,0.05424,0.05846,105.19,405,462,749,917,881,1443,1179,1322,1451,1451,1931,2020,1876,2020,2020,2019,2018,2181,2128,2373,2517,2989,2958,2980,3429,3417,3614,3747,3809,3746
1293,0.84442,0.83498,0.05424,0.05843,105.26,405,462,750,918,882,1443,1179,1322,1451,1451,1932,2020,1876,2020,2020,2019,2019,2181,2128,2370,2517,2989,2958,2980,3429,3417,3614,3747,3809,3746
1294,0.84444,0.8348,0.05424,0.05846,105.34,405,462,751,918,882,1444,1179,1322,1451,1451,1932,2020,1876,2020,2020,2019,2018,2181,2128,2368,2516,2989,2958,2980,3429,3417,3614,3747,3809,3746
1295,0.84447,0.83506,0.05423,0.05841,105.42,405,462,751,919,883,1444,1179,1323,1451,1451,1933,2020,1876,2020,2020,2019,2019,2181,2128,2365,2515,2989,2958,2980,3429,3417,3614,3747,3809,3746
1296,0.8445,0.83492,0.05423,0.05844,105.5,405,462,752,920,884,1445,1179,1323,1451,1451,1933,2020,1876,2020,2020,2019,2019,2181,2128,2363,2514,2989,2958,2980,3429,3417,3614,3747,3809,3746
1297,0.84453,0.83516,0.05422,0.0584,105.58,405,462,753,920,884,1445,1179,1324,1451,1451,1934,2020,1876,2020,2020,2019,2019,2181,2128,2361,2513,2989,2958,2980,3429,3417,3614,3747,3809,3746
1298,0.84456,0.83503,0.05422,0.05842,105.66,406,462,753,921,885,1446,1179,1324,1451,1451,1934,2020,1876,2020,2020,2019,2019,2180,2128,2358,2513,2989,2958,2980,3429,3417,3614,3747,3809,3746
1299,0.84459,0.83518,0.05421,0.05839,105.75,406,462,754,922,886,1447,1179,1325,1451,1451,1935,2020,1876,2020,2020,2019,2019,2180,2128,2356,2512,2989,2958,2980,3429,3417,3614,3747,3809,3746
1300,0.84463,0.83513,0.0542,0.0584,105.84,406,462,755,923,886,1447,1179,1325,1451,1451,1936,2020,1876,2020,2020,2019,2019,2180,2128,2354,2511,2989,2958,2980,3429,3417,3614,3747,3809,3746
1301,0.84466,0.83523,0.0542,0.05838,105.91,406,462,755,923,887,1448,1179,1326,1451,1451,1936,2020,1876,2020,2020,2019,2019,2180,2128,2352,2511,2989,2958,2980,3429,3417,3614,3747,3809,3746
1302,0.84468,0.83528,0.05419,0.05838,105.99,406,462,756,924,888,1448,1179,1326,1451,1451,1937,2020,1876,2020,2020,2019,2019,2179,2128,2350,2510,2989,2958,2980,3429,3417,3614,3747,3809,3746
1303,0.84471,0.83528,0.05419,0.05838,106.05,406,462,757,925,888,1449,1179,1327,1451,1451,1938,2020,1876,2020,2020,2019,2019,2179,2128,2347,2509,2989,2958,2980,3429,3417,3614,3747,3809,3746
1304,0.84474,0.83537,0.05419,0.05836,106.12,406,462,757,926,889,1450,1179,1327,1452,1451,1938,2020,1876,2020,2020,2019,2019,2179,2128,2345,2509,2989,2958,2980,3429,3417,3614,3747,3809,3746
1305,0.84476,0.8353,0.05418,0.05837,106.21,407,462,758,926,890,1450,1179,1328,1452,1451,1939,2020,1876,2020,2020,2019,2019,2179,2128,2343,2508,2989,2958,2980,3429,3417,3614,3747,3809,3746
1306,0.84478,0.83548,0.05418,0.05834,106.28,407,462,759,927,890,1451,1179,1328,1452,1451,1940,2020,1876,2020,2020,2019,2019,2179,2128,2341,2508,2989,2958,2980,3429,3417,3614,3747,3809,3745
1307,0.8448,0.83534,0.05417,0.05837,106.35,407,462,760,928,891,1451,1179,1329,1452,1451,1941,2020,1876,2020,2020,2019,2019,2179,2128,2340,2507,2989,2958,2980,3429,3417,3614,3747,3809,3745
1308,0.84482,0.83556,0.05417,0.05833,106.44,407,463,760,928,892,1452,1179,1329,1452,1451,1941,2020,1876,2020,2020,2019,2019,2178,2128,2338,2507,2989,2958,2980,3429,3417,3614,3747,3809,3745
1309,0.84484,0.83535,0.05417,0.05836,106.52,407,463,761,929,892,1453,1179,1330,1452,1451,1942,2020,1876,2020,2020,2019,2019,2178,2128,2336,2506,2989,2958,2980,3429,3417,3614,3747,3809,3745
1310,0.84486,0.83566,0.05416,0.05831,106.6,407,463,762,930,893,1453,1179,1330,1452,1451,1943,2020,1876,2020,2020,2019,2019,2178,2128,2334,2506,2989,2958,2980,3429,3417,3614,3747,3809,3745
1311,0.84488,0.83542,0.05416,0.05835,106.68,407,463,762,931,894,1454,1179,1331,1452,1451,1944,2020,1876,2020,2020,2019,2019,2178,2128,2333,2505,2989,2958,2980,3429,3417,3614,3747,3809,3745
1312,0.8449,0.83576,0.05416,0.05829,106.76,408,463,763,931,894,1454,1179,1331,1452,1451,1945,2020,1876,2020,2020,2019,2019,2177,2128,2331,2505,2989,2958,2980,3429,3417,3614,3747,3809,3745
1313,0.84492,0.83545,0.05415,0.05834,106.85,408,463,764,932,895,1455,1179,1332,1453,1451,1945,2020,1876,2020,2020,2019,2019,2177,2127,2330,2504,2989,2958,2980,3429,3417,3614,3747,3809,3745
1314,0.84493,0.83584,0.05415,0.05828,106.93,408,463,764,933,896,1456,1179,1332,1453,1451,1946,2020,1876,2020,2020,2019,2019,2177,2128,2328,2504,2989,2958,2980,3429,3417,3614,3747,3809,3745
1315,0.84495,0.83549,0.05415,0.05834,107.02,408,463,765,933,897,1456,1179,1333,1453,1451,1947,2020,1876,2020,2020,2019,2019,2177,2127,2327,2503,2989,2958,2980,3429,3417,3614,3747,3809,3745
1316,0.84496,0.83593,0.05415,0.05826,107.09,408,463,766,934,897,1457,1179,1333,1453,1451,1948,2020,1876,2020,2020,2019,2019,2177,2128,2325,2503,2989,2958,2980,3429,3417,3614,3747,3809,3745
1317,0.84497,0.83549,0.05414,0.05834,107.19,408,463,766,935,898,1457,1179,1334,1453,1451,1949,2020,1876,2020,2020,2019,2019,2176,2127,2324,2502,2989,2958,2980,3429,3417,3614,3747,3809,3745
1318,0.84499,0.83598,0.05414,0.05825,107.26,408,463,767,936,899,1458,1179,1334,1453,1451,1950,2020,1876,2020,2020,2019,2019,2176,2128,2323,2502,2989,2958,2980,3429,3417,3614,3747,3809,3745
1319,0.84499,0.83549,0.05414,0.05834,107.34,409,463,768,936,899,1458,1179,1335,1453,1451,1951,2020,1876,2020,2020,2019,2019,2176,2127,2321,2501,2989,2958,2980,3429,3417,3614,3747,3809,3745
1320,0.84501,0.83607,0.05414,0.05824,107.42,409,463,768,937,900,1459,1179,1335,1454,1451,1953,2020,1876,2020,2020,2019,2019,2176,2128,2320,2501,2989,2958,2980,3429,3417,3614,3747,3809,3745
1321,0.84503,0.83556,0.05413,0.05832,107.49,409,463,769,938,901,1460,1179,1336,1454,1451,1954,2020,1876,2020,2020,2019,2019,2176,2127,2319,2500,2989,2958,2980,3429,3417,3614,3747,3809,3744
1322,0.84507,0.83616,0.05413,0.05822,107.59,409,463,770,939,901,1460,1179,1336,1454,1451,1955,2020,1876,2020,2020,2019,2019,2176,2128,2317,2500,2989,2958,2980,3429,3417,3614,3747,3809,3744
1323,0.8451,0.83567,0.05412,0.05831,107.66,409,463,770,939,902,1461,1179,1337,1454,1451,1956,2020,1876,2020,2020,2019,2019,2176,2127,2316,2499,2989,2958,2980,3429,3417,3614,3747,3809,3744
1324,0.84515,0.83623,0.05411,0.05821,107.76,409,463,771,940,903,1461,1179,1337,1454,1451,1957,2020,1876,2020,2020,2019,2019,2176,2128,2315,2498,2989,2958,2980,3429,3417,3614,3747,3809,3744
1325,0.8452,0.83582,0.0541,0.05828,107.85,409,463,772,941,903,1462,1179,1338,1454,1451,1959,2020,1876,2020,2020,2019,2019,2176,2128,2313,2498,2989,2958,2980,3429,3417,3614,3747,3809,3744
1326,0.84525,0.8363,0.0541,0.05819,107.92,409,463,772,941,904,1463,1179,1338,1454,1451,1960,2020,1876,2020,2020,2019,2019,2175,2128,2312,2497,2989,2958,2980,3429,3417,3614,3747,3809,3744
1327,0.8453,0.836,0.05409,0.05825,107.99,410,463,773,942,905,1463,1179,1339,1454,1451,1962,2020,1876,2020,2020,2019,2019,2175,2128,2311,2497,2989,2958,2980,3429,3417,3614,3747,3809,3744
1328,0.84536,0.83635,0.05408,0.05819,108.07,410,463,774,943,905,1464,1179,1339,1454,1451,1963,2020,1876,2020,2020,2019,2019,2175,2128,2310,2496,2989,2958,2980,3429,3417,3614,3747,3809,3744
1329,0.8454,0.8362,0.05407,0.05821,108.14,410,463,775,944,906,1464,1179,1340,1454,1451,1965,2020,1876,2020,2020,2019,2019,2175,2128,2308,2496,2989,2958,2980,3429,3417,3614,3747,3809,3744
1330,0.84545,0.83636,0.05406,0.05818,108.21,410,463,775,944,907,1465,1179,1340,1454,1451,1966,2020,1876,2020,2020,2019,2019,2175,2128,2307,2495,2989,2958,2980,3429,3417,3614,3747,3809,3744
1331,0.84548,0.83638,0.05406,0.05818,108.3,410,463,776,945,907,1466,1179,1341,1454,1451,1968,2020,1876,2020,2020,2019,2019,2174,2128,2306,2494,2989,2958,2980,3429,3417,3614,3747,3809,3744
1332,0.84551,0.83637,0.05405,0.05818,108.38,410,464,777,946,908,1466,1179,1342,1455,1451,1969,2020,1876,2020,2020,2019,2019,2174,2128,2305,2494,2989,2958,2980,3429,3417,3614,3747,3809,3744
1333,0.84553,0.83654,0.05405,0.05815,108.45,410,464,777,947,909,1467,1179,1342,1455,1451,1971,2020,1876,2020,2020,2019,2019,2174,2128,2304,2493,2989,2958,2980,3429,3417,3614,3747,3809,3744
1334,0.84555,0.83638,0.05404,0.05818,108.52,411,464,778,947,909,1467,1179,1343,1455,1451,1973,2020,1876,2020,2020,2019,2019,2174,2128,2303,2492,2989,2958,2980,3429,3417,3614,3747,3809,3744
1335,0.84557,0.83666,0.05404,0.05813,108.6,411,464,779,948,910,1468,1179,1343,1455,1451,1974,2020,1876,2020,2020,2019,2019,2173,2128,2302,2492,2989,2958,2980,3429,3417,3614,3747,3809,3744
1336,0.84558,0.83638,0.05404,0.05818,108.68,411,464,779,949,911,1469,1179,1344,1455,1451,1976,2020,1876,2020,2020,2019,2019,2173,2128,2301,2491,2989,2958,2980,3429,3417,3614,3747,3809,3744
1337,0.84559,0.83678,0.05404,0.05811,108.76,411,464,780,950,911,1469,1179,1344,1455,1451,1978,2020,1876,2020,2020,2019,2019,2173,2128,2299,2490,2989,2958,2980,3429,3417,3614,3747,3809,3744
1338,0.84559,0.83637,0.05404,0.05818,108.85,411,464,781,950,912,1470,1179,1345,1455,1451,1980,2020,1876,2020,2020,2019,2019,2173,2128,2298,2490,2989,2958,2980,3429,3417,3614,3747,3809,3744
1339,0.84561,0.83686,0.05403,0.05809,108.94,411,464,781,951,913,1470,1179,1345,1455,1451,1982,2020,1876,2020,2020,2019,2019,2172,2128,2297,2489,2989,2958,2980,3429,3417,3614,3747,3809,3744
1340,0.84563,0.83636,0.05403,0.05818,109.02,411,464,782,952,913,1471,1179,1346,1455,1451,1984,2020,1876,2020,2020,2019,2019,2172,2127,2296,2488,2989,2958,2980,3429,3417,3614,3747,3809,3744
1341,0.84565,0.83695,0.05402,0.05808,109.1,411,464,783,952,914,1471,1179,1346,1456,1451,1986,2020,1876,2020,2020,2019,2019,2172,2128,2295,2487,2989,2959,2980,3429,3417,3614,3747,3809,3744
1342,0.84568,0.83642,0.05402,0.05817,109.18,412,464,783,953,915,1472,1179,1347,1456,1451,1988,2020,1876,2020,2020,2019,2019,2172,2127,2294,2486,2989,2958,2980,3429,3417,3614,3747,3809,3744
1343,0.84571,0.83705,0.05401,0.05806,109.26,412,464,784,954,915,1473,1179,1347,1456,1451,1990,2020,1876,2020,2020,2019,2019,2171,2128,2293,2486,2989,2959,2980,3429,3417,3614,3747,3809,3744
1344,0.84576,0.8365,0.05401,0.05816,109.33,412,464,785,955,916,1473,1179,1348,1456,1451,1993,2020,1876,2020,2020,2019,2019,2171,2127,2292,2485,2989,2959,2980,3429,3417,3614,3747,3809,3744
1345,0.84581,0.8371,0.054,0.05805,109.42,412,464,786,955,917,1474,1179,1348,1456,1451,1995,2020,1876,2020,2020,2019,2019,2171,2128,2290,2484,2989,2959,2981,3429,3417,3614,3747,3809,3744
1346,0.84588,0.83665,0.05399,0.05813,109.51,412,464,786,956,917,1474,1179,1349,1456,1451,1997,2020,1876,2020,2020,2019,2019,2171,2128,2289,2483,2989,2959,2980,3429,3417,3614,3747,3809,3744
1347,0.84594,0.83722,0.05397,0.05803,109.6,412,464,787,957,918,1475,1179,1349,1456,1451,2000,2020,1876,2020,2020,2019,2019,2170,2128,2288,2482,2989,2959,2981,3429,3417,3614,3747,3809,3744
1348,0.846,0.83688,0.05396,0.05809,109.68,412,464,788,958,919,1476,1179,1350,1456,1451,2002,2020,1876,2020,2020,2019,2019,2170,2128,2287,2481,2989,2959,2981,3429,3417,3614,3747,3809,3744
1349,0.84606,0.83731,0.05395,0.05801,109.76,412,464,788,958,919,1476,1179,1350,1456,1451,2004,2020,1876,2020,2020,2019,2019,2170,2128,2285,2480,2989,2959,2981,3429,3417,3614,3747,3809,3744
1350,0.84612,0.83708,0.05394,0.05805,109.84,413,464,789,959,920,1477,1179,1351,1456,1451,2006,2020,1876,2020,2020,2019,2019,2170,2128,2284,2479,2989,2959,2981,3429,3417,3614,3747,3809,3744
1351,0.84617,0.83737,0.05393,0.058,109.92,413,465,790,960,921,1477,1179,1351,1456,1451,2009,2020,1876,2020,2020,2019,2019,2170,2128,2283,2478,2989,2959,2981,3429,3417,3614,3747,3809,3744
1352,0.84622,0.83727,0.05393,0.05802,110.01,413,465,790,961,921,1478,1179,1352,1457,1451,2011,2020,1876,2020,2020,2019,2019,2169,2128,2282,2477,2989,2959,2981,3429,3417,3614,3747,3809,3744
1353,0.84626,0.83738,0.05392,0.058,110.08,413,465,791,961,922,1479,1179,1352,1457,1451,2013,2020,1876,2020,2020,2019,2019,2169,2128,2281,2476,2989,2959,2981,3429,3417,3614,3747,3809,3744
1354,0.84629,0.83742,0.05391,0.05799,110.17,413,465,792,962,923,1479,1179,1352,1457,1451,2015,2020,1876,2020,2020,2019,2019,2169,2128,2280,2474,2989,2959,2981,3429,3417,3614,3747,3809,3744
1355,0.84632,0.8374,0.05391,0.058,110.24,413,465,792,963,923,1480,1179,1353,1457,1451,2017,2020,1876,2020,2020,2019,2019,2169,2128,2279,2473,2989,2959,2981,3429,3417,3614,3747,3809,3744
1356,0.84634,0.83755,0.0539,0.05797,110.31,413,465,793,964,924,1480,1179,1353,1457,1451,2019,2020,1876,2020,2020,2019,2019,2169,2128,2277,2472,2989,2959,2981,3429,3417,3614,3747,3809,3744
1357,0.84637,0.83743,0.0539,0.05799,110.39,413,465,794,964,925,1481,1179,1354,1457,1451,2021,2020,1876,2020,2020,2019,2019,2169,2128,2276,2471,2989,2959,2981,3429,3417,3614,3747,3809,3744
1358,0.84639,0.83766,0.0539,0.05795,110.48,414,465,794,965,925,1482,1179,1354,1457,1451,2022,2020,1876,2020,2020,2019,2019,2168,2128,2275,2470,2989,2959,2981,3429,3417,3614,3747,3809,3744
1359,0.8464,0.83746,0.05389,0.05799,110.57,414,465,795,966,926,1482,1179,1355,1457,1451,2024,2020,1876,2020,2020,2019,2019,2168,2128,2274,2468,2989,2959,2981,3429,3417,3614,3747,3809,3744
1360,0.84641,0.83778,0.05389,0.05793,110.65,414,465,796,967,927,1483,1179,1355,1457,1451,2025,2020,1876,2020,2020,2019,2019,2168,2128,2273,2467,2989,2959,2981,3429,3417,3614,3747,3809,3744
1361,0.84642,0.83748,0.05389,0.05798,110.72,414,465,796,967,927,1483,1179,1356,1457,1451,2026,2020,1876,2020,2020,2019,2019,2167,2128,2272,2466,2989,2959,2981,3429,3417,3614,3747,3809,3744
1362,0.84643,0.83786,0.05389,0.05792,110.8,414,465,797,968,928,1484,1179,1356,1457,1451,2027,2020,1876,2020,2020,2019,2019,2167,2128,2271,2464,2989,2959,2981,3429,3417,3614,3747,3809,3744
1363,0.84643,0.83743,0.05389,0.05799,110.87,414,465,798,969,929,1485,1179,1357,1458,1451,2028,2020,1876,2020,2020,2019,2019,2167,2128,2270,2463,2989,2959,2981,3429,3417,3614,3747,3809,3744
1364,0.84643,0.83791,0.05389,0.05791,110.96,414,465,798,970,929,1485,1179,1357,1458,1451,2028,2020,1876,2020,2020,2019,2019,2167,2128,2269,2461,2989,2959,2981,3429,3417,3614,3747,3809,3744
1365,0.8464,0.83732,0.05389,0.05801,111.03,414,465,799,970,930,1486,1179,1358,1458,1451,2029,2020,1876,2020,2020,2019,2019,2166,2127,2268,2460,2989,2959,2981,3429,3417,3614,3747,3809,3744
1366,0.84636,0.83795,0.0539,0.0579,111.12,415,465,800,971,931,1486,1179,1358,1458,1451,2029,2020,1876,2020,2020,2019,2019,2166,2128,2267,2458,2989,2960,2981,3429,3417,3614,3747,3809,3744
1367,0.84628,0.8371,0.05391,0.05805,111.19,415,465,800,972,931,1487,1179,1359,1458,1451,2029,2020,1876,2020,2020,2019,2019,2166,2127,2266,2457,2989,2959,2981,3428,3417,3614,3747,3809,3744
1368,0.8462,0.83793,0.05393,0.0579,111.27,415,465,801,973,932,1488,1179,1359,1458,1451,2029,2020,1876,2020,2020,2019,2019,2166,2128,2265,2455,2989,2960,2981,3429,3417,3614,3747,3809,3744
1369,0.84609,0.83682,0.05395,0.0581,111.35,415,465,802,974,933,1488,1179,1360,1458,1451,2028,2020,1876,2020,2020,2019,2019,2165,2127,2264,2454,2989,2960,2981,3428,3417,3614,3747,3809,3744
1370,0.84603,0.83793,0.05396,0.0579,111.42,415,466,802,974,933,1489,1179,1360,1458,1451,2028,2020,1876,2020,2020,2019,2019,2165,2128,2263,2452,2989,2960,2981,3428,3417,3614,3747,3809,3744
1371,0.84601,0.83677,0.05396,0.05811,111.49,415,466,803,975,934,1490,1179,1360,1459,1451,2028,2020,1876,2020,2020,2019,2019,2165,2127,2261,2451,2989,2960,2981,3428,3417,3614,3747,3809,3744
1372,0.84615,0.83806,0.05394,0.05788,111.57,415,466,804,976,935,1490,1179,1361,1459,1451,2027,2020,1876,2020,2020,2019,2019,2165,2128,2260,2449,2989,2960,2981,3428,3417,3614,3747,3809,3744
1373,0.84637,0.83728,0.0539,0.05802,111.64,415,466,804,977,935,1491,1179,1362,1459,1451,2027,2020,1876,2020,2020,2019,2019,2165,2128,2258,2448,2989,2960,2981,3428,3417,3614,3747,3809,3744
1374,0.84664,0.83825,0.05385,0.05785,111.71,415,466,805,977,936,1491,1179,1362,1459,1451,2026,2020,1876,2020,2020,2019,2019,2164,2128,2257,2446,2989,2960,2981,3428,3417,3614,3747,3809,3744
1375,0.84682,0.83803,0.05382,0.05789,111.79,416,466,806,978,937,1492,1179,1363,1459,1451,2026,2020,1876,2020,2020,2019,2019,2164,2128,2255,2445,2989,2960,2981,3428,3417,3614,3747,3809,3744
1376,0.84686,0.83814,0.05381,0.05787,111.87,416,466,806,979,937,1493,1179,1363,1459,1451,2025,2020,1876,2020,2020,2019,2019,2164,2128,2253,2443,2989,2960,2981,3428,3417,3614,3747,3809,3744
1377,0.84679,0.83839,0.05382,0.05782,111.95,416,466,807,980,938,1493,1179,1364,1459,1451,2024,2020,1876,2020,2020,2019,2019,2164,2128,2251,2442,2989,2960,2981,3428,3417,3614,3747,3809,3744
1378,0.84669,0.83771,0.05384,0.05794,112.02,416,466,808,980,939,1494,1179,1364,1459,1451,2024,2020,1876,2020,2020,2019,2019,2163,2128,2250,2440,2989,2960,2981,3428,3417,3614,3747,3809,3744
1379,0.84665,0.83835,0.05385,0.05783,112.11,416,466,808,981,939,1494,1179,1365,1460,1451,2023,2020,1876,2020,2020,2019,2019,2163,2128,2248,2438,2989,2960,2981,3429,3417,3614,3747,3809,3744
1380,0.84666,0.83758,0.05385,0.05797,112.19,416,466,809,982,940,1495,1179,1365,1460,1451,2023,2020,1876,2020,2020,2019,2019,2163,2127,2246,2436,2989,2960,2981,3429,3417,3614,3747,3809,3744
1381,0.84677,0.83843,0.05383,0.05781,112.27,416,466,810,983,941,1496,1179,1366,1460,1451,2022,2020,1876,2020,2020,2019,2019,2163,2128,2245,2435,2989,2960,2981,3429,3417,3614,3747,3809,3744
1382,0.8469,0.83797,0.05381,0.0579,112.35,416,466,810,983,941,1496,1179,1366,1460,1451,2022,2020,1876,2020,2020,2019,2019,2163,2127,2243,2433,2989,2960,2981,3429,3417,3614,3747,3809,3744
1383,0.84702,0.8385,0.05378,0.0578,112.43,416,466,811,984,942,1497,1179,1367,1460,1451,2021,2020,1876,2020,2020,2019,2019,2163,2128,2242,2431,2989,2960,2981,3429,3417,3614,3747,3809,3744
1384,0.84708,0.83843,0.05377,0.05781,112.51,417,466,812,985,943,1497,1179,1367,1460,1451,2021,2020,1876,2020,2020,2019,2019,2162,2128,2241,2429,2989,2960,2981,3429,3417,3614,3747,3809,3744
1385,0.84708,0.83834,0.05377,0.05783,112.58,417,467,812,986,943,1498,1179,1368,1460,1451,2021,2020,1876,2020,2020,2019,2019,2162,2128,2240,2428,2989,2960,2981,3429,3417,3614,3747,3809,3744
1386,0.84705,0.83865,0.05378,0.05778,112.65,417,467,813,987,944,1499,1179,1368,1460,1451,2021,2020,1876,2020,2020,2019,2019,2162,2128,2239,2426,2989,2960,2981,3429,3417,3614,3747,3809,3744
1387,0.84702,0.83817,0.05378,0.05786,112.73,417,467,814,987,945,1499,1179,1369,1461,1451,2021,2020,1876,2020,2020,2019,2019,2162,2128,2237,2424,2989,2960,2981,3429,3417,3614,3747,3809,3743
1388,0.84704,0.83874,0.05378,0.05776,112.81,417,467,814,988,945,1500,1179,1369,1461,1451,2020,2020,1876,2020,2020,2019,2019,2161,2128,2236,2422,2989,2960,2981,3429,3417,3614,3747,3809,3743
1389,0.8471,0.83831,0.05377,0.05784,112.89,417,467,815,989,946,1500,1179,1369,1461,1451,2020,2020,1876,2020,2020,2019,2019,2161,2128,2235,2421,2989,2960,2981,3429,3417,3614,3747,3809,3743
1390,0.84718,0.83879,0.05376,0.05775,112.97,417,467,816,990,947,1501,1179,1370,1461,1451,2020,2020,1876,2020,2020,2019,2019,2161,2128,2234,2419,2989,2960,2981,3429,3417,3614,3747,3809,3743
1391,0.84725,0.83859,0.05374,0.05778,113.05,417,467,816,990,947,1502,1179,1370,1461,1451,2020,2020,1876,2020,2020,2019,2019,2161,2128,2232,2417,2989,2960,2981,3429,3417,3614,3747,3809,3743
1392,0.84729,0.83866,0.05374,0.05777,113.14,417,467,817,991,948,1502,1179,1371,1461,1451,2020,2020,1876,2020,2020,2019,2019,2160,2128,2231,2415,2989,2960,2981,3429,3417,3614,3747,3809,3743
1393,0.8473,0.83878,0.05374,0.05775,113.21,417,467,818,992,949,1503,1179,1371,1461,1451,2021,2020,1876,2020,2020,2019,2019,2160,2128,2229,2414,2989,2960,2981,3429,3417,3614,3747,3809,3743
1394,0.84729,0.83853,0.05374,0.0578,113.28,418,467,818,993,950,1503,1179,1372,1462,1451,2021,2020,1876,2020,2020,2019,2019,2160,2128,2228,2412,2989,2960,2981,3429,3417,3614,3747,3809,3743
1395,0.84729,0.83894,0.05374,0.05772,113.35,418,467,819,994,950,1504,1179,1372,1462,1451,2021,2020,1876,2020,2020,2019,2019,2160,2128,2226,2410,2989,2960,2981,3429,3417,3614,3747,3809,3743
1396,0.8473,0.83852,0.05374,0.0578,113.45,418,467,820,994,951,1505,1179,1373,1462,1451,2021,2020,1876,2020,2020,2019,2019,2159,2127,2225,2408,2989,2960,2981,3429,3417,3614,3747,3809,3743
1397,0.84734,0.839,0.05373,0.05771,113.54,418,467,820,995,952,1505,1179,1373,1462,1451,2021,2020,1876,2020,2020,2019,2019,2159,2128,2223,2406,2989,2960,2981,3429,3417,3614,3747,3809,3743
1398,0.84739,0.83864,0.05372,0.05778,113.61,418,467,821,996,952,1506,1179,1373,1462,1451,2021,2020,1876,2020,2020,2019,2019,2159,2128,2222,2405,2989,2960,2981,3429,3417,3614,3747,3809,3743
1399,0.84745,0.83901,0.05371,0.05771,113.69,418,467,822,997,953,1506,1179,1374,1462,1451,2021,2020,1876,2020,2020,2019,2019,2159,2128,2220,2403,2989,2960,2981,3429,3417,3614,3747,3809,3743
1400,0.8475,0.83885,0.0537,0.05774,113.77,418,467,822,998,954,1507,1179,1374,1462,1451,2022,2020,1876,2020,2020,2019,2019,2159,2128,2219,2401,2989,2960,2981,3429,3417,3614,3747,3809,3743
1401,0.84754,0.83899,0.05369,0.05771,113.85,418,468,823,998,954,1508,1179,1375,1463,1451,2022,2020,1876,2020,2020,2020,2019,2159,2128,2217,2399,2989,2960,2981,3429,3417,3614,3747,3809,3743
1402,0.84756,0.83904,0.05369,0.05771,113.93,418,468,823,999,955,1508,1179,1375,1463,1451,2022,2020,1876,2020,2020,2020,2019,2159,2128,2216,2398,2989,2960,2981,3429,3417,3614,3747,3809,3743
1403,0.84758,0.83896,0.05369,0.05772,114.01,419,468,824,1000,956,1509,1179,1376,1463,1451,2022,2020,1876,2020,2020,2020,2019,2159,2128,2214,2396,2989,2960,2981,3429,3417,3614,3746,3809,3743
1404,0.84759,0.83918,0.05368,0.05768,114.09,419,468,825,1001,956,1509,1179,1376,1463,1451,2022,2020,1876,2020,2020,2020,2019,2159,2128,2213,2394,2989,2960,2981,3429,3417,3614,3746,3809,3743
1405,0.8476,0.83897,0.05368,0.05772,114.17,419,468,825,1002,957,1510,1179,1376,1463,1451,2023,2020,1876,2020,2020,2020,2019,2159,2128,2211,2392,2989,2960,2981,3429,3417,3614,3746,3809,3743
1406,0.84762,0.83925,0.05368,0.05767,114.24,419,468,826,1002,958,1510,1179,1377,1463,1451,2023,2020,1876,2020,2020,2020,2019,2159,2128,2210,2391,2989,2960,2981,3429,3417,3614,3746,3809,3743
1407,0.84765,0.83897,0.05367,0.05772,114.32,419,468,827,1003,958,1511,1179,1377,1464,1451,2023,2020,1876,2020,2020,2020,2019,2159,2128,2208,2389,2989,2960,2981,3429,3417,3614,3746,3809,3743
1408,0.84768,0.83932,0.05367,0.05766,114.39,419,468,827,1004,959,1512,1179,1378,1464,1451,2023,2020,1876,2020,2020,2020,2019,2159,2128,2207,2387,2989,2960,2981,3429,3417,3614,3746,3809,3743
1409,0.8477,0.83908,0.05366,0.0577,114.47,419,468,828,1005,960,1512,1179,1378,1464,1451,2023,2020,1876,2020,2020,2020,2019,2159,2128,2205,2385,2989,2960,2981,3429,3417,3614,3746,3809,3743
1410,0.84774,0.83939,0.05366,0.05764,114.55,419,468,829,1006,961,1513,1179,1379,1464,1451,2023,2020,1876,2020,2020,2020,2019,2159,2128,2204,2384,2989,2961,2981,3429,3417,3614,3746,3809,3743
1411,0.84777,0.83919,0.05365,0.05768,114.63,419,468,829,1006,961,1513,1179,1379,1464,1451,2023,2020,1876,2020,2020,2020,2019,2160,2128,2202,2382,2989,2961,2981,3429,3417,3614,3746,3809,3743
1412,0.84781,0.8394,0.05365,0.05764,114.71,419,468,830,1007,962,1514,1179,1379,1464,1451,2023,2020,1877,2020,2020,2020,2019,2160,2128,2201,2380,2989,2961,2981,3429,3417,3614,3746,3809,3743
1413,0.84784,0.83931,0.05364,0.05766,114.8,419,468,831,1008,963,1514,1179,1380,1464,1451,2023,2020,1877,2020,2020,2020,2019,2160,2128,2200,2379,2989,2961,2981,3429,3417,3614,3746,3809,3743
1414,0.84787,0.83946,0.05364,0.05763,114.88,420,468,831,1009,963,1515,1179,1380,1465,1451,2023,2020,1877,2020,2020,2020,2019,2160,2128,2198,2377,2989,2961,2981,3429,3417,3614,3746,3809,3743
1415,0.84789,0.83945,0.05363,0.05763,114.96,420,469,832,1010,964,1516,1179,1381,1465,1451,2023,2020,1877,2020,2020,2020,2019,2160,2128,2197,2376,2989,2961,2981,3429,3417,3614,3746,3809,3742
1416,0.84792,0.83946,0.05363,0.05763,115.04,420,469,833,1010,965,1516,1179,1381,1465,1451,2023,2020,1878,2020,2020,2020,2019,2160,2128,2195,2374,2989,2961,2981,3429,3417,3614,3746,3809,3742
1417,0.84794,0.83951,0.05362,0.05762,115.12,420,469,833,1011,965,1517,1179,1382,1465,1451,2023,2020,1878,2020,2020,2020,2019,2160,2128,2194,2372,2989,2961,2981,3429,3417,3614,3746,3809,3742
1418,0.84797,0.83949,0.05362,0.05762,115.2,420,469,834,1012,966,1517,1179,1382,1465,1451,2023,2020,1878,2020,2020,2020,2019,2160,2128,2192,2371,2989,2961,2981,3429,3417,3614,3746,3809,3742
1419,0.84799,0.83963,0.05361,0.0576,115.29,420,469,835,1013,967,1518,1179,1383,1465,1451,2023,2020,1879,2020,2020,2020,2019,2159,2128,2191,2369,2989,2961,2981,3429,3417,3614,3746,3809,3742
1420,0.84801,0.83954,0.05361,0.05762,115.37,420,469,835,1014,967,1518,1179,1383,1465,1451,2022,2020,1879,2020,2020,2020,2019,2159,2128,2190,2368,2989,2961,2981,3429,3417,3614,3746,3809,3742
1421,0.84803,0.83968,0.05361,0.05759,115.45,420,469,836,1014,968,1519,1179,1384,1465,1451,2022,2020,1879,2020,2020,2020,2019,2159,2128,2188,2366,2989,2961,2981,3429,3417,3614,3746,3809,3742
1422,0.84805,0.83956,0.0536,0.05761,115.53,420,469,837,1015,969,1520,1179,1384,1466,1451,2022,2020,1880,2020,2020,2020,2019,2159,2128,2187,2365,2989,2961,2980,3429,3417,3614,3746,3809,3742
1423,0.84808,0.83975,0.0536,0.05758,115.61,420,469,838,1016,970,1520,1179,1384,1466,1451,2022,2020,1880,2020,2020,2020,2019,2159,2128,2185,2363,2989,2961,2981,3429,3417,3614,3746,3809,3742
1424,0.8481,0.83961,0.0536,0.0576,115.69,420,469,838,1017,970,1521,1179,1385,1466,1451,2022,2020,1880,2020,2020,2020,2019,2159,2128,2184,2362,2989,2961,2980,3429,3417,3614,3746,3809,3742
1425,0.84812,0.83983,0.05359,0.05756,115.77,421,469,839,1018,971,1521,1179,1385,1466,1451,2022,2020,1881,2020,2020,2020,2019,2159,2128,2183,2360,2989,2961,2981,3429,3417,3614,3746,3809,3742
1426,0.84813,0.83963,0.05359,0.0576,115.85,421,469,840,1019,972,1522,1179,1386,1466,1451,2022,2020,1881,2020,2020,2020,2019,2159,2128,2181,2359,2988,2961,2980,3429,3417,3614,3746,3809,3742
1427,0.84815,0.83991,0.05359,0.05755,115.93,421,469,840,1019,972,1522,1179,1386,1466,1451,2022,2020,1881,2020,2020,2020,2019,2159,2128,2180,2358,2989,2961,2981,3429,3417,3614,3746,3809,3742
1428,0.84815,0.83959,0.05359,0.05761,116.0,421,469,841,1020,973,1523,1179,1387,1466,1451,2022,2020,1882,2020,2020,2020,2019,2160,2128,2179,2356,2988,2961,2980,3429,3417,3614,3746,3809,3742
1429,0.84815,0.83998,0.05359,0.05754,116.08,421,469,842,1021,974,1524,1179,1387,1466,1451,2022,2020,1882,2020,2020,2020,2019,2160,2128,2177,2355,2988,2961,2981,3429,3417,3614,3746,3809,3742
1430,0.84813,0.83952,0.05359,0.05762,116.16,421,469,842,1022,974,1524,1179,1388,1467,1451,2022,2020,1882,2020,2020,2020,2019,2160,2128,2176,2354,2988,2961,2980,3429,3417,3614,3746,3809,3742
1431,0.84812,0.84005,0.05359,0.05752,116.24,421,469,843,1023,975,1525,1179,1388,1467,1451,2022,2020,1883,2020,2020,2020,2019,2160,2128,2175,2353,2988,2961,2981,3429,3417,3614,3746,3809,3742
1432,0.84809,0.83941,0.0536,0.05764,116.32,421,469,844,1023,976,1525,1179,1388,1467,1451,2022,2020,1883,2020,2020,2020,2019,2160,2128,2173,2351,2988,2961,2980,3429,3417,3614,3746,3809,3741
1433,0.84807,0.84008,0.0536,0.05752,116.4,421,469,844,1024,977,1526,1179,1389,1467,1451,2022,2020,1883,2020,2020,2020,2019,2160,2128,2171,2350,2988,2961,2981,3429,3417,3614,3746,3809,3741
1434,0.84803,0.83929,0.05361,0.05766,116.48,422,469,845,1025,977,1526,1179,1390,1467,1451,2022,2020,1884,2020,2020,2020,2019,2160,2128,2170,2349,2988,2961,2980,3429,3417,3614,3746,3809,3741
1435,0.84803,0.84011,0.05361,0.05751,116.57,422,470,846,1026,978,1527,1179,1390,1467,1451,2022,2020,1884,2020,2020,2020,2019,2160,2128,2169,2348,2988,2961,2981,3429,3417,3613,3746,3809,3741
1436,0.84801,0.83925,0.05361,0.05767,116.66,422,470,846,1027,979,1527,1179,1391,1468,1451,2023,2020,1884,2020,2020,2020,2019,2159,2128,2167,2347,2988,2961,2980,3428,3417,3614,3746,3809,3741
1437,0.84805,0.84014,0.0536,0.05751,116.73,422,470,847,1028,979,1528,1179,1391,1468,1451,2023,2020,1885,2020,2020,2020,2019,2159,2128,2166,2346,2988,2961,2981,3429,3417,3613,3746,3809,3741
1438,0.8481,0.83937,0.05359,0.05765,116.82,422,470,848,1028,980,1529,1179,1392,1468,1451,2023,2020,1885,2020,2020,2020,2019,2159,2128,2165,2345,2988,2961,2980,3428,3417,3613,3746,3809,3741
1439,0.84822,0.84024,0.05357,0.05749,116.89,422,470,849,1029,981,1529,1179,1392,1468,1451,2023,2020,1885,2020,2020,2020,2019,2159,2128,2164,2343,2988,2961,2981,3429,3417,3613,3746,3809,3741
1440,0.84834,0.83978,0.05355,0.05757,116.97,422,470,849,1030,981,1530,1179,1393,1468,1451,2023,2020,1886,2020,2020,2019,2019,2159,2128,2163,2342,2988,2961,2981,3428,3417,3613,3746,3809,3741
1441,0.84845,0.84031,0.05353,0.05748,117.06,422,470,850,1031,982,1530,1179,1393,1468,1451,2023,2020,1886,2020,2020,2019,2019,2159,2128,2162,2341,2988,2961,2981,3429,3417,3613,3746,3809,3741
1442,0.84852,0.84014,0.05352,0.05751,117.14,422,470,851,1032,983,1531,1179,1394,1468,1451,2023,2020,1886,2020,2020,2019,2019,2159,2128,2161,2340,2988,2961,2981,3429,3417,3613,3746,3809,3741
1443,0.84855,0.84018,0.05352,0.0575,117.2,422,470,851,1033,984,1531,1179,1395,1469,1451,2023,2020,1886,2020,2020,2019,2019,2159,2128,2160,2338,2988,2961,2981,3429,3417,3613,3746,3809,3741
1444,0.84855,0.84033,0.05352,0.05747,117.28,423,470,852,1034,984,1532,1179,1396,1469,1451,2023,2020,1887,2020,2020,2019,2019,2159,2128,2159,2337,2988,2961,2981,3429,3417,3613,3746,3809,3741
1445,0.84853,0.84006,0.05352,0.05752,117.35,423,470,853,1034,985,1533,1179,1396,1469,1451,2023,2020,1887,2020,2020,2019,2019,2160,2128,2158,2336,2988,2961,2981,3429,3417,3613,3746,3809,3741
1446,0.84853,0.84043,0.05352,0.05746,117.45,423,470,854,1035,986,1533,1179,1397,1469,1451,2022,2020,1887,2020,2020,2019,2019,2160,2128,2156,2335,2988,2961,2981,3429,3417,3613,3746,3809,3741
1447,0.84854,0.84001,0.05352,0.05753,117.53,423,470,854,1036,986,1534,1179,1399,1469,1451,2022,2020,1888,2020,2020,2019,2019,2160,2127,2155,2334,2988,2961,2981,3429,3417,3613,3746,3809,3741
1448,0.84867,0.84021,0.05349,0.05749,117.62,423,470,855,1037,987,1534,1179,1400,1469,1451,2022,2020,1888,2020,2020,2019,2019,2160,2128,2154,2333,2988,2961,2981,3429,3417,3613,3746,3809,3741
1449,0.84859,0.84053,0.05351,0.05744,117.69,423,470,856,1038,988,1535,1179,1402,1469,1451,2022,2020,1888,2020,2020,2019,2019,2160,2128,2153,2332,2988,2961,2981,3429,3417,3613,3746,3809,3741
1450,0.84818,0.83961,0.05358,0.0576,117.77,423,470,857,1039,989,1535,1179,1404,1470,1451,2022,2020,1888,2020,2020,2019,2019,2160,2127,2152,2331,2988,2961,2981,3429,3417,3613,3746,3809,3741
1451,0.84775,0.84029,0.05366,0.05748,117.84,423,471,857,1039,989,1536,1179,1406,1470,1451,2022,2021,1889,2020,2020,2019,2019,2160,2128,2152,2330,2989,2961,2981,3429,3417,3613,3746,3809,3741
1452,0.84747,0.83842,0.05371,0.05782,117.94,423,471,858,1040,990,1536,1179,1408,1470,1451,2022,2020,1889,2020,2020,2019,2019,2159,2127,2151,2328,2988,2961,2980,3428,3417,3614,3746,3809,3741
1453,0.84768,0.83997,0.05367,0.05754,118.01,423,471,859,1041,991,1537,1179,1408,1470,1451,2022,2020,1889,2020,2020,2019,2019,2159,2128,2150,2328,2989,2961,2981,3428,3417,3613,3746,3809,3741
1454,0.84822,0.83938,0.05357,0.05764,118.08,423,471,860,1042,991,1537,1179,1410,1470,1451,2022,2020,1890,2020,2020,2019,2019,2159,2128,2149,2327,2988,2961,2981,3428,3417,3614,3746,3809,3741
1455,0.84872,0.84068,0.05349,0.05741,118.16,423,471,860,1043,992,1538,1179,1411,1470,1451,2022,2020,1890,2020,2020,2019,2019,2159,2128,2147,2326,2989,2961,2981,3428,3417,3613,3746,3809,3741
1456,0.84876,0.84071,0.05348,0.0574,118.24,423,471,861,1044,993,1539,1179,1412,1470,1451,2022,2020,1890,2020,2020,2019,2019,2159,2128,2146,2325,2989,2961,2981,3428,3417,3614,3746,3809,3741
1457,0.84846,0.83978,0.05353,0.05757,118.32,424,471,862,1044,994,1539,1180,1413,1471,1451,2022,2020,1890,2020,2020,2019,2019,2159,2128,2145,2324,2989,2961,2981,3428,3417,3614,3746,3809,3741
1458,0.84824,0.84046,0.05357,0.05745,118.4,424,471,862,1045,994,1540,1179,1414,1471,1451,2022,2020,1890,2020,2020,2019,2019,2159,2128,2144,2323,2989,2961,2981,3428,3417,3614,3746,3809,3741
1459,0.84833,0.83959,0.05355,0.05761,118.48,424,471,863,1046,995,1540,1180,1415,1471,1451,2022,2020,1891,2020,2020,2019,2019,2159,2128,2143,2322,2989,2961,2981,3428,3417,3614,3746,3809,3741
1460,0.84867,0.84085,0.05349,0.05738,118.56,424,471,864,1047,996,1541,1179,1415,1471,1451,2022,2020,1891,2020,2020,2019,2019,2159,2128,2142,2321,2989,2961,2981,3428,3417,3614,3746,3809,3741
1461,0.84891,0.84064,0.05345,0.05742,118.63,424,471,865,1048,996,1541,1179,1416,1471,1451,2022,2020,1891,2020,2020,2019,2019,2159,2128,2141,2320,2989,2961,2981,3428,3417,3614,3746,3809,3741
1462,0.84891,0.84051,0.05345,0.05744,118.72,424,471,865,1049,997,1542,1179,1417,1471,1451,2022,2020,1891,2020,2020,2019,2019,2159,2128,2140,2320,2989,2961,2981,3429,3417,3614,3746,3809,3741
1463,0.84876,0.84072,0.05348,0.0574,118.8,424,471,866,1049,998,1542,1179,1418,1472,1451,2022,2020,1891,2020,2020,2019,2019,2159,2128,2140,2319,2989,2961,2981,3429,3417,3614,3746,3809,3741
1464,0.84864,0.83993,0.0535,0.05754,118.89,424,471,867,1050,999,1543,1179,1419,1472,1451,2022,2020,1892,2020,2020,2019,2019,2159,2127,2139,2318,2989,2961,2981,3429,3417,3614,3745,3809,3741
1465,0.84873,0.84085,0.05348,0.05738,118.96,424,471,868,1051,999,1544,1179,1420,1472,1451,2022,2020,1892,2020,2020,2019,2019,2159,2128,2138,2317,2989,2961,2981,3429,3417,3613,3745,3809,3741
1466,0.84891,0.84049,0.05345,0.05744,119.04,424,471,869,1052,1000,1544,1179,1421,1472,1451,2022,2020,1892,2020,2020,2019,2019,2159,2127,2137,2316,2989,2961,2981,3429,3417,3613,3745,3809,3741
1467,0.84904,0.84084,0.05343,0.05738,119.11,424,472,869,1053,1001,1545,1179,1421,1472,1451,2022,2020,1893,2020,2020,2019,2019,2159,2128,2136,2316,2989,2961,2981,3429,3417,3613,3745,3809,3741
1468,0.84902,0.84083,0.05343,0.05738,119.19,425,472,870,1054,1001,1545,1179,1422,1472,1451,2022,2020,1893,2020,2020,2019,2019,2159,2128,2135,2315,2989,2961,2981,3429,3417,3613,3745,3809,3741
1469,0.84894,0.84038,0.05345,0.05746,119.27,425,472,871,1054,1002,1546,1179,1423,1473,1451,2022,2020,1893,2020,2020,2019,2019,2159,2127,2135,2314,2989,2961,2981,3429,3417,3613,3745,3809,3741
1470,0.84893,0.84099,0.05345,0.05736,119.35,425,472,872,1055,1003,1546,1179,1423,1473,1451,2022,2020,1893,2020,2020,2019,2019,2159,2128,2134,2314,2989,2961,2981,3429,3417,3613,3745,3809,3741
1471,0.84899,0.84061,0.05344,0.05742,119.43,425,472,872,1056,1004,1547,1179,1424,1473,1451,2023,2020,1894,2020,2020,2019,2019,2159,2128,2134,2313,2989,2961,2981,3429,3417,3613,3745,3809,3741
1472,0.8491,0.84106,0.05342,0.05734,119.51,425,472,873,1057,1004,1547,1179,1425,1473,1451,2022,2020,1894,2020,2020,2019,2019,2159,2128,2133,2312,2989,2961,2981,3429,3417,3613,3745,3809,3741
1473,0.84915,0.84094,0.05341,0.05736,119.59,425,472,874,1058,1005,1548,1179,1425,1473,1451,2022,2020,1894,2020,2020,2019,2019,2159,2128,2133,2312,2989,2961,2981,3429,3417,3613,3745,3809,3741
1474,0.84913,0.84076,0.05341,0.0574,119.67,425,472,875,1059,1006,1549,1179,1426,1473,1451,2022,2020,1895,2020,2020,2019,2019,2159,2128,2132,2311,2989,2961,2980,3428,3417,3613,3745,3809,3741
1475,0.8491,0.84112,0.05342,0.05733,119.75,425,472,876,1060,1006,1549,1179,1426,1473,1451,2022,2020,1895,2020,2020,2019,2019,2159,2128,2132,2310,2989,2961,2981,3429,3417,3614,3745,3809,3741
1476,0.8491,0.84073,0.05342,0.0574,119.83,425,472,876,1060,1007,1550,1179,1427,1473,1451,2022,2020,1895,2020,2020,2019,2019,2159,2128,2132,2310,2989,2961,2980,3429,3417,3614,3745,3809,3741
1477,0.84916,0.8412,0.05341,0.05732,119.91,425,472,877,1061,1008,1550,1179,1427,1474,1451,2022,2020,1896,2020,2020,2019,2019,2159,2128,2132,2309,2989,2961,2981,3429,3417,3614,3745,3809,3741
1478,0.84923,0.84094,0.0534,0.05736,119.98,425,472,878,1062,1009,1551,1179,1427,1474,1451,2022,2020,1896,2020,2020,2019,2019,2159,2128,2131,2308,2989,2961,2980,3429,3417,3614,3745,3809,3741
1479,0.84927,0.84102,0.05339,0.05735,120.05,426,472,879,1063,1009,1551,1179,1428,1474,1451,2022,2020,1896,2020,2020,2019,2019,2159,2128,2131,2308,2989,2961,2980,3429,3417,3614,3745,3809,3741
1480,0.84927,0.84115,0.05339,0.05732,120.14,426,472,880,1064,1010,1552,1179,1428,1474,1451,2022,2020,1897,2020,2020,2019,2019,2159,2128,2131,2307,2989,2961,2980,3429,3417,3614,3745,3809,3741
1481,0.84925,0.84093,0.05339,0.05737,120.23,426,472,880,1065,1011,1552,1179,1428,1474,1451,2022,2020,1897,2020,2020,2019,2019,2159,2128,2131,2306,2989,2961,2980,3429,3417,3614,3744,3809,3741
1482,0.84926,0.84133,0.05339,0.05729,120.32,426,472,881,1065,1012,1553,1179,1429,1474,1451,2022,2020,1897,2020,2020,2020,2019,2159,2128,2132,2306,2989,2961,2980,3429,3417,3614,3744,3809,3741
1483,0.8493,0.84102,0.05338,0.05735,120.41,426,472,882,1066,1012,1554,1179,1429,1475,1451,2022,2020,1897,2020,2020,2019,2019,2159,2128,2132,2305,2989,2961,2980,3429,3417,3614,3744,3809,3741
1484,0.84935,0.84131,0.05337,0.0573,120.48,426,472,883,1067,1013,1554,1179,1429,1475,1451,2022,2020,1898,2020,2020,2020,2019,2159,2128,2132,2305,2989,2961,2980,3429,3417,3614,3744,3809,3741
1485,0.84939,0.84123,0.05337,0.05731,120.58,426,472,884,1068,1014,1555,1179,1429,1475,1451,2022,2020,1898,2020,2020,2020,2019,2159,2128,2132,2304,2988,2961,2980,3429,3417,3614,3744,3809,3741
1486,0.84941,0.84126,0.05336,0.05731,120.65,426,472,884,1069,1014,1555,1179,1430,1475,1451,2022,2020,1898,2020,2020,2020,2019,2159,2128,2132,2303,2988,2961,2980,3429,3417,3614,3744,3809,3741
1487,0.84941,0.84147,0.05336,0.05727,120.73,426,473,885,1070,1015,1556,1179,1430,1475,1451,2022,2020,1898,2020,2020,2020,2019,2159,2128,2132,2303,2988,2961,2980,3429,3417,3614,3744,3809,3741
1488,0.84941,0.84122,0.05336,0.05731,120.81,426,473,886,1071,1016,1556,1179,1430,1476,1451,2022,2020,1899,2020,2020,2020,2019,2159,2128,2132,2302,2988,2961,2980,3429,3417,3614,3744,3809,3741
1489,0.84944,0.84149,0.05336,0.05726,120.88,426,473,887,1071,1017,1557,1179,1430,1476,1451,2022,2020,1899,2020,2020,2020,2019,2159,2128,2132,2302,2988,2961,2980,3429,3417,3614,3744,3809,3741
1490,0.84947,0.84125,0.05335,0.05731,120.97,426,473,887,1072,1017,1557,1179,1430,1476,1451,2022,2020,1899,2020,2020,2020,2019,2159,2128,2133,2301,2988,2961,2980,3429,3417,3614,3744,3809,3741
1491,0.84951,0.84149,0.05335,0.05726,121.07,427,473,888,1073,1018,1558,1179,1431,1476,1451,2022,2020,1899,2020,2020,2020,2019,2159,2128,2133,2300,2988,2961,2980,3429,3417,3614,3744,3809,3741
1492,0.84954,0.84145,0.05334,0.05727,121.16,427,473,889,1074,1019,1559,1179,1431,1476,1451,2022,2020,1899,2020,2020,2020,2019,2159,2128,2133,2300,2988,2961,2980,3429,3417,3614,3744,3809,3741
1493,0.84956,0.84144,0.05334,0.05727,121.23,427,473,890,1075,1020,1559,1180,1431,1476,1451,2022,2020,1900,2020,2020,2020,2019,2159,2128,2133,2299,2988,2961,2980,3429,3417,3614,3744,3809,3741
1494,0.84957,0.84154,0.05333,0.05726,121.32,427,473,891,1076,1020,1560,1180,1431,1477,1451,2022,2020,1900,2020,2020,2020,2019,2159,2128,2133,2298,2988,2961,2980,3429,3417,3614,3744,3809,3741
1495,0.84958,0.84139,0.05333,0.05728,121.39,427,473,891,1076,1021,1560,1180,1431,1477,1451,2022,2020,1900,2020,2020,2020,2019,2159,2128,2134,2298,2988,2961,2980,3429,3417,3614,3744,3809,3741
1496,0.8496,0.84166,0.05333,0.05723,121.47,427,473,892,1077,1022,1561,1179,1432,1477,1451,2022,2020,1900,2020,2020,2020,2019,2159,2128,2134,2297,2988,2961,2980,3429,3417,3613,3744,3809,3741
1497,0.84963,0.84153,0.05332,0.05726,121.54,427,473,893,1078,1022,1561,1179,1432,1477,1451,2022,2020,1900,2020,2020,2020,2019,2159,2128,2134,2297,2988,2961,2980,3429,3417,3613,3744,3809,3741
1498,0.84966,0.84171,0.05332,0.05723,121.62,427,473,894,1079,1023,1562,1179,1432,1477,1451,2022,2020,1900,2020,2020,2020,2019,2159,2128,2134,2296,2988,2961,2980,3429,3417,3613,3744,3809,3741
1499,0.84969,0.84157,0.05331,0.05725,121.69,427,473,894,1080,1024,1562,1179,1432,1477,1451,2022,2020,1901,2020,2020,2020,2019,2159,2128,2134,2296,2988,2961,2980,3429,3417,3613,3744,3809,3741
1500,0.84971,0.84165,0.05331,0.05723,121.77,427,474,895,1081,1025,1563,1179,1432,1478,1451,2022,2020,1901,2020,2020,2020,2019,2159,2128,2134,2295,2988,2961,2980,3429,3417,3613,3744,3809,3741
1501,0.84973,0.84172,0.05331,0.05722,121.85,427,474,896,1081,1025,1564,1179,1432,1478,1451,2022,2020,1901,2020,2020,2020,2019,2159,2128,2134,2294,2988,2961,2980,3429,3417,3613,3744,3809,3741
1502,0.84975,0.84172,0.0533,0.05722,121.92,427,474,897,1082,1026,1564,1179,1432,1478,1451,2022,2020,1901,2020,2020,2020,2019,2159,2128,2134,2294,2988,2961,2980,3429,3417,3613,3744,3809,3741
1503,0.84977,0.84184,0.0533,0.0572,122.0,427,474,898,1083,1027,1565,1179,1432,1478,1451,2022,2020,1901,2020,2020,2020,2019,2159,2128,2134,2293,2988,2961,2981,3429,3417,3613,3745,3809,3741
1504,0.84978,0.84166,0.0533,0.05723,122.08,428,474,898,1084,1028,1565,1179,1432,1478,1451,2022,2020,1902,2020,2020,2020,2019,2159,2128,2134,2293,2988,2961,2980,3429,3417,3614,3745,3809,3741
1505,0.8498,0.84185,0.05329,0.0572,122.16,428,474,899,1085,1028,1566,1179,1433,1479,1451,2022,2020,1902,2020,2020,2020,2019,2159,2128,2134,2292,2988,2961,2981,3429,3417,3614,3745,3809,3741
1506,0.84983,0.84172,0.05329,0.05722,122.24,428,474,900,1086,1029,1566,1179,1433,1479,1451,2022,2020,1902,2020,2020,2020,2019,2159,2128,2134,2291,2988,2961,2981,3429,3417,3614,3745,3809,3741
1507,0.84985,0.84193,0.05329,0.05719,122.31,428,474,901,1086,1030,1567,1179,1433,1479,1451,2022,2020,1902,2020,2020,2020,2019,2159,2128,2134,2291,2988,2961,2981,3429,3417,3614,3745,3809,3741
1508,0.84987,0.84179,0.05328,0.05721,122.41,428,474,902,1087,1030,1567,1179,1433,1479,1451,2022,2020,1902,2020,2020,2020,2019,2159,2128,2133,2290,2988,2961,2981,3429,3417,3614,3745,3809,3741
1509,0.8499,0.84192,0.05328,0.05719,122.48,428,474,902,1088,1031,1568,1179,1433,1479,1451,2022,2020,1903,2020,2020,2020,2019,2159,2128,2133,2290,2988,2961,2981,3429,3417,3614,3745,3809,3741
1510,0.84992,0.84186,0.05327,0.0572,122.56,428,474,903,1089,1032,1569,1179,1434,1479,1451,2022,2020,1903,2020,2020,2020,2019,2159,2128,2133,2289,2988,2961,2981,3429,3417,3614,3745,3809,3741
1511,0.84994,0.84199,0.05327,0.05717,122.64,428,474,904,1090,1033,1569,1179,1434,1480,1451,2022,2020,1903,2020,2020,2020,2019,2159,2128,2133,2289,2988,2961,2981,3429,3417,3614,3745,3809,3741
1512,0.84996,0.84196,0.05326,0.05718,122.71,428,475,905,1091,1033,1570,1179,1434,1480,1451,2022,2020,1903,2020,2020,2020,2019,2159,2128,2134,2288,2987,2961,2981,3429,3417,3614,3745,3809,3740
1513,0.84999,0.84201,0.05326,0.05717,122.79,428,475,905,1091,1034,1570,1179,1434,1480,1451,2022,2020,1903,2020,2020,2020,2019,2159,2128,2134,2288,2987,2961,2981,3429,3417,3614,3745,3809,3740
1514,0.85001,0.84197,0.05326,0.05718,122.87,428,475,906,1092,1035,1571,1179,1434,1480,1451,2022,2020,1903,2020,2020,2020,2019,2159,2128,2134,2287,2987,2961,2981,3429,3417,3614,3745,3809,3740
1515,0.85003,0.84204,0.05325,0.05716,122.95,428,475,907,1093,1036,1571,1179,1434,1481,1451,2022,2020,1903,2020,2020,2020,2019,2159,2128,2134,2286,2987,2961,2981,3429,3417,3614,3745,3809,3740
1516,0.85005,0.8421,0.05325,0.05715,123.02,428,475,908,1094,1036,1572,1179,1434,1481,1451,2022,2020,1904,2020,2020,2020,2019,2159,2128,2134,2286,2987,2961,2981,3429,3417,3614,3745,3809,3740
1517,0.85007,0.84214,0.05325,0.05715,123.1,428,475,909,1095,1037,1573,1179,1434,1481,1451,2022,2020,1904,2020,2020,2020,2019,2159,2128,2134,2285,2987,2961,2981,3429,3417,3614,3745,3809,3740
1518,0.85009,0.84214,0.05324,0.05715,123.18,429,475,909,1095,1038,1573,1179,1434,1481,1451,2022,2020,1904,2020,2020,2020,2019,2159,2128,2134,2285,2987,2961,2981,3429,3417,3614,3745,3809,3740
1519,0.85011,0.84212,0.05324,0.05715,123.25,429,475,910,1096,1039,1574,1179,1434,1481,1451,2022,2020,1904,2020,2020,2020,2019,2159,2128,2134,2284,2987,2961,2981,3429,3417,3614,3745,3809,3740
1520,0.85013,0.84218,0.05324,0.05714,123.33,429,475,911,1097,1039,1574,1179,1434,1481,1451,2022,2020,1905,2020,2020,2020,2019,2159,2128,2134,2283,2987,2961,2981,3429,3417,3614,3745,3809,3740
1521,0.85015,0.8422,0.05323,0.05714,123.41,429,475,912,1098,1040,1575,1179,1433,1481,1451,2022,2020,1905,2020,2020,2020,2019,2159,2128,2134,2283,2987,2961,2981,3429,3417,3614,3745,3809,3740
1522,0.85017,0.84231,0.05323,0.05712,123.49,429,475,912,1099,1041,1575,1179,1433,1482,1451,2022,2020,1905,2020,2020,2020,2019,2159,2128,2134,2282,2987,2961,2981,3429,3417,3614,3745,3809,3740
1523,0.85019,0.84223,0.05322,0.05713,123.57,429,475,913,1100,1041,1576,1179,1433,1482,1451,2022,2020,1905,2020,2020,2020,2019,2159,2128,2134,2282,2987,2961,2981,3429,3417,3614,3745,3809,3740
1524,0.85021,0.84233,0.05322,0.05711,123.65,429,475,914,1100,1042,1576,1179,1433,1482,1451,2022,2020,1905,2020,2020,2020,2019,2159,2128,2134,2281,2987,2961,2981,3429,3417,3614,3745,3809,3740
1525,0.85023,0.84225,0.05322,0.05713,123.72,429,476,915,1101,1043,1577,1179,1433,1482,1451,2022,2020,1906,2020,2020,2020,2019,2159,2128,2134,2281,2987,2961,2981,3429,3417,3614,3745,3809,3740
1526,0.85025,0.84245,0.05321,0.05709,123.81,429,476,915,1102,1044,1578,1179,1433,1482,1451,2022,2020,1906,2020,2020,2020,2019,2159,2128,2134,2280,2987,2961,2981,3429,3417,3614,3745,3809,3740
1527,0.85026,0.8423,0.05321,0.05712,123.9,429,476,916,1103,1044,1578,1179,1433,1482,1451,2022,2020,1906,2020,2020,2020,2019,2159,2128,2134,2279,2987,2961,2981,3429,3417,3614,3745,3809,3740
1528,0.85027,0.84253,0.05321,0.05708,123.99,429,476,917,1104,1045,1579,1179,1433,1482,1451,2022,2020,1907,2020,2020,2020,2019,2159,2128,2134,2279,2987,2961,2981,3429,3417,3614,3745,3809,3740
1529,0.85026,0.84221,0.05321,0.05713,124.07,429,476,918,1105,1046,1579,1180,1433,1483,1451,2022,2020,1907,2020,2020,2020,2019,2159,2128,2134,2278,2987,2961,2981,3429,3417,3614,3745,3809,3740
1530,0.85025,0.8426,0.05321,0.05706,124.15,429,476,919,1105,1047,1580,1179,1433,1483,1451,2022,2020,1907,2020,2020,2020,2019,2159,2128,2134,2278,2987,2961,2981,3429,3417,3614,3745,3809,3740
1531,0.85021,0.84211,0.05322,0.05715,124.24,429,476,919,1106,1047,1580,1180,1433,1483,1451,2022,2020,1907,2020,2020,2020,2019,2159,2128,2134,2277,2987,2961,2981,3429,3417,3614,3744,3809,3740
1532,0.85014,0.84271,0.05323,0.05704,124.33,430,476,920,1107,1048,1581,1179,1433,1483,1451,2022,2020,1907,2020,2020,2020,2019,2159,2128,2134,2277,2987,2961,2981,3429,3417,3614,3745,3809,3740
1533,0.85002,0.84181,0.05325,0.05721,124.42,430,476,921,1108,1049,1582,1180,1434,1483,1451,2022,2020,1908,2020,2020,2020,2019,2159,2128,2134,2276,2986,2961,2981,3429,3417,3614,3744,3809,3740
1534,0.84987,0.84262,0.05328,0.05706,124.5,430,476,922,1109,1050,1582,1179,1434,1483,1451,2022,2020,1908,2020,2020,2020,2019,2159,2128,2134,2276,2987,2961,2981,3429,3417,3614,3745,3809,3740
1535,0.84967,0.84128,0.05332,0.0573,124.58,430,476,922,1110,1050,1583,1180,1434,1484,1451,2022,2020,1908,2020,2020,2020,2019,2159,2127,2134,2275,2986,2961,2981,3428,3417,3614,3744,3809,3740
1536,0.84957,0.84243,0.05334,0.05709,124.67,430,476,923,1110,1051,1583,1179,1433,1484,1451,2022,2021,1908,2020,2020,2020,2019,2159,2128,2134,2275,2987,2961,2981,3429,3417,3613,3745,3809,3740
1537,0.84957,0.84119,0.05333,0.05732,124.75,430,476,924,1111,1052,1584,1180,1434,1484,1451,2022,2021,1908,2020,2020,2020,2019,2159,2128,2134,2274,2986,2961,2981,3428,3417,3613,3744,3809,3740
1538,0.84983,0.84266,0.05329,0.05705,124.83,430,476,925,1112,1053,1584,1179,1433,1484,1451,2022,2021,1908,2020,2020,2020,2019,2159,2128,2134,2273,2987,2961,2981,3428,3417,3613,3745,3809,3740
1539,0.85018,0.842,0.05323,0.05717,124.93,430,476,926,1113,1053,1585,1180,1433,1484,1451,2022,2021,1908,2020,2020,2020,2019,2159,2128,2134,2273,2986,2961,2981,3428,3417,3613,3744,3809,3740
1540,0.85047,0.84279,0.05318,0.05703,125.02,430,477,926,1114,1054,1585,1180,1433,1484,1451,2022,2020,1909,2020,2020,2020,2019,2159,2128,2134,2272,2986,2961,2981,3428,3417,3613,3744,3809,3740
1541,0.85053,0.84278,0.05316,0.05703,125.1,430,477,927,1115,1055,1586,1180,1433,1485,1451,2022,2020,1909,2020,2020,2020,2019,2159,2128,2134,2272,2986,2961,2981,3428,3417,3613,3744,3809,3740
1542,0.8504,0.84237,0.05319,0.05711,125.18,430,477,928,1115,1056,1587,1180,1433,1485,1451,2022,2020,1909,2020,2020,2019,2019,2159,2128,2134,2271,2986,2961,2981,3428,3417,3613,3744,3809,3740
1543,0.85023,0.84294,0.05322,0.057,125.28,430,477,929,1116,1056,1587,1180,1433,1485,1451,2022,2020,1909,2020,2020,2020,2019,2159,2128,2134,2270,2987,2961,2981,3429,3417,3613,3744,3809,3740
1544,0.85014,0.84199,0.05323,0.05717,125.36,430,477,929,1117,1057,1588,1180,1433,1485,1451,2022,2020,1909,2020,2020,2019,2019,2159,2128,2134,2270,2986,2961,2981,3429,3417,3614,3744,3809,3740
1545,0.85024,0.84291,0.05322,0.05701,125.44,431,477,930,1118,1058,1588,1180,1433,1485,1451,2022,2020,1910,2020,2020,2020,2019,2159,2128,2134,2269,2987,2962,2981,3429,3417,3614,3744,3809,3739
1546,0.85043,0.84238,0.05318,0.0571,125.53,431,477,931,1119,1059,1589,1180,1433,1486,1451,2022,2020,1910,2020,2020,2019,2019,2159,2128,2134,2269,2986,2961,2981,3429,3417,3614,3744,3809,3739
1547,0.85062,0.84301,0.05315,0.05699,125.61,431,477,931,1119,1059,1589,1180,1433,1486,1451,2022,2020,1910,2020,2020,2019,2019,2159,2128,2134,2268,2986,2961,2981,3429,3417,3614,3744,3809,3739
1548,0.85068,0.84296,0.05314,0.057,125.7,431,477,932,1120,1060,1590,1180,1433,1486,1451,2022,2020,1910,2020,2020,2019,2019,2159,2128,2134,2268,2986,2961,2981,3429,3417,3614,3744,3809,3739
1549,0.85062,0.84267,0.05315,0.05705,125.79,431,477,933,1121,1061,1591,1180,1433,1486,1451,2022,2020,1911,2020,2020,2019,2019,2159,2128,2134,2267,2986,2961,2981,3429,3417,3614,3744,3809,3739
1550,0.85053,0.84304,0.05316,0.05698,125.88,431,477,934,1122,1061,1591,1179,1433,1486,1451,2022,2021,1911,2020,2020,2019,2019,2159,2128,2134,2267,2986,2961,2981,3429,3417,3614,3744,3809,3739
1551,0.85049,0.84238,0.05317,0.0571,125.98,431,477,935,1123,1062,1592,1180,1434,1486,1451,2022,2020,1911,2020,2020,2019,2019,2159,2127,2134,2266,2986,2961,2981,3429,3417,3614,3744,3809,3739
1552,0.85056,0.84309,0.05316,0.05697,126.06,431,478,935,1123,1063,1592,1179,1433,1487,1451,2022,2021,1911,2020,2020,2019,2019,2159,2128,2134,2265,2986,2961,2981,3429,3417,3614,3744,3809,3739
1553,0.85068,0.84279,0.05314,0.05703,126.15,431,478,936,1124,1064,1593,1180,1433,1487,1451,2022,2020,1911,2020,2020,2019,2019,2159,2128,2134,2265,2986,2961,2981,3429,3417,3614,3744,3809,3739
1554,0.85078,0.84318,0.05312,0.05696,126.23,431,478,937,1125,1064,1593,1179,1433,1487,1451,2022,2020,1912,2020,2020,2019,2019,2159,2128,2134,2264,2986,2961,2981,3429,3417,3614,3744,3809,3739
1555,0.85079,0.8432,0.05312,0.05695,126.31,431,478,938,1126,1065,1594,1179,1433,1487,1451,2022,2020,1912,2020,2020,2019,2019,2159,2128,2134,2264,2986,2961,2981,3429,3417,3614,3744,3809,3739
1556,0.85075,0.84291,0.05313,0.05701,126.4,431,478,938,1127,1066,1595,1180,1433,1487,1451,2022,2020,1912,2020,2020,2019,2019,2159,2128,2134,2263,2986,2961,2981,3429,3417,3614,3744,3809,3739
1557,0.85071,0.8433,0.05313,0.05694,126.48,432,478,939,1127,1067,1595,1179,1433,1488,1451,2022,2020,1913,2020,2020,2019,2019,2159,2128,2134,2263,2986,2961,2981,3429,3417,3614,3744,3809,3739
1558,0.85072,0.84285,0.05313,0.05702,126.58,432,478,940,1128,1067,1596,1180,1433,1488,1451,2022,2020,1913,2020,2020,2019,2019,2159,2128,2134,2262,2986,2961,2981,3429,3417,3614,3744,3809,3739
1559,0.85078,0.84335,0.05312,0.05693,126.66,432,478,941,1129,1068,1596,1179,1433,1488,1451,2022,2020,1913,2020,2020,2019,2019,2159,2128,2134,2261,2986,2961,2981,3429,3417,3613,3744,3809,3739
1560,0.85086,0.84307,0.05311,0.05698,126.75,432,478,941,1130,1069,1597,1180,1433,1488,1451,2022,2020,1913,2020,2020,2019,2019,2159,2128,2134,2261,2986,2961,2981,3429,3417,3613,3744,3809,3739
1561,0.85091,0.84322,0.0531,0.05695,126.83,432,478,942,1131,1070,1597,1180,1433,1488,1451,2022,2020,1913,2020,2020,2019,2019,2159,2128,2134,2260,2986,2961,2981,3429,3417,3613,3744,3809,3739
1562,0.85092,0.84325,0.05309,0.05695,126.92,432,478,943,1131,1070,1598,1180,1433,1489,1451,2022,2020,1914,2020,2020,2019,2019,2159,2128,2134,2260,2986,2961,2981,3429,3417,3613,3744,3809,3739
1563,0.85091,0.84305,0.0531,0.05698,127.01,432,479,944,1132,1071,1599,1180,1433,1489,1451,2022,2020,1914,2020,2020,2019,2019,2159,2128,2134,2259,2986,2961,2981,3429,3417,3613,3744,3809,3739
1564,0.85089,0.84339,0.0531,0.05692,127.11,432,479,944,1133,1072,1599,1180,1433,1489,1451,2022,2021,1914,2020,2020,2019,2019,2159,2128,2134,2258,2986,2961,2981,3429,3417,3613,3744,3809,3739
1565,0.8509,0.84301,0.0531,0.05699,127.19,432,479,945,1134,1073,1600,1180,1433,1489,1451,2022,2020,1914,2020,2020,2019,2019,2159,2128,2134,2258,2986,2961,2981,3429,3417,3613,3744,3809,3739
1566,0.85095,0.8434,0.05309,0.05692,127.29,432,479,946,1135,1073,1600,1180,1433,1489,1451,2022,2020,1915,2020,2020,2019,2019,2159,2128,2134,2257,2986,2961,2981,3429,3417,3613,3744,3809,3739
1567,0.85099,0.8432,0.05308,0.05695,127.37,432,479,947,1136,1074,1601,1180,1433,1490,1451,2022,2020,1915,2020,2020,2019,2019,2159,2128,2134,2256,2986,2961,2981,3429,3417,3613,3744,3809,3739
1568,0.85104,0.84345,0.05307,0.05691,127.45,432,479,948,1136,1075,1601,1180,1433,1490,1451,2022,2020,1915,2020,2020,2019,2019,2159,2128,2134,2256,2986,2961,2981,3429,3417,3613,3744,3809,3739
1569,0.85106,0.84345,0.05307,0.05691,127.54,432,479,948,1137,1075,1602,1180,1433,1490,1451,2022,2020,1916,2020,2020,2019,2019,2159,2128,2134,2255,2986,2961,2981,3429,3417,3613,3744,3809,3739
1570,0.85107,0.84335,0.05307,0.05693,127.63,433,479,949,1138,1076,1603,1180,1433,1490,1451,2022,2020,1916,2020,2020,2020,2019,2159,2128,2134,2254,2986,2961,2981,3429,3417,3613,3744,3809,3739
1571,0.85107,0.84353,0.05307,0.05689,127.73,433,479,950,1139,1077,1603,1179,1433,1490,1451,2022,2020,1916,2020,2020,2020,2019,2159,2128,2134,2254,2986,2961,2981,3429,3417,3613,3744,3809,3739
1572,0.85107,0.84332,0.05307,0.05693,127.82,433,479,951,1140,1078,1604,1180,1433,1491,1451,2022,2020,1917,2020,2020,2020,2019,2159,2128,2134,2253,2986,2961,2981,3429,3417,3613,3744,3809,3739
1573,0.85109,0.84362,0.05306,0.05688,127.91,433,479,952,1140,1078,1604,1179,1433,1491,1451,2022,2020,1917,2020,2020,2020,2019,2159,2128,2134,2253,2986,2961,2981,3429,3417,3613,3744,3809,3739
1574,0.85112,0.84337,0.05306,0.05692,128.01,433,479,952,1141,1079,1605,1180,1433,1491,1451,2022,2020,1917,2020,2020,2020,2019,2159,2128,2134,2252,2986,2961,2981,3429,3417,3613,3744,3809,3739
1575,0.85115,0.84358,0.05305,0.05688,128.1,433,480,953,1142,1080,1605,1180,1433,1491,1451,2022,2020,1918,2020,2020,2020,2019,2159,2128,2134,2251,2986,2961,2981,3429,3417,3613,3744,3809,3739
1576,0.85118,0.84346,0.05305,0.05691,128.19,433,480,954,1143,1081,1606,1180,1433,1491,1451,2022,2020,1918,2020,2020,2020,2019,2159,2128,2134,2251,2986,2961,2981,3429,3417,3613,3744,3809,3738
1577,0.85121,0.84355,0.05304,0.05689,128.28,433,480,955,1144,1081,1607,1180,1433,1491,1451,2022,2020,1919,2020,2020,2020,2019,2159,2128,2134,2250,2986,2961,2981,3429,3417,3613,3744,3809,3738
1578,0.85122,0.84364,0.05304,0.05688,128.36,433,480,955,1145,1082,1607,1180,1433,1492,1451,2022,2020,1919,2020,2020,2020,2019,2159,2128,2134,2249,2986,2961,2981,3429,3417,3613,3744,3809,3738
1579,0.85123,0.84352,0.05304,0.0569,128.44,433,480,956,1145,1083,1608,1180,1433,1492,1451,2022,2020,1920,2020,2020,2020,2019,2159,2128,2134,2249,2986,2961,2981,3429,3417,3613,3744,3809,3738
1580,0.85124,0.84368,0.05304,0.05687,128.53,433,480,957,1146,1083,1608,1180,1433,1492,1451,2022,2020,1920,2020,2020,2020,2019,2159,2128,2134,2248,2986,2961,2981,3429,3417,3613,3744,3809,3738
1581,0.85125,0.84348,0.05304,0.0569,128.63,433,480,958,1147,1084,1609,1180,1433,1492,1451,2022,2020,1921,2020,2020,2020,2019,2159,2128,2134,2247,2986,2961,2981,3429,3417,3613,3744,3809,3738
1582,0.85127,0.84373,0.05303,0.05686,128.71,433,480,959,1148,1085,1609,1180,1433,1493,1451,2022,2020,1921,2020,2020,2020,2019,2159,2128,2134,2247,2986,2961,2981,3429,3417,3613,3744,3809,3738
1583,0.85129,0.84358,0.05303,0.05688,128.81,434,480,959,1149,1086,1610,1180,1433,1493,1451,2022,2020,1922,2020,2020,2020,2019,2159,2128,2134,2246,2986,2961,2981,3429,3417,3613,3744,3809,3738
1584,0.85132,0.84378,0.05302,0.05685,128.89,434,480,960,1149,1086,1611,1179,1433,1493,1451,2022,2020,1922,2020,2020,2020,2019,2159,2128,2134,2245,2986,2961,2981,3429,3417,3613,3744,3809,3738
1585,0.85134,0.84368,0.05302,0.05687,128.98,434,481,961,1150,1087,1611,1180,1433,1493,1451,2022,2020,1923,2020,2020,2020,2019,2159,2128,2134,2245,2986,2961,2981,3429,3417,3613,3744,3809,3738
1586,0.85136,0.84373,0.05302,0.05686,129.06,434,481,962,1151,1088,1612,1180,1433,1493,1451,2022,2020,1923,2020,2020,2020,2019,2159,2128,2134,2244,2986,2961,2981,3429,3417,3613,3744,3809,3738
1587,0.85138,0.84378,0.05301,0.05685,129.14,434,481,963,1152,1089,1612,1179,1433,1494,1451,2022,2020,1924,2020,2020,2020,2019,2159,2128,2134,2243,2986,2961,2981,3429,3417,3613,3744,3809,3738
1588,0.85139,0.84375,0.05301,0.05685,129.22,434,481,963,1153,1089,1613,1179,1433,1494,1451,2022,2020,1924,2020,2020,2020,2019,2159,2128,2134,2242,2986,2961,2981,3429,3417,3613,3744,3809,3738
1589,0.85141,0.84387,0.05301,0.05683,129.3,434,481,964,1154,1090,1613,1179,1433,1494,1451,2022,2020,1925,2020,2020,2020,2019,2159,2128,2134,2242,2986,2961,2981,3429,3417,3613,3744,3809,3738
1590,0.85142,0.84369,0.05301,0.05687,129.39,434,481,965,1154,1091,1614,1180,1433,1494,1451,2022,2020,1926,2020,2020,2020,2019,2159,2128,2134,2241,2986,2961,2981,3429,3417,3613,3744,3809,3738
1591,0.85143,0.8439,0.053,0.05683,129.46,434,481,966,1155,1092,1615,1179,1433,1494,1451,2022,2020,1927,2020,2020,2020,2019,2159,2128,2134,2240,2986,2961,2981,3429,3417,3613,3744,3809,3738
1592,0.85144,0.84373,0.053,0.05686,129.55,434,481,967,1156,1092,1615,1180,1433,1495,1451,2022,2020,1927,2020,2020,2020,2019,2159,2128,2134,2240,2986,2961,2981,3429,3417,3613,3744,3809,3738
1593,0.85146,0.84398,0.053,0.05681,129.63,434,481,967,1157,1093,1616,1179,1433,1495,1451,2022,2020,1928,2020,2020,2020,2019,2159,2128,2134,2239,2986,2961,2981,3429,3417,3613,3744,3809,3738
1594,0.85148,0.84373,0.053,0.05686,129.72,434,481,968,1158,1094,1616,1180,1433,1495,1451,2022,2020,1929,2020,2020,2020,2019,2159,2128,2134,2238,2986,2961,2981,3429,3417,3613,3744,3809,3738
1595,0.8515,0.84397,0.05299,0.05682,129.81,434,481,969,1158,1094,1617,1179,1433,1495,1451,2022,2020,1930,2020,2020,2020,2019,2159,2128,2134,2237,2986,2961,2981,3429,3417,3613,3744,3809,3738
1596,0.85151,0.84376,0.05299,0.05685,129.89,434,481,970,1159,1095,1617,1180,1433,1495,1451,2022,2020,1931,2020,2020,2020,2019,2159,2128,2134,2237,2986,2961,2981,3429,3417,3613,3744,3809,3738
1597,0.85153,0.84406,0.05299,0.0568,129.97,434,482,971,1160,1096,1618,1179,1433,1495,1451,2022,2020,1932,2020,2020,2020,2019,2159,2128,2134,2236,2986,2961,2981,3429,3417,3613,3744,3809,3738
1598,0.85155,0.84388,0.05298,0.05683,130.05,434,482,972,1161,1097,1619,1180,1433,1496,1451,2022,2020,1933,2020,2020,2020,2019,2159,2128,2134,2235,2986,2961,2981,3429,3417,3613,3744,3809,3738
1599,0.85158,0.84412,0.05298,0.05679,130.14,435,482,973,1162,1097,1619,1179,1433,1496,1451,2022,2020,1934,2020,2020,2020,2019,2159,2128,2134,2234,2986,2961,2981,3429,3417,3613,3744,3809,3738
1600,0.8516,0.8439,0.05297,0.05683,130.23,435,482,973,1162,1098,1620,1180,1433,1496,1451,2022,2020,1935,2020,2020,2020,2019,2159,2128,2134,2233,2986,2961,2981,3429,3417,3613,3744,3809,3738
1601,0.85162,0.84412,0.05297,0.05679,130.31,435,482,974,1163,1099,1620,1180,1433,1496,1451,2022,2020,1936,2020,2020,2020,2019,2159,2128,2134,2233,2986,2961,2981,3429,3417,3613,3744,3809,3738
1602,0.85165,0.84402,0.05297,0.0568,130.4,435,482,975,1164,1099,1621,1180,1433,1496,1451,2022,2020,1938,2020,2020,2020,2019,2159,2128,2134,2232,2986,2961,2981,3429,3417,3613,3744,3809,3738
1603,0.85167,0.84421,0.05296,0.05677,130.49,435,482,976,1165,1100,1622,1179,1433,1496,1451,2022,2020,1939,2020,2020,2020,2019,2159,2128,2134,2231,2986,2961,2981,3429,3417,3613,3744,3809,3738
1604,0.85169,0.84408,0.05296,0.0568,130.57,435,482,977,1166,1101,1622,1180,1433,1497,1451,2022,2020,1940,2020,2020,2020,2019,2159,2128,2134,2230,2986,2961,2980,3429,3417,3613,3744,3809,3738
1605,0.85172,0.84416,0.05295,0.05678,130.67,435,482,978,1166,1102,1623,1180,1433,1497,1451,2022,2020,1942,2020,2020,2020,2019,2159,2128,2134,2230,2986,2961,2980,3429,3417,3613,3744,3809,3738
1606,0.85174,0.84413,0.05295,0.05679,130.76,435,482,978,1167,1102,1623,1180,1433,1497,1451,2022,2020,1943,2020,2020,2020,2019,2159,2128,2134,2229,2986,2961,2980,3429,3417,3613,3744,3809,3738
1607,0.85177,0.84422,0.05294,0.05677,130.85,435,482,979,1168,1103,1624,1180,1433,1497,1451,2022,2020,1945,2020,2020,2020,2019,2159,2128,2134,2228,2986,2961,2980,3429,3417,3613,3744,3809,3738
1608,0.85179,0.84422,0.05294,0.05677,130.94,435,482,980,1169,1104,1624,1180,1433,1497,1451,2022,2020,1947,2020,2020,2020,2019,2159,2128,2134,2227,2986,2961,2980,3429,3417,3613,3744,3809,3738
1609,0.85181,0.84423,0.05294,0.05677,131.03,435,483,981,1170,1104,1625,1180,1433,1498,1451,2022,2020,1948,2020,2020,2020,2019,2159,2128,2134,2226,2986,2961,2980,3429,3417,3613,3744,3809,3738
1610,0.85183,0.84426,0.05293,0.05676,131.11,435,483,982,1170,1105,1626,1180,1433,1498,1451,2022,2020,1950,2020,2020,2020,2019,2159,2128,2134,2225,2986,2961,2980,3429,3417,3613,3744,3809,3738
1611,0.85186,0.84428,0.05293,0.05676,131.2,435,483,983,1171,1106,1626,1180,1433,1498,1451,2022,2020,1952,2020,2020,2020,2019,2159,2128,2134,2224,2986,2961,2980,3429,3417,3613,3744,3809,3738
1612,0.85188,0.84435,0.05292,0.05674,131.28,435,483,984,1172,1107,1627,1180,1433,1498,1451,2022,2020,1954,2020,2020,2020,2019,2159,2128,2134,2223,2986,2961,2980,3429,3417,3613,3744,3809,3738
1613,0.8519,0.84431,0.05292,0.05675,131.36,435,483,984,1173,1107,1627,1180,1433,1498,1451,2022,2020,1956,2020,2020,2020,2019,2159,2128,2134,2223,2986,2961,2980,3429,3417,3613,3744,3809,3738
1614,0.85193,0.84439,0.05292,0.05674,131.45,435,483,985,1174,1108,1628,1180,1433,1499,1451,2022,2020,1958,2020,2020,2020,2019,2159,2128,2134,2222,2986,2961,2980,3429,3417,3613,3744,3809,3738
1615,0.85195,0.84435,0.05291,0.05675,131.53,435,483,986,1174,1109,1628,1180,1433,1499,1451,2022,2020,1960,2020,2020,2020,2019,2159,2128,2134,2221,2986,2961,2980,3429,3417,3613,3744,3809,3738
1616,0.85198,0.8445,0.05291,0.05672,131.61,435,483,987,1175,1110,1629,1179,1433,1499,1451,2022,2020,1963,2020,2020,2020,2019,2159,2128,2134,2220,2986,2961,2980,3429,3417,3613,3744,3809,3738
1617,0.852,0.84437,0.0529,0.05674,131.69,435,483,988,1176,1110,1630,1180,1433,1499,1451,2022,2020,1965,2020,2020,2020,2019,2159,2128,2134,2219,2986,2961,2980,3429,3417,3613,3744,3809,3738
1618,0.85202,0.84457,0.0529,0.0567,131.78,435,483,989,1177,1111,1630,1179,1433,1499,1451,2022,2020,1968,2020,2020,2020,2019,2159,2128,2134,2218,2986,2961,2980,3429,3417,3613,3744,3809,3738
1619,0.85204,0.84437,0.05289,0.05674,131.87,435,483,990,1178,1112,1631,1180,1433,1500,1451,2022,2020,1971,2020,2020,2020,2019,2159,2128,2134,2217,2986,2961,2980,3429,3417,3613,3744,3809,3738
1620,0.85206,0.84469,0.05289,0.05668,131.96,436,484,990,1178,1112,1631,1179,1433,1500,1451,2022,2020,1973,2020,2020,2020,2019,2159,2128,2134,2216,2986,2961,2980,3429,3417,3613,3744,3809,3738
1621,0.85207,0.84437,0.05289,0.05674,132.05,436,484,991,1179,1113,1632,1180,1433,1500,1451,2022,2020,1976,2020,2020,2020,2019,2159,2128,2134,2216,2986,2961,2980,3429,3417,3613,3744,3809,3738
1622,0.85207,0.84478,0.05289,0.05667,132.13,436,484,992,1180,1114,1632,1179,1433,1500,1451,2022,2020,1979,2020,2020,2020,2019,2159,2128,2134,2215,2986,2961,2980,3429,3417,3613,3744,3809,3738
1623,0.85205,0.84427,0.05289,0.05676,132.21,436,484,993,1181,1115,1633,1180,1434,1501,1451,2022,2020,1982,2020,2020,2020,2019,2159,2128,2134,2214,2986,2961,2980,3429,3417,3613,3744,3809,3738
1624,0.85202,0.84484,0.0529,0.05666,132.31,436,484,994,1181,1115,1634,1179,1433,1501,1451,2022,2020,1985,2020,2020,2020,2019,2159,2128,2134,2213,2986,2961,2980,3429,3417,3613,3744,3809,3738
1625,0.85196,0.84412,0.05291,0.05679,132.39,436,484,995,1182,1116,1634,1180,1434,1501,1451,2022,2020,1989,2020,2020,2020,2019,2159,2128,2134,2212,2986,2961,2980,3429,3417,3613,3744,3809,3738
1626,0.85188,0.8449,0.05292,0.05664,132.48,436,484,996,1183,1117,1635,1179,1433,1501,1451,2022,2020,1992,2020,2020,2020,2019,2159,2128,2134,2211,2986,2961,2980,3429,3417,3613,3744,3809,3738
1627,0.85176,0.84388,0.05294,0.05683,132.57,436,484,997,1184,1117,1635,1180,1434,1501,1451,2022,2020,1995,2020,2020,2020,2019,2159,2127,2134,2210,2986,2961,2980,3428,3417,3613,3744,3809,3738
1628,0.85167,0.84486,0.05296,0.05665,132.65,436,484,998,1185,1118,1636,1179,1433,1501,1451,2022,2020,1999,2020,2020,2020,2019,2159,2128,2134,2209,2986,2961,2980,3429,3417,3613,3744,3809,3738
1629,0.85161,0.84369,0.05297,0.05686,132.73,436,484,998,1185,1119,1636,1180,1434,1502,1451,2022,2020,2002,2020,2020,2020,2019,2159,2128,2134,2208,2986,2961,2980,3428,3417,3613,3744,3809,3738
1630,0.85171,0.84493,0.05295,0.05664,132.82,436,484,999,1186,1120,1637,1179,1433,1502,1451,2022,2020,2005,2020,2020,2020,2019,2159,2128,2134,2208,2986,2961,2980,3428,3417,3613,3744,3809,3738
1631,0.85193,0.84414,0.05291,0.05678,132.9,436,484,1000,1187,1120,1638,1180,1433,1502,1451,2022,2020,2008,2020,2020,2019,2019,2159,2128,2134,2207,2986,2961,2980,3428,3417,3613,3744,3809,3738
1632,0.85223,0.84524,0.05286,0.05658,132.99,436,485,1001,1188,1121,1638,1179,1433,1502,1451,2022,2020,2011,2020,2020,2019,2019,2159,2128,2134,2206,2986,2961,2980,3428,3417,3613,3744,3809,3738
1633,0.85247,0.84495,0.05282,0.05663,133.08,436,485,1002,1188,1122,1639,1180,1433,1502,1451,2022,2020,2014,2020,2020,2019,2019,2159,2128,2134,2205,2986,2961,2980,3428,3417,3613,3744,3809,3738
1634,0.85255,0.84514,0.0528,0.0566,133.17,436,485,1003,1189,1122,1639,1180,1433,1503,1451,2022,2020,2017,2020,2020,2019,2019,2159,2128,2134,2204,2986,2961,2980,3428,3417,3613,3744,3809,3738
1635,0.85249,0.84529,0.05282,0.05657,133.26,436,485,1004,1190,1123,1640,1180,1433,1503,1451,2022,2020,2020,2020,2020,2019,2019,2159,2128,2134,2203,2986,2961,2980,3429,3417,3613,3744,3809,3738
1636,0.85234,0.84463,0.05284,0.05669,133.34,437,485,1004,1191,1124,1640,1180,1434,1503,1451,2022,2020,2023,2020,2020,2019,2019,2159,2128,2134,2202,2986,2961,2980,3429,3417,3613,3744,3809,3738
1637,0.85223,0.84528,0.05286,0.05658,133.43,437,485,1005,1192,1125,1641,1180,1433,1503,1451,2022,2020,2025,2020,2020,2019,2019,2159,2128,2134,2202,2986,2961,2981,3429,3417,3613,3744,3809,3738
1638,0.85222,0.84453,0.05286,0.05671,133.52,437,485,1006,1192,1125,1642,1180,1434,1503,1451,2022,2020,2027,2020,2020,2019,2019,2159,2127,2133,2201,2986,2961,2980,3429,3417,3613,3744,3809,3738
1639,0.85235,0.84534,0.05284,0.05656,133.6,437,485,1007,1193,1126,1642,1180,1433,1504,1451,2022,2020,2028,2020,2020,2019,2019,2159,2128,2134,2200,2986,2962,2981,3429,3417,3613,3744,3809,3738
1640,0.85251,0.84491,0.05281,0.05664,133.69,437,485,1008,1194,1127,1643,1180,1434,1504,1451,2022,2020,2029,2020,2020,2019,2019,2159,2127,2133,2199,2986,2961,2980,3429,3417,3613,3744,3809,3738
1641,0.85262,0.8453,0.05279,0.05657,133.78,437,485,1009,1195,1127,1643,1180,1434,1504,1451,2022,2020,2030,2020,2020,2019,2019,2159,2128,2134,2198,2986,2962,2980,3429,3417,3613,3744,3809,3738
1642,0.85264,0.84529,0.05279,0.05657,133.87,437,486,1010,1195,1128,1644,1180,1434,1504,1451,2022,2020,2030,2020,2020,2019,2019,2159,2128,2134,2197,2986,2962,2980,3429,3417,3613,3744,3809,3738
1643,0.85259,0.84504,0.0528,0.05662,133.95,437,486,1011,1196,1129,1644,1180,1434,1504,1451,2022,2020,2030,2020,2020,2019,2019,2159,2128,2134,2196,2986,2961,2980,3429,3417,3613,3744,3809,3738
1644,0.85254,0.84541,0.05281,0.05655,134.04,437,486,1012,1197,1130,1645,1179,1433,1504,1451,2022,2020,2030,2020,2020,2019,2019,2159,2128,2134,2195,2986,2962,2980,3429,3417,3613,3744,3809,3738
1645,0.85251,0.84485,0.05281,0.05665,134.13,437,486,1012,1198,1130,1646,1180,1434,1505,1451,2022,2020,2029,2020,2020,2019,2019,2159,2128,2134,2194,2986,2961,2980,3429,3417,3613,3744,3809,3738
1646,0.85255,0.84543,0.0528,0.05655,134.21,437,486,1013,1198,1131,1646,1179,1433,1505,1451,2022,2020,2028,2020,2020,2019,2019,2159,2128,2134,2193,2986,2962,2980,3429,3417,3613,3744,3809,3738
1647,0.85264,0.84508,0.05279,0.05661,134.29,437,486,1014,1199,1132,1647,1180,1433,1505,1451,2022,2020,2027,2020,2020,2019,2019,2159,2128,2134,2192,2986,2962,2980,3429,3417,3613,3744,3809,3738
1648,0.85273,0.84546,0.05277,0.05654,134.38,437,486,1015,1200,1132,1647,1180,1433,1505,1451,2022,2020,2026,2020,2020,2019,2019,2159,2128,2134,2192,2986,2962,2980,3429,3417,3613,3744,3809,3738
1649,0.85277,0.8454,0.05276,0.05655,134.46,437,486,1016,1201,1133,1648,1180,1433,1505,1451,2022,2020,2025,2020,2020,2019,2019,2159,2128,2134,2191,2986,2962,2980,3429,3417,3613,3744,3809,3738
1650,0.85277,0.84528,0.05276,0.05658,134.54,437,486,1017,1202,1134,1649,1180,1433,1505,1451,2022,2020,2024,2020,2020,2019,2019,2159,2128,2134,2190,2986,2962,2980,3429,3417,3613,3744,3809,3738
1651,0.85274,0.8455,0.05277,0.05654,134.62,437,486,1018,1202,1135,1649,1180,1433,1506,1451,2022,2020,2023,2020,2020,2019,2019,2158,2128,2134,2189,2986,2962,2980,3429,3417,3613,3744,3809,3738
1652,0.85272,0.84509,0.05277,0.05661,134.71,437,486,1019,1203,1135,1650,1180,1434,1506,1451,2022,2020,2021,2020,2020,2019,2019,2158,2128,2134,2188,2986,2962,2980,3429,3417,3613,3744,3809,3738
1653,0.85273,0.84554,0.05277,0.05653,134.8,437,487,1020,1204,1136,1650,1180,1433,1506,1451,2022,2020,2021,2020,2020,2019,2019,2158,2128,2134,2187,2986,2962,2980,3429,3417,3613,3744,3809,3738
1654,0.85277,0.84519,0.05276,0.05659,134.88,437,487,1021,1205,1137,1651,1180,1434,1506,1452,2022,2020,2020,2020,2020,2019,2019,2157,2128,2133,2186,2986,2962,2980,3429,3417,3613,3744,3809,3738
1655,0.85283,0.84554,0.05275,0.05653,134.97,437,487,1022,1205,1137,1651,1180,1433,1506,1452,2022,2020,2019,2020,2020,2019,2019,2157,2128,2134,2185,2986,2962,2980,3429,3417,3613,3744,3809,3738
1656,0.85287,0.84541,0.05275,0.05655,135.06,437,487,1022,1206,1138,1652,1180,1434,1507,1452,2022,2020,2018,2020,2020,2019,2019,2156,2128,2134,2184,2986,2962,2980,3429,3417,3613,3744,3809,3738
1657,0.85289,0.84548,0.05274,0.05654,135.14,437,487,1023,1207,1139,1652,1180,1434,1507,1452,2022,2020,2018,2020,2020,2019,2019,2156,2128,2134,2183,2986,2962,2980,3429,3417,3613,3744,3809,3738
1658,0.85289,0.84556,0.05274,0.05652,135.23,438,487,1024,1208,1140,1653,1180,1433,1507,1453,2022,2020,2018,2020,2020,2019,2019,2155,2128,2134,2182,2986,2962,2980,3429,3417,3613,3744,3809,3738
1659,0.85288,0.84535,0.05274,0.05656,135.32,438,487,1025,1208,1140,1654,1180,1434,1507,1453,2022,2020,2018,2020,2020,2019,2019,2154,2128,2134,2181,2986,2961,2980,3429,3417,3613,3744,3809,3738
1660,0.85288,0.8456,0.05274,0.05652,135.41,438,487,1026,1209,1141,1654,1180,1433,1507,1453,2022,2020,2018,2020,2020,2019,2019,2154,2128,2134,2180,2986,2962,2980,3429,3417,3613,3744,3809,3738
1661,0.85289,0.84532,0.05274,0.05657,135.49,438,487,1027,1210,1142,1655,1180,1434,1508,1454,2022,2020,2018,2020,2020,2019,2019,2153,2128,2134,2179,2986,2961,2980,3429,3417,3613,3744,3809,3738
1662,0.85292,0.84566,0.05274,0.05651,135.57,438,487,1028,1211,1142,1655,1180,1433,1508,1454,2022,2020,2018,2020,2020,2019,2019,2152,2128,2134,2178,2986,2961,2980,3429,3417,3613,3744,3809,3738
1663,0.85295,0.84547,0.05273,0.05654,135.66,438,487,1029,1211,1143,1656,1180,1434,1508,1454,2022,2020,2018,2020,2020,2019,2019,2152,2128,2134,2177,2986,2961,2980,3429,3417,3613,3744,3809,3738
1664,0.85298,0.84563,0.05273,0.05651,135.75,438,488,1030,1212,1144,1656,1180,1434,1508,1455,2022,2020,2019,2020,2020,2019,2019,2151,2128,2134,2176,2986,2961,2980,3429,3417,3613,3744,3809,3738
1665,0.853,0.84555,0.05272,0.05653,135.83,438,488,1031,1213,1145,1657,1180,1434,1509,1455,2022,2020,2019,2020,2020,2019,2019,2150,2128,2134,2175,2986,2961,2980,3429,3417,3613,3744,3809,3738
1666,0.85302,0.84555,0.05272,0.05653,135.92,438,488,1032,1214,1145,1658,1180,1434,1509,1455,2022,2020,2019,2020,2020,2019,2019,2150,2128,2134,2174,2986,2961,2980,3429,3417,3613,3744,3809,3738
1667,0.85302,0.84566,0.05272,0.05651,136.0,438,488,1033,1214,1146,1658,1180,1434,1509,1456,2022,2020,2020,2020,2020,2019,2019,2149,2128,2134,2173,2986,2961,2980,3429,3417,3613,3744,3809,3738
1668,0.85303,0.84552,0.05272,0.05653,136.09,438,488,1034,1215,1147,1659,1180,1434,1509,1456,2022,2020,2020,2020,2020,2019,2019,2148,2128,2134,2172,2986,2961,2980,3429,3417,3613,3744,3809,3738
1669,0.85304,0.84569,0.05272,0.0565,136.17,438,488,1035,1216,1147,1659,1180,1434,1509,1456,2022,2020,2021,2020,2020,2019,2019,2148,2128,2134,2171,2986,2961,2980,3429,3417,3613,3744,3809,3738
1670,0.85304,0.84552,0.05272,0.05653,136.26,438,488,1036,1217,1148,1660,1180,1434,1510,1457,2022,2020,2021,2020,2020,2019,2019,2147,2128,2134,2170,2986,2961,2980,3429,3417,3613,3744,3809,3738
1671,0.85306,0.84576,0.05271,0.05649,136.35,438,488,1037,1217,1149,1660,1180,1433,1510,1457,2022,2020,2022,2020,2020,2019,2019,2146,2128,2134,2169,2986,2961,2980,3429,3417,3613,3744,3809,3738
1672,0.85308,0.84565,0.05271,0.05651,136.43,438,488,1038,1218,1150,1661,1180,1434,1510,1457,2022,2020,2022,2020,2020,2019,2019,2146,2128,2134,2168,2986,2961,2980,3429,3417,3613,3744,3809,3738
1673,0.8531,0.84574,0.0527,0.05649,136.52,438,489,1039,1219,1150,1662,1180,1434,1510,1458,2022,2020,2022,2020,2020,2019,2019,2145,2128,2134,2168,2986,2961,2980,3429,3417,3613,3744,3809,3738
1674,0.85312,0.84566,0.0527,0.05651,136.59,438,489,1039,1220,1151,1662,1180,1434,1510,1458,2022,2020,2023,2020,2020,2019,2019,2145,2128,2134,2167,2986,2961,2980,3429,3417,3613,3744,3809,3738
1675,0.85313,0.84566,0.0527,0.05651,136.68,438,489,1040,1220,1152,1663,1180,1434,1511,1459,2022,2020,2023,2020,2020,2019,2019,2145,2128,2134,2166,2986,2961,2980,3429,3417,3613,3744,3809,3738
1676,0.85314,0.84572,0.0527,0.0565,136.77,438,489,1041,1221,1152,1663,1180,1434,1511,1459,2022,2020,2023,2020,2020,2019,2019,2144,2128,2134,2165,2986,2961,2980,3429,3417,3613,3744,3809,3738
1677,0.85315,0.84567,0.0527,0.0565,136.85,439,489,1042,1222,1153,1664,1180,1434,1511,1459,2022,2020,2023,2020,2020,2019,2019,2144,2128,2134,2164,2986,2961,2980,3429,3417,3613,3744,3809,3738
1678,0.85316,0.84578,0.05269,0.05648,136.93,439,489,1043,1223,1154,1664,1180,1434,1511,1460,2022,2020,2023,2020,2020,2019,2019,2143,2128,2134,2163,2986,2961,2980,3429,3417,3613,3744,3809,3738
1679,0.85317,0.84564,0.05269,0.05651,137.03,439,489,1044,1223,1154,1665,1180,1434,1511,1460,2022,2020,2023,2020,2020,2019,2019,2143,2128,2134,2162,2986,2961,2980,3429,3417,3613,3744,3809,3738
1680,0.85317,0.84583,0.05269,0.05648,137.11,439,489,1045,1224,1155,1665,1180,1434,1512,1461,2022,2020,2023,2020,2020,2019,2019,2142,2128,2134,2161,2986,2961,2980,3429,3417,3613,3744,3809,3738
1681,0.85318,0.8457,0.05269,0.0565,137.19,439,490,1046,1225,1156,1666,1180,1434,1512,1461,2022,2020,2023,2020,2020,2019,2019,2142,2128,2134,2160,2986,2961,2980,3429,3417,3613,3743,3809,3738
1682,0.8532,0.84586,0.05269,0.05647,137.29,439,490,1047,1226,1157,1667,1180,1434,1512,1462,2022,2020,2022,2020,2020,2020,2019,2142,2128,2134,2159,2986,2961,2980,3429,3417,3613,3743,3809,3738
1683,0.85321,0.8457,0.05269,0.0565,137.37,439,490,1048,1226,1157,1667,1180,1434,1512,1462,2022,2020,2022,2020,2020,2020,2019,2142,2128,2134,2158,2986,2961,2980,3429,3417,3613,3743,3809,3738
1684,0.85322,0.84584,0.05268,0.05647,137.46,439,490,1049,1227,1158,1668,1180,1434,1512,1462,2022,2020,2022,2020,2020,2020,2019,2141,2128,2134,2158,2986,2961,2980,3429,3417,3613,3743,3809,3737
1685,0.85323,0.8457,0.05268,0.0565,137.55,439,490,1050,1228,1159,1668,1180,1434,1513,1463,2022,2020,2022,2020,2020,2020,2019,2141,2128,2134,2157,2986,2961,2980,3429,3417,3613,3743,3809,3737
1686,0.85324,0.84587,0.05268,0.05647,137.62,439,490,1051,1229,1159,1669,1180,1434,1513,1463,2022,2020,2022,2020,2020,2020,2019,2141,2128,2134,2156,2986,2961,2980,3429,3417,3613,3743,3809,3737
1687,0.85325,0.84572,0.05268,0.0565,137.7,439,490,1052,1229,1160,1669,1180,1434,1513,1464,2022,2020,2022,2020,2020,2020,2019,2140,2128,2134,2155,2986,2961,2980,3429,3417,3613,3743,3809,3737
1688,0.85325,0.84592,0.05268,0.05646,137.79,439,490,1053,1230,1161,1670,1180,1434,1513,1464,2022,2020,2022,2020,2020,2020,2019,2140,2128,2134,2154,2986,2961,2980,3429,3417,3613,3743,3809,3737
1689,0.85325,0.84569,0.05268,0.0565,137.87,439,490,1054,1231,1162,1671,1180,1434,1513,1465,2022,2020,2021,2020,2020,2020,2019,2140,2128,2134,2153,2986,2961,2980,3429,3417,3613,3743,3809,3737
1690,0.85325,0.846,0.05268,0.05644,137.95,439,491,1055,1232,1162,1671,1180,1434,1513,1465,2022,2020,2021,2020,2020,2020,2019,2140,2128,2134,2153,2986,2961,2980,3429,3417,3613,3743,3809,3737
1691,0.85323,0.84566,0.05268,0.05651,138.04,439,491,1056,1232,1163,1672,1180,1434,1514,1466,2022,2020,2021,2020,2020,2020,2019,2140,2128,2134,2152,2986,2961,2980,3429,3417,3613,3743,3809,3737
1692,0.85322,0.84603,0.05268,0.05644,138.12,439,491,1057,1233,1164,1672,1180,1434,1514,1466,2022,2020,2021,2020,2020,2020,2019,2140,2128,2134,2151,2986,2961,2980,3429,3417,3613,3743,3809,3737
1693,0.8532,0.84554,0.05269,0.05653,138.21,439,491,1058,1234,1164,1673,1180,1434,1514,1466,2022,2020,2021,2020,2020,2020,2019,2140,2128,2134,2150,2986,2961,2980,3429,3417,3613,3743,3809,3737
1694,0.85317,0.84603,0.05269,0.05644,138.29,440,491,1059,1235,1165,1673,1180,1433,1514,1467,2022,2020,2021,2020,2020,2020,2019,2140,2128,2134,2150,2986,2961,2980,3429,3417,3613,3743,3809,3737
1695,0.85313,0.84544,0.0527,0.05655,138.38,440,491,1060,1235,1166,1674,1180,1434,1514,1467,2022,2020,2021,2020,2020,2020,2019,2141,2128,2134,2149,2986,2961,2980,3429,3417,3613,3743,3809,3737
1696,0.85309,0.84605,0.05271,0.05643,138.46,440,491,1061,1236,1166,1674,1179,1433,1515,1468,2022,2020,2021,2020,2020,2020,2019,2141,2128,2134,2148,2986,2961,2980,3429,3417,3613,3743,3809,3737
1697,0.85306,0.84535,0.05271,0.05656,138.54,440,491,1062,1237,1167,1675,1180,1434,1515,1468,2022,2020,2021,2020,2020,2020,2019,2141,2128,2134,2147,2986,2961,2980,3429,3417,3613,3743,3809,3737
1698,0.85303,0.84606,0.05272,0.05643,138.62,440,491,1063,1238,1168,1676,1179,1433,1515,1469,2022,2020,2021,2020,2020,2020,2019,2141,2128,2134,2147,2986,2961,2980,3429,3417,3613,3743,3809,3737
1699,0.85303,0.84531,0.05272,0.05657,138.7,440,492,1064,1238,1168,1676,1180,1434,1515,1469,2022,2020,2021,2020,2020,2019,2019,2141,2128,2134,2146,2986,2961,2980,3428,3417,3613,3743,3809,3737
1700,0.85306,0.84608,0.05271,0.05643,138.79,440,492,1065,1239,1169,1677,1180,1434,1515,1470,2022,2020,2021,2020,2020,2020,2019,2141,2128,2134,2145,2986,2961,2980,3429,3417,3613,3743,3809,3737
1701,0.85313,0.84546,0.0527,0.05654,138.88,440,492,1066,1240,1170,1677,1180,1434,1516,1470,2022,2020,2021,2020,2020,2019,2019,2141,2128,2134,2145,2986,2961,2980,3428,3417,3613,3743,3809,3737
1702,0.85323,0.84615,0.05268,0.05642,138.98,440,492,1067,1241,1171,1678,1180,1434,1516,1471,2022,2020,2022,2020,2020,2019,2019,2141,2128,2134,2144,2986,2961,2980,3429,3417,3613,3743,3809,3737
1703,0.85333,0.84576,0.05266,0.05649,139.06,440,492,1068,1241,1171,1678,1180,1434,1516,1471,2022,2020,2022,2020,2020,2019,2019,2141,2128,2134,2144,2986,2961,2980,3429,3417,3613,3742,3809,3737
1704,0.85342,0.84613,0.05265,0.05642,139.14,440,492,1069,1242,1172,1679,1180,1434,1516,1472,2022,2020,2022,2020,2020,2019,2019,2141,2128,2134,2143,2986,2961,2980,3429,3417,3613,3742,3809,3737
1705,0.85346,0.84598,0.05264,0.05645,139.22,440,492,1070,1243,1173,1679,1180,1434,1516,1472,2022,2020,2022,2020,2020,2019,2019,2141,2128,2134,2143,2986,2961,2980,3429,3417,3613,3742,3809,3737
1706,0.85347,0.84599,0.05264,0.05645,139.31,440,492,1071,1243,1173,1680,1180,1434,1517,1473,2022,2020,2022,2020,2020,2019,2019,2141,2128,2134,2142,2986,2961,2980,3429,3417,3613,3742,3809,3737
1707,0.85345,0.84617,0.05264,0.05641,139.4,440,493,1072,1244,1174,1681,1180,1434,1517,1473,2022,2020,2022,2020,2020,2019,2019,2141,2128,2134,2142,2986,2961,2980,3429,3417,3613,3742,3809,3737
1708,0.85341,0.84586,0.05265,0.05647,139.47,440,493,1073,1245,1175,1681,1180,1434,1517,1473,2022,2020,2022,2020,2020,2019,2019,2141,2128,2134,2141,2986,2961,2980,3429,3417,3613,3742,3809,3737
1709,0.85339,0.8462,0.05265,0.05641,139.56,440,493,1073,1246,1175,1682,1180,1434,1517,1474,2022,2020,2022,2020,2020,2019,2019,2141,2128,2134,2141,2986,2961,2980,3429,3417,3613,3742,3809,3737
1710,0.85336,0.84569,0.05266,0.0565,139.66,440,493,1074,1246,1176,1682,1180,1434,1517,1474,2022,2020,2022,2020,2020,2019,2019,2141,2128,2134,2141,2986,2961,2980,3429,3417,3613,3742,3809,3737
1711,0.85335,0.84622,0.05266,0.0564,139.74,440,493,1075,1247,1177,1683,1180,1434,1518,1475,2022,2020,2022,2020,2020,2019,2019,2141,2128,2134,2140,2986,2961,2980,3429,3417,3613,3742,3809,3737
1712,0.85335,0.84571,0.05266,0.0565,139.83,440,493,1076,1248,1177,1683,1180,1434,1518,1475,2022,2020,2022,2020,2020,2019,2019,2141,2128,2134,2140,2986,2961,2980,3429,3417,3613,3742,3809,3737
1713,0.85337,0.84627,0.05266,0.0564,139.91,440,493,1077,1249,1178,1684,1179,1434,1518,1476,2022,2020,2022,2020,2020,2019,2019,2141,2128,2134,2140,2986,2961,2980,3429,3417,3613,3742,3809,3737
1714,0.8534,0.84577,0.05265,0.05649,139.98,440,493,1078,1249,1179,1684,1180,1434,1518,1476,2022,2020,2022,2020,2020,2019,2019,2141,2128,2134,2139,2986,2961,2980,3429,3417,3613,3742,3809,3737
1715,0.85345,0.84623,0.05264,0.0564,140.07,440,494,1079,1250,1180,1685,1180,1434,1518,1477,2022,2020,2022,2020,2020,2019,2019,2141,2128,2134,2139,2986,2961,2980,3429,3417,3613,3742,3809,3737
1716,0.8535,0.84591,0.05263,0.05646,140.16,440,494,1080,1251,1180,1686,1180,1434,1519,1477,2022,2020,2022,2020,2020,2019,2019,2141,2128,2134,2139,2986,2961,2980,3429,3417,3613,3742,3809,3737
1717,0.85355,0.84628,0.05262,0.05639,140.24,440,494,1081,1252,1181,1686,1180,1434,1519,1478,2022,2020,2022,2020,2020,2019,2019,2141,2128,2134,2139,2986,2961,2980,3429,3417,3613,3742,3809,3737
1718,0.85358,0.84613,0.05262,0.05642,140.33,440,494,1082,1252,1182,1687,1180,1434,1519,1478,2022,2020,2022,2020,2020,2019,2019,2141,2128,2134,2138,2986,2961,2980,3429,3417,3613,3741,3809,3737
1719,0.8536,0.84622,0.05262,0.0564,140.41,440,494,1083,1253,1182,1687,1180,1434,1519,1479,2022,2020,2022,2020,2020,2019,2019,2141,2128,2134,2138,2986,2961,2980,3429,3417,3613,3741,3809,3737
1720,0.85361,0.84618,0.05261,0.05641,140.49,440,494,1084,1254,1183,1688,1180,1434,1519,1480,2022,2020,2022,2020,2020,2019,2019,2141,2128,2134,2138,2986,2961,2980,3429,3417,3613,3741,3809,3737
1721,0.85362,0.84616,0.05261,0.05641,140.58,440,494,1085,1254,1184,1688,1180,1434,1519,1480,2022,2020,2022,2020,2020,2019,2019,2141,2128,2134,2138,2986,2961,2980,3429,3417,3613,3741,3809,3737
1722,0.85363,0.84629,0.05261,0.05639,140.66,441,494,1086,1255,1184,1689,1180,1434,1520,1481,2022,2020,2022,2020,2020,2019,2019,2141,2128,2134,2138,2986,2961,2980,3429,3417,3613,3741,3809,3737
1723,0.85362,0.84613,0.05261,0.05642,140.74,441,495,1087,1256,1185,1689,1180,1434,1520,1481,2022,2020,2022,2020,2020,2019,2019,2141,2128,2134,2138,2986,2961,2980,3429,3417,3613,3741,3809,3737
1724,0.85363,0.8463,0.05261,0.05639,140.84,441,495,1088,1257,1186,1690,1180,1434,1520,1482,2022,2020,2022,2020,2020,2019,2019,2141,2128,2134,2137,2986,2961,2980,3429,3417,3613,3741,3809,3737
1725,0.85362,0.84606,0.05261,0.05643,140.92,441,495,1089,1257,1186,1691,1180,1434,1520,1482,2022,2020,2022,2020,2020,2019,2019,2141,2128,2134,2137,2986,2961,2980,3429,3417,3613,3741,3809,3737
1726,0.85362,0.84635,0.05261,0.05638,141.01,441,495,1090,1258,1187,1691,1180,1434,1520,1483,2022,2020,2022,2020,2020,2019,2019,2141,2128,2134,2137,2986,2961,2980,3429,3417,3613,3741,3809,3737
1727,0.85362,0.84608,0.05261,0.05643,141.12,441,495,1091,1259,1188,1692,1180,1434,1521,1483,2022,2020,2022,2020,2020,2019,2018,2141,2128,2134,2137,2986,2961,2980,3429,3417,3613,3741,3809,3737
1728,0.85362,0.8464,0.05261,0.05637,141.19,441,495,1092,1260,1188,1692,1180,1434,1521,1483,2022,2020,2022,2020,2020,2019,2019,2141,2128,2134,2137,2986,2961,2980,3429,3417,3613,3741,3809,3737
1729,0.85363,0.84604,0.05261,0.05644,141.28,441,495,1093,1260,1189,1693,1180,1434,1521,1484,2022,2020,2022,2020,2020,2019,2018,2141,2128,2134,2137,2986,2961,2980,3429,3417,3613,3741,3809,3737
1730,0.85364,0.8464,0.05261,0.05637,141.37,441,495,1094,1261,1190,1693,1180,1434,1521,1484,2022,2020,2022,2020,2020,2019,2019,2141,2128,2134,2136,2986,2961,2980,3429,3417,3613,3741,3809,3737
1731,0.85365,0.8461,0.05261,0.05642,141.47,441,496,1095,1262,1190,1694,1180,1434,1521,1485,2022,2020,2022,2020,2020,2019,2019,2141,2128,2134,2136,2986,2961,2980,3429,3417,3613,3741,3809,3737
1732,0.85366,0.84647,0.0526,0.05636,141.55,441,496,1096,1262,1191,1694,1180,1434,1522,1485,2022,2020,2022,2020,2020,2019,2019,2141,2128,2134,2136,2986,2961,2980,3429,3417,3613,3741,3809,3737
1733,0.85368,0.84614,0.0526,0.05642,141.63,441,496,1096,1263,1192,1695,1180,1434,1522,1486,2022,2020,2022,2020,2020,2019,2019,2141,2128,2134,2136,2986,2961,2980,3429,3417,3613,3741,3809,3737
1734,0.85369,0.84645,0.0526,0.05636,141.71,441,496,1097,1264,1192,1695,1180,1434,1522,1486,2022,2020,2022,2020,2020,2019,2019,2141,2128,2134,2137,2986,2961,2980,3429,3417,3613,3741,3809,3737
1735,0.85371,0.84613,0.0526,0.05642,141.8,441,496,1098,1265,1193,1696,1180,1434,1522,1487,2022,2020,2022,2020,2020,2019,2019,2141,2128,2134,2137,2986,2961,2980,3429,3417,3613,3741,3809,3737
1736,0.85372,0.84649,0.05259,0.05635,141.89,441,496,1099,1265,1194,1697,1180,1434,1522,1487,2022,2020,2022,2020,2020,2019,2019,2141,2128,2134,2137,2986,2961,2980,3429,3417,3613,3741,3809,3737
1737,0.85373,0.84619,0.05259,0.05641,141.97,441,496,1100,1266,1195,1697,1180,1434,1523,1488,2022,2020,2022,2020,2020,2019,2019,2141,2128,2134,2137,2986,2961,2980,3429,3417,3613,3741,3809,3737
1738,0.85373,0.84652,0.05259,0.05635,142.07,441,496,1101,1267,1195,1698,1180,1434,1523,1488,2022,2020,2022,2020,2020,2019,2019,2141,2128,2134,2137,2986,2961,2980,3429,3417,3613,3741,3809,3737
1739,0.85373,0.84615,0.05259,0.05642,142.15,441,496,1102,1267,1196,1698,1180,1434,1523,1489,2022,2020,2022,2020,2020,2019,2019,2141,2128,2134,2137,2986,2961,2980,3429,3417,3613,3741,3809,3737
1740,0.85373,0.84654,0.05259,0.05634,142.23,442,497,1103,1268,1197,1699,1180,1434,1523,1489,2022,2020,2022,2020,2020,2019,2019,2141,2128,2134,2137,2986,2961,2980,3429,3417,3613,3741,3809,3737
1741,0.85372,0.84613,0.05259,0.05642,142.31,442,497,1104,1269,1197,1699,1180,1434,1523,1490,2022,2020,2022,2020,2020,2019,2019,2141,2128,2134,2137,2986,2961,2980,3429,3417,3613,3741,3809,3737
1742,0.8537,0.8466,0.0526,0.05633,142.4,442,497,1105,1270,1198,1700,1180,1434,1524,1490,2022,2020,2022,2020,2020,2019,2019,2141,2128,2134,2137,2986,2961,2980,3429,3417,3613,3741,3809,3737
1743,0.85368,0.84607,0.0526,0.05643,142.47,442,497,1106,1270,1199,1700,1180,1434,1524,1491,2022,2020,2022,2020,2020,2019,2019,2141,2128,2134,2137,2986,2961,2980,3429,3417,3613,3741,3809,3737
1744,0.85366,0.84659,0.05261,0.05634,142.56,442,497,1107,1271,1199,1701,1180,1434,1524,1491,2022,2020,2022,2020,2020,2019,2019,2141,2128,2134,2137,2986,2961,2980,3429,3417,3613,3741,3809,3737
1745,0.85364,0.84598,0.05261,0.05645,142.65,442,497,1108,1272,1200,1701,1180,1434,1524,1492,2022,2020,2022,2020,2020,2019,2019,2141,2128,2134,2137,2986,2961,2980,3429,3417,3613,3741,3809,3737
1746,0.85364,0.84658,0.05261,0.05634,142.74,442,497,1109,1272,1201,1702,1180,1434,1524,1493,2022,2020,2022,2020,2020,2019,2019,2141,2128,2134,2137,2986,2961,2980,3429,3417,3613,3741,3809,3737
1747,0.85364,0.84598,0.05261,0.05645,142.83,442,498,1110,1273,1201,1702,1180,1434,1525,1493,2022,2020,2022,2020,2020,2019,2019,2141,2128,2134,2137,2986,2961,2980,3429,3417,3613,3741,3809,3737
1748,0.85367,0.84662,0.0526,0.05633,142.92,442,498,1111,1274,1202,1703,1180,1434,1525,1494,2022,2020,2022,2020,2020,2019,2019,2141,2128,2134,2137,2986,2961,2980,3429,3417,3613,3741,3809,3737
1749,0.85371,0.84609,0.0526,0.05643,142.99,442,498,1112,1275,1203,1704,1180,1434,1525,1494,2022,2020,2022,2020,2020,2019,2019,2141,2128,2134,2137,2986,2961,2980,3429,3417,3613,3741,3809,3737
1750,0.85378,0.84666,0.05258,0.05632,143.07,442,498,1113,1275,1203,1704,1180,1434,1525,1495,2022,2020,2022,2020,2020,2019,2019,2141,2128,2134,2137,2986,2961,2980,3429,3417,3613,3741,3809,3737
1751,0.85383,0.84628,0.05257,0.05639,143.16,442,498,1114,1276,1204,1705,1180,1434,1525,1495,2022,2020,2022,2020,2020,2019,2019,2141,2128,2134,2137,2986,2961,2980,3429,3417,3613,3741,3809,3737
1752,0.85389,0.84671,0.05256,0.05631,143.25,442,498,1115,1277,1205,1705,1180,1434,1525,1496,2022,2020,2022,2020,2020,2019,2019,2141,2128,2134,2137,2986,2961,2980,3429,3417,3613,3741,3809,3737
1753,0.85394,0.84649,0.05256,0.05635,143.33,442,498,1116,1278,1205,1706,1180,1434,1526,1496,2022,2020,2022,2020,2020,2019,2019,2141,2128,2134,2137,2986,2961,2979,3429,3417,3613,3741,3809,3737
1754,0.85397,0.84668,0.05255,0.05632,143.42,442,498,1117,1278,1206,1706,1180,1434,1526,1497,2022,2020,2022,2020,2020,2019,2019,2141,2128,2134,2137,2986,2961,2979,3429,3417,3613,3741,3809,3737
1755,0.85399,0.8466,0.05255,0.05633,143.51,442,499,1118,1279,1207,1707,1180,1434,1526,1497,2022,2020,2022,2020,2020,2019,2019,2141,2128,2134,2137,2986,2961,2979,3429,3417,3613,3741,3809,3737
1756,0.854,0.84662,0.05254,0.05633,143.6,442,499,1119,1280,1207,1707,1180,1434,1526,1498,2022,2020,2022,2020,2020,2019,2019,2141,2128,2134,2137,2986,2961,2979,3429,3417,3613,3741,3809,3737
1757,0.85401,0.84669,0.05254,0.05632,143.68,442,499,1120,1280,1208,1708,1180,1434,1527,1498,2022,2020,2022,2020,2020,2019,2019,2141,2128,2134,2137,2986,2961,2979,3429,3417,3613,3741,3809,3737
1758,0.85401,0.84655,0.05254,0.05634,143.76,442,499,1121,1281,1209,1708,1180,1434,1527,1499,2022,2020,2022,2020,2020,2019,2019,2141,2128,2134,2137,2986,2961,2979,3429,3417,3613,3741,3809,3737
1759,0.854,0.84674,0.05254,0.05631,143.85,442,499,1122,1282,1209,1709,1180,1434,1527,1499,2022,2020,2022,2020,2020,2019,2019,2141,2128,2134,2137,2986,2961,2979,3429,3417,3613,3741,3809,3737
1760,0.85399,0.84648,0.05255,0.05636,143.94,442,499,1123,1283,1210,1709,1180,1434,1527,1500,2022,2020,2022,2020,2020,2019,2019,2141,2128,2134,2137,2986,2961,2979,3429,3417,3613,3741,3809,3737
1761,0.85398,0.8468,0.05255,0.0563,144.02,442,499,1124,1283,1211,1710,1180,1434,1527,1500,2022,2020,2022,2020,2020,2019,2019,2141,2128,2134,2137,2986,2961,2979,3429,3417,3613,3741,3809,3737
1762,0.85396,0.84643,0.05255,0.05637,144.11,442,500,1125,1284,1211,1710,1180,1434,1527,1501,2022,2020,2022,2020,2020,2019,2019,2141,2128,2134,2137,2986,2961,2979,3429,3417,3613,3741,3809,3737
1763,0.85395,0.84682,0.05255,0.05629,144.19,442,500,1126,1285,1212,1711,1180,1434,1528,1501,2022,2020,2022,2020,2020,2019,2019,2141,2128,2134,2137,2986,2961,2979,3429,3417,3613,3741,3809,3737
1764,0.85393,0.84633,0.05256,0.05638,144.28,442,500,1127,1285,1213,1711,1180,1434,1528,1502,2022,2020,2022,2020,2020,2019,2019,2141,2128,2134,2137,2986,2961,2979,3429,3417,3613,3741,3809,3737
1765,0.85393,0.84681,0.05256,0.05629,144.36,442,500,1128,1286,1213,1712,1180,1434,1528,1502,2022,2020,2022,2020,2020,2019,2019,2141,2128,2134,2137,2986,2961,2979,3429,3417,3613,3741,3809,3737
1766,0.85393,0.84632,0.05256,0.05639,144.45,442,500,1129,1287,1214,1713,1180,1434,1528,1503,2022,2020,2022,2020,2020,2019,2019,2141,2128,2134,2137,2986,2961,2979,3429,3417,3613,3741,3809,3737
1767,0.85395,0.84685,0.05255,0.05629,144.53,442,500,1130,1288,1215,1713,1180,1434,1528,1503,2022,2020,2022,2020,2020,2019,2019,2141,2128,2134,2137,2986,2961,2979,3429,3417,3613,3741,3809,3737
1768,0.85397,0.84639,0.05255,0.05637,144.63,442,500,1131,1288,1215,1714,1180,1434,1529,1504,2022,2020,2022,2020,2020,2019,2019,2141,2128,2134,2137,2986,2961,2979,3429,3417,3613,3741,3809,3737
1769,0.85402,0.84686,0.05254,0.05629,144.71,442,500,1132,1289,1216,1714,1180,1434,1529,1504,2022,2020,2022,2020,2020,2019,2019,2141,2128,2134,2137,2986,2961,2979,3429,3417,3613,3741,3809,3737
1770,0.85405,0.8465,0.05253,0.05635,144.8,442,501,1132,1290,1217,1715,1180,1434,1529,1504,2022,2020,2022,2020,2020,2019,2019,2141,2128,2134,2137,2986,2961,2979,3429,3417,3613,3741,3809,3737
1771,0.85409,0.84691,0.05253,0.05628,144.88,442,501,1133,1290,1217,1715,1180,1434,1529,1505,2022,2020,2022,2020,2020,2019,2019,2141,2128,2134,2137,2986,2961,2979,3429,3417,3613,3741,3809,3737
1772,0.85413,0.84668,0.05252,0.05632,144.97,442,501,1134,1291,1218,1716,1180,1434,1529,1505,2022,2020,2022,2020,2020,2019,2019,2141,2128,2134,2137,2986,2961,2979,3429,3417,3613,3741,3809,3737
1773,0.85416,0.84693,0.05252,0.05627,145.05,442,501,1135,1292,1219,1716,1180,1434,1530,1506,2022,2020,2022,2020,2020,2019,2019,2141,2128,2134,2137,2986,2961,2979,3429,3417,3613,3741,3809,3737
1774,0.85418,0.84677,0.05251,0.0563,145.14,442,501,1136,1293,1219,1717,1180,1434,1530,1506,2022,2020,2022,2020,2020,2019,2019,2141,2128,2134,2137,2986,2961,2979,3429,3417,3613,3741,3809,3737
1775,0.8542,0.84688,0.05251,0.05628,145.23,442,501,1137,1293,1220,1717,1180,1434,1530,1507,2022,2020,2022,2020,2020,2019,2019,2141,2128,2134,2137,2986,2961,2979,3429,3417,3613,3741,3809,3737
1776,0.85421,0.84686,0.0525,0.05629,145.32,442,501,1138,1294,1221,1718,1180,1434,1530,1507,2022,2020,2022,2020,2020,2019,2019,2141,2128,2134,2137,2986,2961,2979,3429,3417,3613,3741,3809,3737
1777,0.85423,0.84688,0.0525,0.05628,145.41,442,501,1139,1295,1221,1718,1180,1434,1530,1508,2022,2020,2022,2020,2020,2019,2019,2141,2128,2134,2137,2986,2961,2979,3429,3417,3613,3741,3809,3737
1778,0.85423,0.84692,0.0525,0.05627,145.49,442,502,1140,1295,1222,1719,1180,1434,1531,1508,2022,2020,2022,2020,2020,2019,2019,2141,2128,2134,2137,2986,2961,2979,3429,3417,3613,3741,3809,3737
1779,0.85424,0.84682,0.0525,0.05629,145.58,443,502,1141,1296,1223,1719,1180,1434,1531,1509,2022,2020,2022,2020,2020,2019,2019,2141,2128,2134,2137,2986,2961,2979,3429,3417,3613,3741,3809,3737
1780,0.85425,0.84695,0.0525,0.05627,145.66,443,502,1142,1297,1223,1720,1180,1434,1531,1509,2022,2020,2022,2020,2020,2019,2019,2141,2128,2134,2137,2986,2961,2979,3429,3417,3613,3741,3809,3737
1781,0.85425,0.84683,0.0525,0.05629,145.74,443,502,1143,1297,1224,1720,1180,1434,1531,1510,2022,2020,2022,2020,2020,2019,2018,2141,2128,2134,2137,2986,2961,2979,3429,3417,3613,3741,3809,3737
1782,0.85425,0.84702,0.0525,0.05626,145.82,443,502,1144,1298,1225,1721,1180,1434,1531,1510,2022,2020,2022,2020,2020,2019,2018,2141,2128,2134,2137,2986,2961,2979,3429,3417,3613,3741,3809,3737
1783,0.85425,0.84681,0.0525,0.0563,145.91,443,502,1145,1299,1225,1721,1180,1434,1532,1511,2022,2020,2022,2020,2020,2019,2018,2141,2128,2134,2137,2985,2961,2979,3429,3417,3613,3741,3809,3737
1784,0.85425,0.84704,0.0525,0.05625,145.99,443,503,1146,1300,1226,1722,1180,1434,1532,1511,2022,2020,2022,2020,2020,2019,2018,2141,2128,2134,2137,2986,2961,2979,3429,3417,3613,3741,3809,3737
1785,0.85424,0.84673,0.0525,0.05631,146.07,443,503,1147,1300,1227,1722,1180,1434,1532,1511,2022,2020,2022,2020,2020,2018,2018,2141,2128,2134,2137,2985,2961,2979,3429,3417,3613,3741,3809,3737
1786,0.85422,0.84707,0.0525,0.05625,146.16,443,503,1148,1301,1227,1723,1180,1434,1532,1512,2022,2020,2022,2020,2020,2019,2018,2141,2128,2134,2137,2986,2961,2979,3429,3417,3613,3741,3809,3737
1787,0.8542,0.84665,0.05251,0.05632,146.26,443,503,1149,1302,1228,1723,1180,1434,1533,1512,2022,2020,2022,2020,2020,2018,2018,2141,2128,2134,2137,2985,2961,2979,3429,3417,3613,3741,3809,3737
1788,0.85417,0.8471,0.05251,0.05624,146.36,443,503,1150,1302,1229,1724,1180,1434,1533,1513,2022,2020,2022,2020,2020,2019,2018,2141,2128,2134,2137,2986,2961,2979,3429,3417,3613,3741,3809,3737
1789,0.85411,0.84652,0.05252,0.05635,146.44,443,503,1151,1303,1229,1724,1180,1434,1533,1513,2022,2020,2022,2020,2020,2018,2018,2141,2128,2134,2137,2985,2961,2979,3429,3417,3613,3741,3809,3737
1790,0.85405,0.84707,0.05253,0.05625,146.52,443,503,1152,1304,1230,1725,1180,1434,1533,1514,2022,2020,2022,2020,2020,2019,2018,2141,2128,2134,2137,2986,2961,2979,3429,3417,3613,3741,3809,3737
1791,0.85398,0.84632,0.05255,0.05639,146.62,443,503,1153,1305,1231,1725,1180,1434,1533,1514,2022,2020,2022,2020,2020,2019,2018,2141,2127,2134,2137,2985,2961,2979,3429,3417,3613,3741,3809,3737
1792,0.85395,0.84701,0.05255,0.05626,146.72,443,504,1154,1305,1231,1726,1180,1434,1533,1515,2022,2020,2022,2020,2020,2019,2019,2141,2128,2134,2137,2986,2961,2979,3429,3417,3613,3741,3809,3737
1793,0.85394,0.84626,0.05256,0.0564,146.8,443,504,1155,1306,1232,1727,1180,1434,1534,1515,2022,2020,2022,2020,2020,2019,2019,2141,2127,2134,2137,2985,2961,2979,3429,3417,3613,3741,3809,3737
1794,0.85401,0.84708,0.05254,0.05625,146.89,443,504,1156,1307,1233,1727,1180,1434,1534,1515,2022,2020,2022,2020,2020,2019,2019,2141,2128,2134,2137,2986,2961,2979,3429,3417,3613,3741,3809,3737
1795,0.8541,0.84652,0.05253,0.05635,146.97,443,504,1157,1307,1233,1728,1180,1434,1534,1516,2022,2020,2022,2020,2020,2019,2019,2141,2128,2134,2137,2985,2961,2979,3429,3417,3613,3741,3809,3737
1796,0.85424,0.84719,0.0525,0.05622,147.05,443,504,1158,1308,1234,1728,1180,1434,1534,1516,2022,2020,2022,2020,2020,2019,2019,2141,2128,2134,2137,2986,2961,2979,3429,3417,3613,3741,3809,3737
1797,0.85435,0.84692,0.05248,0.05628,147.13,443,504,1159,1309,1235,1729,1180,1434,1534,1517,2022,2020,2022,2020,2020,2019,2019,2141,2128,2134,2137,2985,2961,2979,3429,3417,3613,3741,3809,3737
1798,0.85442,0.84721,0.05247,0.05622,147.2,443,505,1160,1309,1235,1729,1180,1434,1534,1517,2022,2020,2022,2020,2020,2019,2019,2141,2128,2134,2137,2986,2961,2979,3429,3417,3613,3741,3809,3737
1799,0.85444,0.84719,0.05247,0.05622,147.28,443,505,1161,1310,1236,1730,1180,1434,1535,1518,2022,2020,2022,2020,2020,2019,2019,2141,2128,2134,2137,2986,2961,2979,3429,3417,3613,3741,3809,3737
1800,0.85441,0.84702,0.05247,0.05626,147.38,443,505,1162,1311,1236,1730,1180,1434,1535,1518,2022,2020,2022,2020,2020,2019,2019,2141,2128,2134,2137,2985,2961,2979,3429,3417,3613,3741,3809,3737
1801,0.85436,0.84726,0.05248,0.05621,147.46,443,505,1163,1312,1237,1731,1180,1434,1535,1519,2022,2020,2022,2020,2020,2019,2019,2141,2128,2134,2137,2986,2961,2979,3429,3417,3613,3741,3809,3737
1802,0.8543,0.84678,0.05249,0.0563,147.54,443,505,1164,1312,1238,1731,1180,1434,1535,1519,2022,2020,2022,2020,2020,2019,2019,2141,2128,2133,2137,2985,2961,2979,3429,3417,3613,3741,3809,3737
1803,0.85427,0.84721,0.0525,0.05622,147.62,443,505,1165,1313,1238,1732,1180,1434,1535,1519,2022,2020,2022,2020,2020,2019,2019,2141,2128,2134,2137,2986,2961,2979,3429,3417,3613,3741,3809,3737
1804,0.85424,0.84666,0.0525,0.05632,147.71,443,505,1165,1314,1239,1732,1180,1434,1536,1520,2022,2020,2022,2020,2020,2019,2019,2141,2127,2133,2137,2985,2961,2979,3429,3417,3613,3741,3809,3737
1805,0.85426,0.84722,0.0525,0.05622,147.8,443,506,1166,1314,1240,1733,1180,1434,1536,1520,2022,2020,2022,2020,2020,2019,2019,2141,2128,2134,2137,2985,2961,2979,3429,3417,3613,3741,3809,3737
1806,0.85429,0.8467,0.05249,0.05632,147.88,443,506,1167,1315,1240,1733,1180,1434,1536,1521,2022,2020,2022,2020,2020,2019,2019,2141,2127,2134,2137,2985,2961,2979,3429,3417,3613,3741,3809,3737
1807,0.85436,0.84721,0.05248,0.05622,147.96,443,506,1168,1316,1241,1734,1180,1434,1536,1521,2022,2020,2022,2020,2020,2019,2019,2141,2128,2134,2137,2985,2961,2979,3429,3417,3613,3741,3809,3737
1808,0.85442,0.84688,0.05247,0.05628,148.06,444,506,1169,1316,1242,1734,1180,1434,1537,1521,2022,2020,2022,2020,2020,2019,2019,2141,2128,2134,2137,2985,2961,2979,3429,3417,3613,3741,3809,3737
1809,0.85449,0.84724,0.05246,0.05622,148.15,444,506,1170,1317,1242,1735,1180,1434,1537,1522,2022,2020,2022,2020,2020,2019,2019,2141,2128,2134,2137,2985,2961,2979,3429,3417,3613,3741,3809,3737
1810,0.85453,0.84715,0.05245,0.05623,148.24,444,506,1171,1318,1243,1735,1180,1434,1537,1522,2022,2020,2022,2020,2020,2019,2019,2141,2128,2134,2137,2985,2961,2979,3429,3417,3613,3741,3809,3737
1811,0.85454,0.84719,0.05245,0.05622,148.32,444,507,1172,1318,1244,1736,1180,1434,1537,1523,2022,2020,2022,2020,2020,2019,2019,2141,2128,2134,2137,2985,2961,2979,3429,3417,3613,3741,3809,3737
1812,0.85453,0.84727,0.05245,0.05621,148.41,444,507,1173,1319,1244,1736,1180,1434,1537,1523,2022,2020,2022,2020,2020,2019,2019,2141,2128,2134,2137,2985,2961,2979,3429,3417,3613,3741,3809,3737
1813,0.85451,0.84704,0.05245,0.05625,148.5,444,507,1174,1320,1245,1737,1180,1434,1538,1524,2022,2020,2022,2020,2020,2018,2018,2141,2128,2134,2137,2985,2961,2979,3429,3417,3613,3741,3809,3737
1814,0.8545,0.8473,0.05245,0.05621,148.59,444,507,1175,1321,1246,1737,1180,1434,1538,1524,2022,2020,2022,2020,2020,2019,2018,2141,2128,2134,2137,2985,2961,2979,3429,3417,3613,3741,3809,3737
1815,0.85448,0.84696,0.05246,0.05627,148.67,444,507,1176,1321,1246,1738,1180,1434,1538,1524,2022,2020,2022,2020,2020,2018,2018,2141,2128,2133,2137,2985,2961,2979,3429,3417,3613,3741,3809,3737
1816,0.85448,0.84732,0.05246,0.0562,148.75,444,507,1177,1322,1247,1738,1180,1434,1538,1525,2022,2020,2022,2020,2020,2018,2018,2141,2128,2134,2137,2985,2961,2979,3429,3417,3613,3741,3809,3737
1817,0.85449,0.84695,0.05245,0.05627,148.82,444,507,1178,1323,1248,1739,1180,1434,1539,1525,2022,2020,2022,2020,2020,2018,2018,2141,2128,2133,2137,2985,2961,2979,3429,3417,3613,3741,3809,3737
1818,0.85451,0.8473,0.05245,0.0562,148.91,444,508,1179,1323,1248,1739,1180,1434,1539,1526,2022,2020,2022,2020,2020,2018,2018,2141,2128,2134,2137,2985,2961,2979,3429,3417,3613,3741,3809,3737
1819,0.85453,0.847,0.05245,0.05626,149.0,444,508,1180,1324,1249,1740,1180,1434,1539,1526,2022,2020,2022,2020,2020,2018,2018,2141,2128,2134,2137,2985,2961,2979,3429,3417,3613,3741,3809,3737
1820,0.85456,0.84733,0.05244,0.0562,149.08,444,508,1181,1325,1250,1740,1180,1434,1539,1526,2022,2020,2022,2020,2020,2018,2018,2141,2128,2134,2137,2985,2961,2979,3429,3417,3613,3741,3809,3737
1821,0.85458,0.84709,0.05244,0.05624,149.16,444,508,1182,1325,1250,1741,1180,1434,1539,1527,2022,2020,2022,2020,2020,2018,2018,2141,2128,2134,2137,2985,2961,2979,3429,3417,3613,3741,3809,3737
1822,0.8546,0.84734,0.05244,0.0562,149.25,444,508,1183,1326,1251,1741,1180,1434,1540,1527,2022,2020,2022,2020,2020,2018,2018,2141,2128,2134,2137,2985,2961,2979,3429,3417,3613,3741,3809,3737
1823,0.85461,0.84716,0.05243,0.05623,149.34,444,508,1183,1327,1251,1742,1180,1434,1540,1528,2022,2020,2022,2020,2020,2018,2018,2141,2128,2134,2137,2985,2961,2979,3429,3417,3613,3741,3809,3737
1824,0.85463,0.84733,0.05243,0.0562,149.43,444,509,1184,1328,1252,1742,1180,1434,1540,1528,2022,2020,2022,2020,2020,2018,2018,2141,2128,2134,2137,2985,2961,2979,3429,3417,3613,3741,3809,3737
1825,0.85465,0.84722,0.05243,0.05622,149.51,444,509,1185,1328,1253,1743,1180,1434,1540,1528,2022,2020,2022,2020,2020,2018,2018,2141,2128,2134,2137,2985,2961,2979,3429,3417,3613,3741,3809,3737
1826,0.85466,0.84732,0.05242,0.0562,149.6,444,509,1186,1329,1253,1743,1180,1434,1540,1529,2022,2020,2022,2020,2020,2018,2018,2141,2128,2134,2137,2985,2961,2979,3429,3417,3613,3741,3809,3737
1827,0.85467,0.84728,0.05242,0.05621,149.68,444,509,1187,1330,1254,1744,1180,1434,1541,1529,2022,2020,2022,2020,2020,2018,2018,2141,2128,2134,2137,2985,2961,2979,3429,3417,3613,3741,3809,3737
1828,0.85468,0.84729,0.05242,0.05621,149.77,444,509,1188,1330,1255,1744,1180,1434,1541,1530,2022,2020,2022,2020,2020,2018,2018,2141,2128,2134,2137,2985,2961,2979,3429,3417,3613,3741,3809,3737
1829,0.85469,0.8473,0.05242,0.0562,149.85,444,509,1189,1331,1255,1745,1180,1434,1541,1530,2022,2020,2022,2020,2020,2018,2018,2141,2128,2134,2137,2985,2961,2979,3429,3417,3613,3741,3809,3737
1830,0.8547,0.84728,0.05242,0.05621,149.94,444,509,1190,1332,1256,1745,1180,1434,1541,1530,2022,2020,2022,2020,2020,2018,2018,2141,2128,2134,2137,2985,2961,2979,3429,3417,3613,3741,3809,3737
1831,0.8547,0.84738,0.05242,0.05619,150.04,444,510,1191,1332,1257,1746,1180,1434,1541,1531,2022,2020,2022,2020,2020,2018,2018,2141,2128,2134,2137,2985,2961,2979,3429,3417,3613,3741,3809,3737
1832,0.8547,0.8473,0.05242,0.05621,150.12,444,510,1192,1333,1257,1746,1180,1434,1542,1531,2022,2020,2022,2020,2020,2018,2018,2141,2128,2134,2137,2985,2961,2979,3429,3417,3613,3741,3809,3737
1833,0.85471,0.84742,0.05242,0.05618,150.21,444,510,1193,1334,1258,1746,1180,1434,1542,1532,2022,2020,2022,2020,2020,2018,2018,2141,2128,2134,2137,2985,2961,2979,3429,3417,3613,3741,3809,3737
1834,0.8547,0.84724,0.05242,0.05622,150.3,444,510,1194,1334,1259,1747,1180,1435,1542,1532,2022,2020,2022,2020,2020,2018,2018,2141,2128,2134,2137,2985,2961,2979,3429,3417,3613,3741,3809,3737
1835,0.8547,0.84743,0.05242,0.05618,150.38,445,510,1195,1335,1259,1747,1180,1435,1542,1532,2022,2020,2022,2020,2020,2018,2018,2141,2128,2134,2137,2985,2961,2979,3429,3417,3613,3741,3809,3737
1836,0.85468,0.84718,0.05242,0.05623,150.47,445,510,1195,1336,1260,1748,1180,1435,1543,1533,2022,2020,2022,2020,2020,2018,2018,2141,2128,2134,2137,2985,2961,2979,3429,3417,3613,3741,3809,3737
1837,0.85467,0.84748,0.05242,0.05617,150.56,445,511,1196,1336,1261,1748,1180,1435,1543,1533,2022,2020,2022,2020,2020,2018,2018,2141,2128,2134,2137,2985,2961,2979,3429,3417,3613,3741,3809,3737
1838,0.85464,0.84708,0.05243,0.05624,150.66,445,511,1197,1337,1261,1749,1180,1436,1543,1534,2022,2020,2022,2020,2020,2018,2018,2141,2128,2134,2137,2985,2961,2979,3429,3417,3613,3741,3809,3737
1839,0.85462,0.84746,0.05243,0.05618,150.74,445,511,1198,1338,1262,1749,1180,1436,1543,1534,2022,2020,2022,2020,2020,2018,2018,2141,2128,2134,2137,2985,2961,2979,3429,3417,3613,3741,3809,3737
1840,0.85457,0.84694,0.05244,0.05627,150.82,445,511,1199,1338,1263,1750,1180,1436,1543,1534,2022,2020,2022,2020,2020,2018,2018,2141,2128,2134,2137,2985,2961,2979,3429,3417,3613,3741,3809,3737
1841,0.85452,0.84747,0.05245,0.05617,150.89,445,511,1200,1339,1263,1750,1180,1437,1544,1535,2022,2020,2022,2020,2020,2018,2018,2141,2128,2134,2137,2985,2961,2979,3429,3417,3613,3741,3809,3737
1842,0.85445,0.8468,0.05246,0.0563,150.98,445,511,1201,1340,1264,1751,1180,1437,1544,1535,2022,2020,2022,2020,2020,2018,2018,2141,2128,2134,2137,2985,2961,2979,3429,3417,3613,3741,3809,3737
1843,0.8544,0.84744,0.05247,0.05618,151.06,445,512,1202,1340,1264,1751,1179,1437,1544,1535,2022,2020,2022,2020,2020,2018,2018,2141,2128,2134,2137,2985,2961,2979,3429,3417,3613,3741,3809,3737
1844,0.85435,0.84665,0.05248,0.05633,151.15,445,512,1203,1341,1265,1752,1180,1438,1544,1536,2022,2020,2022,2020,2020,2018,2018,2141,2128,2134,2137,2985,2961,2979,3429,3417,3613,3741,3809,3737
1845,0.85435,0.84739,0.05248,0.05619,151.23,445,512,1204,1342,1266,1752,1179,1438,1544,1536,2022,2020,2022,2020,2020,2019,2019,2141,2128,2134,2137,2985,2961,2979,3429,3417,3613,3741,3809,3737
1846,0.85439,0.84674,0.05247,0.05631,151.31,445,512,1205,1343,1266,1753,1180,1438,1545,1537,2022,2020,2022,2020,2020,2019,2019,2141,2128,2134,2137,2985,2961,2979,3429,3417,3613,3741,3809,3737
1847,0.85449,0.84755,0.05246,0.05616,151.4,445,512,1206,1343,1267,1753,1179,1439,1545,1537,2022,2020,2022,2020,2020,2019,2019,2141,2128,2134,2137,2985,2961,2979,3429,3417,3613,3741,3809,3737
1848,0.85461,0.84708,0.05243,0.05625,151.47,445,512,1206,1344,1268,1754,1180,1439,1545,1537,2022,2020,2022,2020,2019,2019,2019,2141,2128,2134,2137,2985,2961,2979,3428,3417,3613,3741,3809,3737
1849,0.85474,0.84759,0.05241,0.05615,151.56,445,512,1207,1345,1268,1754,1180,1439,1545,1538,2022,2020,2022,2020,2019,2019,2019,2141,2128,2134,2137,2985,2961,2979,3429,3417,3613,3741,3809,3737
1850,0.85482,0.84738,0.0524,0.05619,151.64,445,513,1208,1345,1269,1755,1180,1440,1545,1538,2022,2020,2022,2020,2019,2019,2019,2141,2128,2134,2137,2985,2961,2979,3429,3417,3613,3741,3809,3737
1851,0.85486,0.8475,0.05239,0.05617,151.72,445,513,1209,1346,1270,1755,1180,1440,1546,1538,2022,2020,2022,2020,2019,2019,2019,2141,2128,2134,2137,2985,2961,2979,3429,3417,3613,3741,3809,3737
1852,0.85484,0.8476,0.05239,0.05615,151.81,445,513,1210,1347,1270,1756,1180,1440,1546,1539,2022,2020,2022,2020,2019,2019,2019,2141,2128,2134,2137,2985,2961,2979,3429,3417,3613,3741,3809,3737
1853,0.85478,0.84729,0.0524,0.05621,151.89,445,513,1211,1347,1271,1756,1180,1441,1546,1539,2022,2020,2022,2020,2019,2019,2019,2141,2128,2134,2137,2985,2961,2979,3429,3417,3613,3741,3809,3737
1854,0.85472,0.84759,0.05241,0.05615,151.98,445,513,1212,1348,1272,1757,1180,1441,1546,1540,2022,2020,2022,2020,2019,2019,2019,2141,2128,2134,2137,2985,2961,2979,3429,3417,3613,3741,3809,3737
1855,0.85467,0.84704,0.05242,0.05625,152.06,445,513,1213,1349,1272,1757,1180,1442,1546,1540,2022,2020,2022,2020,2019,2019,2019,2141,2127,2133,2137,2985,2961,2979,3429,3417,3613,3741,3809,3737
1856,0.85466,0.84756,0.05242,0.05616,152.15,445,514,1214,1349,1273,1758,1180,1442,1547,1540,2022,2020,2022,2020,2019,2019,2019,2141,2128,2134,2137,2985,2961,2979,3429,3417,3613,3741,3809,3737
1857,0.85468,0.84711,0.05242,0.05624,152.23,445,514,1215,1350,1273,1758,1180,1442,1547,1541,2022,2020,2022,2020,2019,2019,2019,2141,2128,2134,2137,2985,2961,2979,3429,3417,3613,3741,3809,3737
1858,0.85474,0.84767,0.05241,0.05614,152.33,445,514,1215,1351,1274,1759,1180,1443,1547,1541,2022,2020,2022,2020,2019,2019,2019,2141,2128,2134,2137,2985,2961,2979,3429,3417,3613,3741,3809,3737
1859,0.85482,0.84733,0.0524,0.0562,152.42,445,514,1216,1351,1275,1759,1180,1443,1547,1542,2022,2020,2022,2020,2019,2019,2019,2141,2128,2134,2137,2985,2961,2979,3429,3417,3613,3741,3809,3737
1860,0.85488,0.84765,0.05238,0.05614,152.52,445,514,1217,1352,1275,1760,1180,1443,1547,1542,2022,2020,2022,2020,2019,2019,2019,2141,2128,2134,2137,2985,2961,2979,3429,3417,3613,3741,3809,3737
1861,0.85492,0.8475,0.05238,0.05617,152.6,445,514,1218,1353,1276,1760,1180,1444,1548,1542,2022,2020,2022,2020,2019,2019,2019,2141,2128,2134,2137,2985,2961,2979,3429,3417,3613,3741,3809,3737
1862,0.85494,0.84757,0.05237,0.05616,152.68,445,515,1219,1353,1277,1761,1180,1444,1548,1543,2022,2020,2022,2020,2019,2019,2018,2141,2128,2134,2137,2985,2961,2979,3429,3417,3613,3741,3809,3737
1863,0.85494,0.84763,0.05237,0.05614,152.77,445,515,1220,1354,1277,1761,1180,1445,1548,1543,2022,2020,2022,2020,2019,2018,2018,2141,2128,2134,2137,2985,2961,2979,3429,3417,3613,3741,3809,3737
1864,0.85492,0.84744,0.05238,0.05618,152.84,445,515,1221,1355,1278,1762,1180,1445,1548,1544,2022,2020,2022,2020,2019,2018,2018,2141,2128,2134,2137,2985,2961,2979,3429,3417,3613,3741,3809,3736
1865,0.85491,0.84762,0.05238,0.05615,152.93,445,515,1222,1355,1279,1762,1180,1445,1549,1544,2022,2020,2022,2020,2019,2018,2018,2141,2128,2134,2137,2985,2961,2979,3429,3417,3613,3741,3809,3737
1866,0.8549,0.84732,0.05238,0.0562,153.01,445,515,1223,1356,1279,1763,1180,1446,1549,1544,2022,2020,2022,2020,2019,2018,2018,2141,2128,2134,2137,2985,2961,2979,3429,3417,3613,3741,3809,3736
1867,0.8549,0.84764,0.05238,0.05614,153.08,445,515,1223,1357,1280,1763,1180,1446,1549,1545,2022,2020,2022,2020,2019,2018,2018,2141,2128,2134,2137,2985,2961,2979,3429,3417,3613,3741,3809,3736
1868,0.85491,0.84738,0.05238,0.05619,153.16,445,516,1224,1357,1281,1764,1180,1447,1549,1545,2022,2020,2022,2020,2019,2018,2018,2141,2128,2134,2137,2985,2961,2979,3429,3417,3613,3741,3809,3736
1869,0.85493,0.84772,0.05238,0.05613,153.25,445,516,1225,1358,1281,1764,1179,1447,1549,1545,2022,2020,2022,2020,2019,2018,2018,2141,2128,2134,2137,2985,2961,2979,3429,3417,3613,3741,3809,3736
1870,0.85495,0.84747,0.05237,0.05617,153.33,445,516,1226,1359,1282,1765,1180,1447,1550,1546,2022,2020,2022,2020,2019,2018,2018,2141,2128,2134,2137,2985,2961,2979,3429,3417,3613,3741,3809,3736
1871,0.85497,0.84769,0.05237,0.05613,153.4,445,516,1227,1359,1282,1765,1180,1448,1550,1546,2022,2020,2022,2020,2019,2018,2018,2141,2128,2134,2137,2985,2961,2979,3429,3417,3613,3741,3809,3736
1872,0.855,0.84754,0.05236,0.05616,153.48,445,516,1228,1360,1283,1766,1180,1448,1550,1547,2022,2020,2022,2020,2019,2018,2018,2141,2128,2134,2137,2985,2961,2979,3429,3417,3613,3741,3809,3736
1873,0.85502,0.8477,0.05236,0.05613,153.55,445,516,1229,1361,1284,1766,1180,1448,1550,1547,2022,2020,2022,2020,2019,2018,2018,2141,2128,2134,2137,2985,2961,2979,3429,3417,3613,3741,3809,3736
1874,0.85503,0.84766,0.05236,0.05614,153.63,445,517,1230,1361,1284,1767,1180,1449,1550,1547,2022,2020,2022,2020,2019,2018,2018,2141,2128,2134,2137,2984,2961,2979,3429,3417,3613,3741,3809,3736
1875,0.85503,0.84765,0.05236,0.05614,153.71,445,517,1231,1362,1285,1767,1180,1449,1551,1548,2022,2020,2022,2020,2019,2018,2018,2141,2128,2134,2137,2984,2961,2979,3429,3417,3613,3741,3809,3736
1876,0.85504,0.84768,0.05236,0.05614,153.78,445,517,1231,1363,1286,1767,1180,1449,1551,1548,2022,2020,2022,2020,2019,2018,2018,2141,2128,2134,2137,2984,2961,2979,3429,3417,3613,3741,3809,3736
1877,0.85504,0.8476,0.05236,0.05615,153.87,445,517,1232,1363,1286,1768,1180,1450,1551,1548,2022,2020,2022,2020,2019,2018,2018,2141,2128,2134,2137,2984,2961,2979,3429,3417,3613,3741,3809,3736
1878,0.85505,0.84774,0.05236,0.05612,153.94,445,517,1233,1364,1287,1768,1180,1450,1551,1549,2022,2020,2022,2020,2019,2018,2018,2141,2128,2134,2137,2984,2961,2979,3429,3417,3613,3741,3809,3736
1879,0.85505,0.84762,0.05235,0.05615,154.03,445,517,1234,1365,1288,1769,1180,1450,1551,1549,2022,2020,2022,2020,2019,2018,2018,2141,2128,2134,2137,2984,2961,2979,3429,3417,3613,3741,3809,3736
1880,0.85505,0.84779,0.05235,0.05611,154.1,445,518,1235,1365,1288,1769,1180,1451,1552,1550,2022,2020,2022,2020,2019,2018,2018,2141,2128,2134,2137,2984,2961,2979,3429,3417,3613,3741,3809,3736
1881,0.85505,0.84762,0.05235,0.05615,154.19,445,518,1236,1366,1289,1770,1180,1451,1552,1550,2022,2020,2022,2020,2019,2018,2018,2141,2128,2134,2137,2984,2961,2979,3429,3417,3613,3741,3809,3736
1882,0.85506,0.84779,0.05235,0.05611,154.28,445,518,1237,1367,1289,1770,1180,1451,1552,1550,2022,2020,2022,2020,2019,2018,2018,2141,2128,2134,2137,2984,2961,2980,3429,3417,3613,3741,3809,3736
1883,0.85507,0.84761,0.05235,0.05615,154.36,445,518,1238,1367,1290,1771,1180,1452,1552,1551,2022,2020,2022,2020,2019,2018,2018,2141,2128,2134,2137,2984,2961,2980,3429,3417,3613,3741,3809,3736
1884,0.85508,0.8478,0.05235,0.05611,154.44,445,518,1239,1368,1291,1771,1180,1452,1553,1551,2022,2020,2022,2020,2019,2018,2018,2141,2128,2134,2137,2984,2961,2980,3429,3417,3613,3741,3809,3736
1885,0.85508,0.84763,0.05235,0.05614,154.52,445,518,1239,1369,1291,1772,1180,1452,1553,1551,2022,2020,2022,2020,2019,2018,2018,2141,2128,2134,2137,2984,2961,2980,3429,3417,3613,3741,3809,3736
1886,0.8551,0.84781,0.05235,0.05611,154.61,445,519,1240,1369,1292,1772,1180,1453,1553,1552,2022,2020,2022,2020,2019,2018,2018,2141,2128,2134,2137,2984,2961,2980,3429,3417,3613,3741,3809,3736
1887,0.8551,0.84765,0.05234,0.05614,154.68,445,519,1241,1370,1293,1773,1180,1453,1553,1552,2022,2020,2022,2020,2019,2018,2018,2141,2128,2134,2137,2984,2961,2980,3429,3417,3613,3741,3809,3736
1888,0.85511,0.84782,0.05234,0.05611,154.76,445,519,1242,1371,1293,1773,1180,1454,1553,1553,2022,2020,2022,2020,2019,2018,2018,2141,2128,2134,2137,2984,2961,2980,3429,3417,3613,3741,3809,3736
1889,0.85512,0.84768,0.05234,0.05614,154.83,445,519,1243,1371,1294,1774,1180,1454,1554,1553,2022,2020,2022,2020,2019,2018,2018,2141,2128,2134,2137,2984,2961,2980,3429,3417,3613,3741,3809,3736
1890,0.85513,0.84785,0.05234,0.0561,154.9,445,519,1244,1372,1295,1774,1180,1454,1554,1553,2022,2020,2022,2020,2019,2018,2018,2141,2128,2134,2137,2984,2962,2980,3429,3417,3613,3741,3809,3736
1891,0.85514,0.84771,0.05234,0.05613,154.97,445,520,1245,1373,1295,1775,1180,1455,1554,1554,2022,2020,2022,2020,2019,2018,2018,2141,2128,2134,2137,2984,2961,2980,3429,3417,3613,3740,3809,3736
1892,0.85515,0.84787,0.05234,0.0561,155.05,445,520,1246,1373,1296,1775,1180,1455,1554,1554,2022,2020,2022,2020,2019,2018,2018,2141,2128,2134,2137,2984,2962,2980,3429,3417,3613,3740,3809,3736
1893,0.85515,0.84773,0.05234,0.05613,155.12,445,520,1246,1374,1296,1776,1180,1455,1554,1555,2022,2020,2022,2020,2019,2018,2018,2141,2128,2134,2137,2984,2962,2980,3429,3417,3613,3740,3809,3736
1894,0.85516,0.84787,0.05233,0.0561,155.21,445,520,1247,1375,1297,1776,1180,1456,1555,1555,2022,2020,2022,2020,2019,2018,2018,2141,2128,2134,2137,2984,2962,2980,3429,3417,3613,3740,3809,3736
1895,0.85517,0.84775,0.05233,0.05612,155.29,445,520,1248,1375,1298,1777,1180,1456,1555,1555,2022,2020,2022,2020,2019,2018,2018,2141,2128,2134,2137,2984,2962,2980,3429,3417,3613,3740,3809,3736
1896,0.85518,0.84789,0.05233,0.0561,155.35,445,520,1249,1376,1298,1777,1180,1456,1555,1556,2022,2020,2022,2020,2019,2018,2018,2141,2128,2134,2137,2984,2962,2980,3429,3417,3613,3740,3809,3736
1897,0.85519,0.8478,0.05233,0.05611,155.42,445,521,1250,1377,1299,1778,1180,1457,1555,1556,2022,2020,2022,2020,2019,2018,2018,2141,2128,2134,2137,2984,2962,2980,3429,3417,3613,3740,3809,3736
1898,0.8552,0.84791,0.05233,0.05609,155.49,445,521,1251,1377,1300,1778,1180,1457,1556,1557,2022,2020,2022,2020,2019,2018,2018,2141,2128,2134,2137,2984,2962,2980,3429,3417,3613,3740,3809,3736
1899,0.85521,0.8478,0.05233,0.05611,155.57,445,521,1252,1378,1300,1779,1180,1457,1556,1557,2022,2020,2022,2020,2019,2018,2018,2141,2128,2134,2137,2984,2962,2980,3429,3417,3613,3740,3809,3736
1900,0.85521,0.84792,0.05232,0.05609,155.65,445,521,1253,1379,1301,1779,1180,1458,1556,1557,2022,2020,2022,2020,2020,2018,2018,2141,2128,2134,2137,2984,2962,2980,3429,3417,3613,3740,3809,3736
1901,0.85521,0.84781,0.05232,0.05611,155.73,445,521,1253,1379,1302,1780,1180,1458,1556,1558,2022,2020,2022,2020,2020,2018,2018,2141,2128,2134,2137,2984,2962,2980,3429,3417,3613,3740,3809,3736
1902,0.85522,0.84796,0.05232,0.05608,155.8,445,521,1254,1380,1302,1780,1179,1458,1556,1558,2022,2020,2022,2020,2020,2018,2018,2141,2128,2134,2137,2984,2962,2980,3429,3417,3613,3740,3809,3736
1903,0.85521,0.84776,0.05233,0.05612,155.88,445,522,1255,1381,1303,1780,1180,1459,1557,1558,2022,2020,2022,2020,2020,2018,2018,2141,2128,2134,2137,2984,2962,2980,3429,3417,3613,3740,3809,3736
1904,0.8552,0.84794,0.05233,0.05609,155.95,445,522,1256,1381,1303,1781,1179,1459,1557,1559,2022,2020,2022,2020,2020,2018,2018,2141,2128,2134,2137,2984,2962,2980,3429,3417,3613,3740,3809,3736
1905,0.85519,0.84768,0.05233,0.05614,156.02,445,522,1257,1382,1304,1781,1180,1459,1557,1559,2022,2020,2022,2020,2020,2018,2018,2141,2128,2134,2137,2984,2961,2980,3429,3417,3613,3740,3809,3736
1906,0.85517,0.84799,0.05233,0.05608,156.09,445,522,1258,1383,1305,1782,1179,1460,1557,1560,2022,2020,2022,2020,2020,2018,2018,2141,2128,2134,2137,2984,2962,2980,3429,3417,3613,3740,3809,3736
1907,0.85513,0.84759,0.05234,0.05615,156.18,445,522,1259,1383,1305,1782,1180,1460,1558,1560,2022,2020,2022,2020,2020,2018,2018,2141,2128,2134,2137,2984,2961,2980,3429,3417,3613,3740,3809,3736
1908,0.85509,0.84797,0.05235,0.05608,156.26,445,522,1260,1384,1306,1783,1179,1461,1558,1560,2022,2020,2022,2020,2020,2018,2018,2141,2128,2134,2137,2984,2961,2980,3429,3417,3613,3740,3809,3736
1909,0.85502,0.84739,0.05236,0.05619,156.33,445,522,1260,1385,1307,1783,1180,1461,1558,1561,2022,2020,2022,2020,2020,2018,2018,2141,2128,2134,2137,2984,2961,2980,3429,3417,3613,3740,3809,3736
1910,0.85495,0.84793,0.05237,0.05609,156.41,445,523,1261,1385,1307,1784,1179,1461,1558,1561,2022,2020,2022,2020,2020,2018,2018,2141,2128,2134,2137,2984,2961,2980,3429,3417,3613,3740,3809,3736
1911,0.85484,0.84717,0.05239,0.05623,156.49,445,523,1262,1386,1308,1784,1180,1462,1558,1562,2022,2020,2022,2020,2020,2018,2018,2141,2128,2134,2137,2984,2961,2980,3429,3417,3613,3740,3809,3736
1912,0.85474,0.84784,0.05241,0.05611,156.56,445,523,1263,1387,1309,1785,1179,1462,1559,1562,2022,2020,2022,2020,2020,2018,2018,2141,2128,2134,2137,2984,2961,2980,3429,3417,3613,3740,3809,3736
1913,0.85464,0.84691,0.05243,0.05628,156.63,445,523,1264,1387,1309,1785,1180,1463,1559,1562,2022,2020,2022,2020,2020,2018,2018,2141,2128,2134,2137,2984,2961,2980,3428,3417,3613,3740,3809,3736
1914,0.85461,0.84774,0.05243,0.05612,156.7,445,523,1265,1388,1310,1786,1179,1463,1559,1563,2022,2020,2022,2020,2020,2018,2018,2141,2128,2134,2137,2984,2961,2980,3429,3417,3613,3740,3809,3736
1915,0.85466,0.84691,0.05242,0.05628,156.79,445,524,1266,1389,1310,1786,1180,1464,1559,1563,2022,2020,2022,2020,2020,2018,2018,2141,2128,2134,2137,2984,2961,2980,3428,3417,3613,3740,3809,3736
1916,0.85483,0.84787,0.05239,0.0561,156.87,445,524,1267,1389,1311,1787,1179,1464,1559,1563,2022,2020,2022,2020,2020,2019,2019,2141,2128,2134,2137,2984,2961,2980,3429,3417,3613,3740,3809,3736
1917,0.85506,0.84747,0.05235,0.05617,156.96,445,524,1267,1390,1312,1787,1180,1465,1560,1564,2022,2020,2022,2020,2020,2019,2019,2141,2128,2134,2137,2984,2961,2980,3428,3417,3613,3740,3809,3736
1918,0.85526,0.84808,0.05232,0.05606,157.04,445,524,1268,1391,1312,1788,1180,1465,1560,1564,2022,2020,2022,2020,2020,2019,2019,2141,2128,2134,2137,2984,2961,2980,3429,3417,3613,3740,3809,3736
1919,0.85535,0.84798,0.0523,0.05608,157.12,445,524,1269,1391,1313,1788,1180,1465,1560,1565,2022,2020,2022,2020,2020,2019,2019,2141,2128,2134,2137,2984,2961,2980,3429,3417,3613,3740,3809,3736
1920,0.85533,0.84788,0.0523,0.0561,157.19,445,524,1270,1392,1314,1789,1180,1466,1560,1565,2022,2020,2022,2020,2020,2019,2019,2141,2128,2134,2137,2984,2961,2980,3429,3417,3613,3740,3809,3736
1921,0.85524,0.84807,0.05232,0.05606,157.26,445,525,1271,1393,1314,1789,1180,1466,1561,1565,2022,2020,2022,2020,2020,2019,2019,2141,2128,2134,2137,2984,2961,2980,3429,3417,3613,3740,3809,3736
1922,0.85514,0.84755,0.05234,0.05616,157.34,445,525,1272,1393,1315,1789,1180,1467,1561,1566,2022,2020,2022,2020,2020,2019,2019,2141,2128,2134,2137,2984,2961,2980,3429,3417,3613,3740,3809,3736
1923,0.85508,0.84802,0.05235,0.05607,157.42,445,525,1273,1394,1315,1790,1179,1467,1561,1566,2022,2020,2022,2020,2020,2019,2019,2141,2128,2134,2137,2984,2961,2980,3429,3417,3613,3740,3809,3736
1924,0.85506,0.84742,0.05235,0.05618,157.5,445,525,1274,1395,1316,1790,1180,1468,1561,1567,2022,2020,2022,2020,2019,2019,2019,2141,2127,2133,2137,2984,2961,2980,3429,3417,3613,3740,3809,3736
1925,0.85513,0.848,0.05234,0.05608,157.58,445,525,1274,1395,1317,1791,1179,1468,1561,1567,2022,2020,2022,2020,2020,2019,2019,2141,2128,2134,2137,2984,2961,2980,3429,3417,3613,3740,3809,3736
1926,0.85521,0.84758,0.05232,0.05615,157.67,445,525,1275,1396,1317,1791,1180,1469,1562,1567,2022,2020,2022,2020,2019,2019,2019,2141,2128,2134,2137,2984,2961,2980,3429,3417,3613,3739,3809,3736
1927,0.85532,0.84806,0.05231,0.05607,157.74,445,526,1276,1397,1318,1792,1179,1469,1562,1568,2022,2020,2022,2020,2019,2019,2019,2141,2128,2134,2137,2984,2961,2980,3429,3417,3613,3739,3809,3736
1928,0.85539,0.84795,0.05229,0.05608,157.81,445,526,1277,1397,1319,1792,1179,1469,1562,1568,2022,2020,2022,2020,2019,2019,2019,2141,2128,2134,2137,2984,2961,2980,3429,3417,3613,3739,3809,3736
1929,0.85541,0.84803,0.05229,0.05607,157.89,445,526,1278,1398,1319,1793,1179,1470,1562,1569,2022,2020,2022,2020,2019,2019,2019,2141,2128,2134,2137,2984,2961,2980,3429,3417,3613,3739,3809,3736
1930,0.85539,0.8481,0.05229,0.05606,157.96,445,526,1279,1398,1320,1793,1179,1470,1563,1569,2022,2020,2022,2020,2019,2019,2019,2141,2128,2134,2137,2984,2961,2980,3429,3417,3613,3739,3809,3736
1931,0.85536,0.84786,0.0523,0.0561,158.04,445,526,1280,1399,1321,1794,1179,1471,1563,1569,2022,2020,2022,2020,2019,2019,2019,2141,2128,2134,2137,2984,2961,2980,3429,3417,3613,3739,3809,3736
1932,0.85528,0.84809,0.05231,0.05606,158.11,445,526,1280,1400,1321,1794,1179,1471,1563,1570,2022,2020,2022,2020,2019,2019,2019,2141,2128,2134,2137,2984,2961,2980,3429,3417,3613,3739,3809,3736
1933,0.85517,0.84757,0.05233,0.05616,158.18,445,527,1281,1400,1322,1795,1180,1472,1563,1570,2022,2020,2022,2020,2019,2019,2019,2141,2128,2134,2137,2984,2961,2980,3429,3417,3613,3739,3809,3736
1934,0.85512,0.84807,0.05234,0.05606,158.27,445,527,1282,1401,1322,1795,1179,1472,1563,1570,2022,2020,2022,2020,2019,2019,2019,2141,2128,2134,2137,2984,2961,2980,3429,3417,3613,3739,3809,3736
1935,0.85513,0.84754,0.05234,0.05616,158.35,445,527,1283,1402,1323,1796,1180,1473,1564,1571,2022,2020,2022,2020,2019,2019,2019,2141,2128,2134,2137,2984,2961,2980,3429,3417,3613,3739,3809,3736
1936,0.85522,0.84814,0.05232,0.05605,158.43,445,527,1284,1403,1324,1796,1179,1473,1564,1571,2022,2020,2022,2020,2019,2019,2019,2141,2128,2134,2137,2984,2961,2980,3429,3417,3613,3739,3809,3736
1937,0.85533,0.84782,0.0523,0.05611,158.49,445,527,1285,1404,1324,1796,1180,1474,1564,1572,2022,2020,2022,2020,2019,2019,2019,2141,2128,2134,2137,2984,2961,2980,3429,3417,3613,3739,3809,3736
1938,0.85543,0.84816,0.05229,0.05605,158.59,445,527,1286,1404,1325,1797,1180,1474,1564,1572,2022,2020,2022,2020,2019,2019,2019,2141,2128,2134,2137,2984,2961,2980,3429,3417,3613,3739,3809,3736
1939,0.85547,0.84807,0.05228,0.05606,158.68,445,528,1286,1405,1326,1797,1180,1475,1565,1572,2022,2020,2022,2020,2019,2018,2018,2141,2128,2134,2137,2984,2961,2980,3429,3417,3613,3739,3809,3736
1940,0.85546,0.84799,0.05228,0.05608,158.75,445,528,1287,1406,1326,1798,1180,1475,1565,1573,2022,2020,2022,2020,2019,2018,2018,2141,2128,2134,2137,2984,2961,2980,3429,3417,3613,3739,3809,3736
1941,0.85542,0.84816,0.05229,0.05605,158.82,445,528,1288,1407,1327,1798,1180,1476,1565,1573,2022,2020,2022,2020,2019,2018,2018,2141,2128,2134,2137,2984,2961,2980,3429,3417,3613,3739,3809,3736
1942,0.85537,0.8478,0.0523,0.05611,158.9,445,528,1289,1407,1327,1799,1180,1476,1565,1574,2022,2020,2022,2020,2019,2018,2018,2141,2128,2134,2137,2984,2961,2980,3429,3417,3613,3739,3809,3736
1943,0.85535,0.84814,0.0523,0.05605,158.97,445,528,1290,1408,1328,1799,1179,1477,1565,1574,2022,2020,2022,2020,2020,2018,2018,2141,2128,2134,2137,2984,2961,2980,3429,3417,3613,3739,3809,3736
1944,0.85536,0.84777,0.0523,0.05612,159.05,445,529,1291,1409,1329,1800,1180,1477,1566,1574,2022,2020,2022,2020,2020,2018,2018,2141,2128,2134,2137,2984,2961,2980,3429,3417,3613,3739,3809,3736
1945,0.85541,0.84816,0.05229,0.05605,159.14,445,529,1291,1410,1329,1800,1179,1478,1566,1575,2022,2020,2022,2020,2020,2018,2018,2141,2128,2134,2137,2984,2961,2980,3429,3417,3613,3739,3809,3736
1946,0.85546,0.84794,0.05228,0.05609,159.21,445,529,1292,1410,1330,1800,1180,1478,1566,1575,2022,2020,2022,2020,2020,2018,2018,2141,2128,2134,2137,2984,2961,2980,3429,3417,3613,3739,3809,3736
1947,0.85551,0.84818,0.05227,0.05604,159.29,445,529,1293,1411,1331,1801,1179,1479,1566,1576,2022,2020,2022,2020,2020,2018,2018,2141,2128,2134,2137,2984,2961,2980,3429,3417,3613,3739,3809,3736
1948,0.85553,0.84812,0.05227,0.05605,159.38,445,529,1294,1412,1331,1801,1179,1479,1566,1576,2022,2020,2022,2020,2020,2018,2018,2141,2128,2134,2137,2984,2961,2980,3429,3417,3613,3739,3809,3736
1949,0.85554,0.84811,0.05227,0.05606,159.46,445,529,1295,1412,1332,1802,1179,1480,1567,1576,2022,2020,2022,2020,2020,2018,2018,2141,2128,2134,2137,2984,2961,2980,3429,3417,3613,3739,3809,3736
1950,0.85553,0.84821,0.05227,0.05604,159.54,445,530,1295,1413,1332,1802,1179,1480,1567,1577,2022,2020,2022,2020,2020,2018,2018,2141,2128,2134,2137,2984,2961,2980,3429,3417,3613,3739,3809,3736
1951,0.85551,0.84802,0.05227,0.05607,159.61,445,530,1296,1413,1333,1803,1179,1481,1567,1577,2022,2020,2022,2020,2020,2018,2018,2141,2128,2134,2137,2984,2961,2980,3429,3417,3613,3739,3809,3736
1952,0.8555,0.84826,0.05227,0.05603,159.7,445,530,1297,1414,1334,1803,1179,1481,1567,1578,2022,2020,2022,2020,2020,2018,2018,2141,2128,2134,2137,2984,2961,2980,3429,3417,3613,3739,3809,3736
1953,0.85548,0.848,0.05228,0.05608,159.78,445,530,1298,1415,1334,1804,1179,1482,1568,1578,2022,2020,2022,2020,2020,2018,2018,2141,2128,2134,2137,2984,2961,2980,3429,3417,3613,3739,3809,3736
1954,0.85549,0.8483,0.05227,0.05602,159.85,445,530,1299,1415,1335,1804,1179,1482,1568,1578,2022,2020,2022,2020,2020,2018,2018,2141,2128,2134,2137,2984,2961,2980,3429,3417,3613,3739,3809,3736
1955,0.85551,0.84804,0.05227,0.05607,159.93,445,530,1300,1416,1335,1804,1180,1483,1568,1579,2022,2020,2022,2020,2020,2018,2018,2141,2128,2134,2137,2984,2961,2980,3429,3417,3613,3739,3809,3736
1956,0.85554,0.8483,0.05227,0.05602,160.01,445,531,1300,1416,1336,1805,1179,1483,1568,1579,2022,2020,2022,2020,2020,2018,2018,2141,2128,2134,2137,2984,2961,2980,3429,3417,3613,3739,3809,3736
1957,0.85557,0.8481,0.05226,0.05606,160.08,445,531,1301,1417,1337,1805,1180,1484,1568,1580,2022,2020,2022,2020,2020,2018,2018,2141,2128,2134,2137,2984,2961,2980,3429,3417,3613,3739,3809,3736
1958,0.8556,0.84824,0.05226,0.05603,160.16,445,531,1302,1418,1337,1806,1180,1484,1569,1580,2022,2020,2022,2020,2020,2018,2018,2141,2128,2134,2137,2984,2961,2980,3429,3417,3613,3739,3809,3736
1959,0.85561,0.84818,0.05225,0.05604,160.24,445,531,1303,1418,1338,1806,1180,1485,1569,1580,2022,2020,2022,2020,2020,2018,2018,2141,2128,2134,2137,2984,2961,2980,3429,3417,3613,3739,3809,3736
1960,0.85562,0.84818,0.05225,0.05604,160.33,445,531,1304,1419,1339,1807,1180,1485,1569,1581,2022,2020,2022,2020,2020,2018,2018,2141,2128,2134,2137,2984,2961,2980,3429,3417,3613,3739,3809,3736
1961,0.85563,0.84823,0.05225,0.05603,160.41,445,532,1305,1419,1339,1807,1180,1486,1569,1581,2022,2020,2022,2020,2020,2018,2018,2141,2128,2134,2137,2984,2961,2980,3429,3417,3613,3739,3809,3736
1962,0.85562,0.84813,0.05225,0.05605,160.5,445,532,1306,1420,1340,1808,1180,1486,1570,1582,2022,2020,2022,2020,2020,2018,2018,2141,2128,2134,2137,2984,2961,2980,3429,3417,3613,3739,3809,3736
1963,0.85562,0.84831,0.05225,0.05602,160.58,445,532,1306,1420,1340,1808,1179,1487,1570,1582,2022,2020,2022,2020,2020,2018,2018,2141,2128,2134,2137,2984,2961,2980,3429,3417,3613,3739,3809,3736
1964,0.85562,0.84816,0.05225,0.05605,160.67,445,532,1307,1421,1341,1808,1179,1487,1570,1583,2022,2020,2022,2020,2020,2018,2018,2141,2128,2134,2137,2984,2961,2980,3429,3417,3613,3739,3809,3736
1965,0.85562,0.84838,0.05225,0.05601,160.75,445,532,1308,1422,1342,1809,1179,1487,1570,1583,2022,2020,2022,2020,2020,2018,2018,2141,2128,2134,2137,2984,2961,2980,3429,3417,3613,3739,3809,3736
1966,0.85562,0.84818,0.05225,0.05604,160.84,445,532,1309,1422,1342,1809,1179,1488,1570,1583,2022,2020,2022,2020,2020,2018,2018,2141,2128,2134,2137,2984,2961,2980,3429,3417,3613,3739,3809,3736
1967,0.85563,0.84841,0.05225,0.056,160.91,445,533,1310,1423,1343,1810,1179,1489,1571,1584,2022,2020,2022,2020,2020,2018,2018,2141,2128,2134,2137,2984,2961,2980,3429,3417,3613,3739,3809,3736
1968,0.85564,0.84819,0.05225,0.05604,160.98,445,533,1311,1423,1343,1810,1179,1489,1571,1584,2022,2020,2022,2020,2020,2018,2018,2141,2128,2134,2137,2984,2961,2980,3429,3417,3613,3739,3809,3736
1969,0.85565,0.84841,0.05225,0.056,161.07,445,533,1311,1424,1344,1811,1179,1490,1571,1585,2022,2020,2022,2020,2020,2018,2018,2141,2128,2134,2137,2984,2961,2980,3429,3417,3613,3739,3809,3736
1970,0.85567,0.84822,0.05224,0.05604,161.14,445,533,1312,1424,1345,1811,1179,1490,1571,1585,2022,2020,2022,2020,2020,2018,2018,2141,2128,2134,2137,2984,2961,2980,3429,3417,3613,3739,3809,3736
1971,0.85568,0.84839,0.05224,0.056,161.21,445,533,1313,1425,1345,1811,1179,1490,1571,1585,2022,2020,2022,2020,2020,2018,2018,2141,2128,2134,2137,2984,2961,2980,3429,3417,3613,3739,3809,3736
1972,0.8557,0.84823,0.05224,0.05603,161.29,445,534,1314,1426,1346,1812,1179,1491,1572,1586,2022,2020,2022,2020,2020,2018,2018,2141,2128,2134,2137,2984,2961,2980,3429,3417,3613,3739,3809,3736
1973,0.85571,0.84839,0.05223,0.056,161.39,445,534,1315,1426,1346,1812,1179,1491,1572,1586,2022,2020,2022,2020,2020,2018,2018,2141,2128,2134,2137,2984,2961,2980,3429,3417,3613,3739,3809,3736
1974,0.85573,0.84831,0.05223,0.05602,161.47,445,534,1315,1427,1347,1813,1179,1492,1572,1586,2022,2020,2022,2020,2020,2018,2018,2141,2128,2134,2137,2984,2961,2980,3429,3417,3613,3739,3809,3736
1975,0.85574,0.8484,0.05223,0.056,161.55,445,534,1316,1427,1348,1813,1179,1492,1572,1587,2022,2020,2022,2020,2020,2018,2018,2141,2128,2134,2137,2984,2961,2980,3429,3417,3613,3739,3809,3736
1976,0.85575,0.84836,0.05223,0.05601,161.63,445,534,1317,1428,1348,1814,1179,1493,1573,1587,2022,2020,2022,2020,2020,2018,2018,2141,2128,2134,2137,2984,2961,2980,3429,3417,3613,3739,3809,3736
1977,0.85576,0.8484,0.05223,0.056,161.71,445,534,1318,1429,1349,1814,1179,1493,1573,1588,2022,2020,2022,2020,2020,2018,2018,2141,2128,2134,2137,2984,2961,2980,3429,3417,3613,3739,3809,3736
1978,0.85577,0.8484,0.05222,0.056,161.8,445,535,1319,1429,1350,1814,1179,1494,1573,1588,2022,2020,2022,2020,2020,2018,2018,2141,2128,2134,2137,2984,2961,2980,3429,3417,3613,3739,3809,3736
1979,0.85577,0.84841,0.05222,0.056,161.87,445,535,1320,1430,1350,1815,1179,1494,1573,1589,2022,2020,2022,2020,2020,2018,2018,2141,2128,2134,2137,2984,2961,2980,3429,3417,3613,3739,3809,3736
1980,0.85578,0.84845,0.05222,0.05599,161.95,445,535,1320,1430,1351,1815,1179,1495,1574,1589,2022,2020,2022,2020,2020,2018,2018,2141,2128,2134,2137,2984,2961,2980,3429,3417,3613,3739,3809,3736
1981,0.85579,0.84842,0.05222,0.056,162.03,445,535,1321,1431,1351,1816,1179,1495,1574,1589,2022,2020,2022,2020,2020,2018,2018,2141,2128,2134,2137,2984,2961,2980,3429,3417,3613,3739,3809,3736
1982,0.8558,0.84848,0.05222,0.05599,162.1,445,535,1322,1432,1352,1816,1179,1496,1574,1590,2022,2020,2022,2020,2020,2018,2018,2141,2128,2134,2137,2984,2961,2980,3429,3417,3613,3739,3809,3736
1983,0.8558,0.84842,0.05222,0.056,162.17,445,535,1323,1432,1353,1817,1179,1496,1574,1590,2022,2020,2022,2020,2020,2018,2018,2141,2128,2134,2137,2984,2961,2980,3429,3417,3613,3739,3809,3736
1984,0.85581,0.84849,0.05222,0.05599,162.25,445,536,1324,1433,1353,1817,1179,1497,1574,1591,2022,2020,2022,2020,2020,2018,2018,2141,2128,2134,2137,2984,2961,2980,3429,3417,3613,3739,3809,3736
1985,0.85581,0.84841,0.05222,0.056,162.33,445,536,1324,1433,1354,1817,1179,1497,1575,1591,2022,2020,2022,2020,2020,2018,2018,2141,2128,2134,2137,2984,2961,2980,3429,3417,3613,3739,3809,3736
1986,0.85582,0.84851,0.05222,0.05598,162.41,445,536,1325,1434,1354,1818,1179,1498,1575,1592,2022,2020,2022,2020,2020,2018,2018,2141,2128,2134,2137,2984,2961,2980,3429,3417,3613,3739,3809,3736
1987,0.85582,0.84842,0.05221,0.056,162.49,445,536,1326,1435,1355,1818,1179,1498,1575,1592,2022,2020,2022,2020,2020,2018,2018,2141,2128,2134,2137,2984,2961,2980,3429,3417,3613,3739,3809,3736
1988,0.85583,0.84855,0.05221,0.05597,162.56,445,536,1327,1435,1356,1819,1179,1498,1575,1592,2022,2020,2022,2020,2020,2018,2018,2141,2128,2134,2137,2984,2961,2980,3429,3417,3613,3739,3809,3736
1989,0.85583,0.84842,0.05221,0.056,162.64,445,537,1328,1436,1356,1819,1179,1499,1576,1593,2022,2020,2022,2020,2020,2018,2018,2141,2128,2134,2137,2984,2961,2980,3429,3417,3613,3739,3809,3736
1990,0.85583,0.84859,0.05221,0.05597,162.72,445,537,1328,1437,1357,1820,1179,1499,1576,1593,2022,2020,2022,2020,2020,2018,2018,2141,2128,2134,2137,2984,2961,2980,3429,3417,3613,3739,3809,3736
1991,0.85583,0.84843,0.05221,0.056,162.8,445,537,1329,1437,1357,1820,1179,1500,1576,1594,2022,2020,2022,2020,2020,2018,2018,2141,2128,2134,2137,2984,2961,2980,3429,3417,3613,3739,3809,3736
1992,0.85583,0.84862,0.05221,0.05596,162.87,445,537,1330,1438,1358,1820,1179,1500,1576,1594,2022,2020,2022,2020,2020,2018,2018,2141,2128,2134,2137,2984,2961,2980,3429,3417,3613,3739,3809,3736
1993,0.85583,0.84839,0.05221,0.056,162.96,445,537,1331,1438,1359,1821,1179,1501,1576,1594,2022,2020,2022,2020,2020,2018,2018,2141,2128,2134,2137,2984,2961,2980,3429,3417,3613,3739,3809,3736
1994,0.85582,0.84862,0.05222,0.05596,163.03,445,537,1332,1439,1359,1821,1179,1501,1577,1595,2022,2020,2022,2020,2020,2018,2018,2141,2128,2134,2137,2984,2961,2980,3429,3417,3613,3739,3809,3736
1995,0.8558,0.84834,0.05222,0.05601,163.12,445,538,1332,1440,1360,1822,1179,1502,1577,1595,2022,2020,2022,2020,2020,2018,2018,2141,2128,2134,2137,2984,2961,2980,3429,3417,3613,3739,3809,3736
1996,0.85577,0.84864,0.05222,0.05596,163.2,445,538,1333,1440,1360,1822,1179,1502,1577,1596,2022,2020,2022,2020,2020,2018,2018,2141,2128,2134,2137,2984,2961,2980,3429,3417,3613,3739,3809,3736
1997,0.85573,0.84824,0.05223,0.05603,163.28,445,538,1334,1441,1361,1823,1179,1503,1577,1596,2022,2020,2022,2020,2020,2018,2018,2141,2128,2134,2137,2984,2961,2980,3429,3417,3613,3739,3809,3736
1998,0.85567,0.84863,0.05224,0.05596,163.35,445,538,1335,1441,1362,1823,1179,1503,1578,1596,2022,2020,2022,2020,2020,2018,2018,2141,2128,2134,2137,2984,2961,2980,3429,3417,3613,3739,3809,3736
1999,0.8556,0.84805,0.05226,0.05607,163.43,445,538,1336,1442,1362,1823,1180,1504,1578,1597,2022,2020,2022,2020,2020,2018,2018,2141,2128,2134,2137,2984,2961,2980,3429,3417,3613,3739,3809,3736
2000,0.85552,0.84854,0.05227,0.05598,163.51,445,539,1336,1443,1363,1824,1179,1504,1578,1597,2022,2020,2022,2020,2020,2018,2018,2141,2128,2134,2137,2984,2961,2980,3429,3417,3613,3739,3809,3736
2001,0.85544,0.84784,0.05228,0.05611,163.59,445,539,1337,1443,1363,1824,1180,1504,1578,1598,2022,2020,2022,2020,2020,2018,2018,2141,2128,2134,2137,2984,2961,2980,3429,3417,3613,3739,3809,3736
2002,0.85539,0.84848,0.05229,0.05599,163.67,445,539,1338,1444,1364,1825,1179,1504,1578,1598,2022,2020,2022,2020,2020,2018,2018,2141,2128,2134,2137,2984,2961,2980,3429,3417,3613,3739,3809,3736
2003,0.85536,0.84779,0.0523,0.05612,163.75,445,539,1339,1444,1365,1825,1180,1505,1579,1599,2022,2020,2022,2020,2020,2018,2018,2141,2128,2134,2137,2984,2961,2980,3428,3417,3613,3739,3809,3736
2004,0.85542,0.84855,0.05229,0.05597,163.83,445,539,1340,1445,1365,1826,1179,1505,1579,1599,2022,2020,2022,2020,2020,2018,2018,2141,2128,2134,2137,2984,2961,2980,3429,3417,3613,3739,3809,3736
2005,0.85554,0.84802,0.05227,0.05607,163.91,445,539,1340,1446,1366,1826,1180,1506,1579,1599,2022,2020,2022,2020,2019,2018,2018,2141,2128,2134,2137,2984,2961,2980,3428,3417,3613,3739,3809,3736
2006,0.8557,0.84868,0.05224,0.05595,163.98,445,540,1341,1446,1366,1827,1179,1506,1579,1600,2022,2020,2022,2020,2019,2018,2018,2141,2128,2134,2137,2984,2961,2980,3429,3417,3613,3739,3809,3736
2007,0.85585,0.84842,0.05221,0.056,164.06,444,540,1342,1447,1367,1827,1180,1506,1580,1600,2022,2020,2022,2020,2019,2018,2018,2141,2128,2134,2137,2984,2961,2980,3429,3417,3613,3739,3809,3736
2008,0.85596,0.84876,0.05219,0.05594,164.13,444,540,1343,1447,1368,1827,1179,1507,1580,1601,2022,2020,2022,2020,2019,2019,2018,2141,2128,2134,2137,2984,2961,2980,3429,3417,3613,3739,3809,3736
2009,0.856,0.84872,0.05218,0.05594,164.21,444,540,1344,1448,1368,1828,1179,1507,1580,1601,2022,2020,2022,2020,2019,2019,2018,2141,2128,2134,2137,2984,2961,2980,3429,3417,3613,3739,3809,3735
2010,0.85598,0.84866,0.05219,0.05595,164.29,444,540,1344,1449,1369,1828,1179,1508,1580,1602,2022,2020,2022,2020,2019,2019,2018,2141,2128,2134,2137,2984,2961,2980,3429,3417,3613,3739,3809,3735
2011,0.85593,0.84883,0.0522,0.05592,164.36,444,541,1345,1449,1369,1829,1179,1508,1581,1602,2022,2020,2022,2020,2019,2019,2018,2141,2128,2134,2137,2984,2961,2980,3429,3417,3613,3739,3809,3735
2012,0.85586,0.84848,0.05221,0.05599,164.43,444,541,1346,1450,1370,1829,1179,1509,1581,1602,2022,2020,2022,2020,2019,2019,2018,2141,2128,2134,2137,2984,2961,2980,3429,3417,3613,3739,3809,3735
2013,0.85581,0.84881,0.05222,0.05593,164.51,444,541,1347,1451,1371,1829,1179,1509,1581,1603,2022,2020,2022,2020,2019,2019,2018,2141,2128,2134,2137,2984,2961,2980,3429,3417,3613,3739,3809,3735
2014,0.85579,0.84837,0.05222,0.05601,164.6,444,541,1347,1451,1371,1830,1179,1509,1581,1603,2022,2020,2022,2020,2019,2019,2018,2141,2128,2134,2137,2983,2961,2980,3429,3417,3613,3739,3809,3735
2015,0.85581,0.8488,0.05222,0.05593,164.68,444,541,1348,1452,1372,1830,1179,1510,1582,1604,2022,2020,2022,2020,2019,2019,2018,2141,2128,2134,2137,2984,2961,2980,3429,3417,3613,3739,3809,3735
2016,0.85586,0.84846,0.05221,0.05599,164.75,444,541,1349,1452,1372,1831,1179,1510,1582,1604,2022,2020,2022,2020,2019,2018,2018,2141,2128,2134,2137,2983,2961,2980,3429,3417,3613,3739,3809,3735
2017,0.85594,0.84886,0.05219,0.05592,164.84,444,542,1350,1453,1373,1831,1179,1510,1582,1605,2022,2020,2022,2020,2019,2018,2018,2141,2128,2134,2137,2984,2961,2980,3429,3417,3613,3739,3809,3735
2018,0.85601,0.84869,0.05218,0.05595,164.93,444,542,1350,1454,1374,1832,1179,1511,1582,1605,2022,2020,2022,2020,2019,2018,2018,2141,2128,2134,2137,2983,2961,2980,3429,3417,3613,3739,3809,3735
2019,0.85606,0.84886,0.05217,0.05592,165.02,444,542,1351,1454,1374,1832,1179,1511,1583,1605,2022,2020,2022,2020,2019,2018,2018,2141,2128,2134,2137,2984,2961,2980,3429,3417,3613,3739,3809,3735
2020,0.85608,0.84884,0.05217,0.05592,165.12,444,542,1352,1455,1375,1832,1179,1512,1583,1606,2022,2020,2022,2020,2019,2018,2018,2141,2128,2134,2137,2984,2961,2980,3429,3417,3613,3739,3809,3735
2021,0.85607,0.8488,0.05217,0.05593,165.2,444,542,1353,1455,1375,1833,1179,1512,1583,1606,2022,2020,2022,2020,2019,2018,2018,2141,2128,2134,2137,2984,2961,2980,3429,3417,3613,3739,3809,3735
2022,0.85605,0.84894,0.05217,0.0559,165.27,444,542,1354,1456,1376,1833,1179,1512,1583,1607,2022,2020,2022,2020,2019,2018,2018,2141,2128,2134,2137,2984,2961,2980,3429,3417,3613,3739,3809,3735
2023,0.85603,0.84872,0.05218,0.05594,165.36,444,543,1354,1457,1377,1834,1179,1513,1583,1607,2022,2020,2022,2020,2019,2018,2018,2141,2128,2134,2137,2984,2961,2980,3429,3417,3613,3739,3809,3735
2024,0.85601,0.84896,0.05218,0.0559,165.44,444,543,1355,1457,1377,1834,1179,1513,1584,1607,2022,2020,2022,2020,2019,2018,2018,2141,2128,2134,2137,2984,2961,2980,3429,3417,3613,3739,3809,3735
2025,0.85601,0.84868,0.05218,0.05595,165.51,444,543,1356,1458,1378,1834,1179,1513,1584,1608,2022,2020,2022,2020,2019,2018,2018,2141,2128,2134,2137,2984,2961,2980,3429,3417,3613,3739,3809,3735
2026,0.85602,0.84897,0.05218,0.0559,165.6,444,543,1357,1458,1378,1835,1179,1514,1584,1608,2022,2020,2022,2020,2019,2018,2018,2141,2128,2134,2137,2984,2961,2980,3429,3417,3613,3739,3809,3735
2027,0.85605,0.84876,0.05217,0.05594,165.67,444,543,1358,1459,1379,1835,1179,1514,1584,1609,2022,2020,2022,2020,2019,2018,2018,2141,2128,2134,2137,2984,2961,2980,3429,3417,3613,3739,3809,3735
2028,0.85609,0.84902,0.05217,0.05589,165.75,444,544,1358,1460,1380,1836,1179,1515,1585,1609,2022,2020,2022,2020,2019,2018,2018,2141,2128,2134,2137,2984,2961,2980,3429,3417,3613,3739,3809,3735
2029,0.85612,0.8489,0.05216,0.05591,165.83,444,544,1359,1460,1380,1836,1179,1515,1585,1610,2022,2020,2022,2020,2019,2018,2018,2141,2128,2134,2137,2984,2961,2980,3429,3417,3613,3739,3809,3735
2030,0.85615,0.84902,0.05216,0.05589,165.9,444,544,1360,1461,1381,1837,1179,1515,1585,1610,2022,2020,2022,2020,2019,2018,2018,2141,2128,2134,2137,2984,2961,2980,3429,3417,3613,3739,3809,3735
2031,0.85617,0.84898,0.05215,0.05589,165.98,444,544,1361,1461,1381,1837,1179,1516,1585,1611,2022,2020,2022,2020,2019,2018,2018,2141,2128,2134,2137,2984,2961,2980,3429,3417,3613,3739,3809,3735
2032,0.85617,0.84898,0.05215,0.0559,166.06,444,544,1362,1462,1382,1837,1179,1516,1586,1611,2022,2020,2022,2020,2019,2018,2018,2141,2128,2134,2137,2984,2961,2980,3429,3417,3613,3739,3809,3735
2033,0.85617,0.84905,0.05215,0.05588,166.13,444,544,1362,1462,1383,1838,1179,1516,1586,1612,2022,2020,2022,2020,2019,2018,2018,2141,2128,2134,2137,2984,2961,2980,3429,3417,3613,3739,3809,3735
2034,0.85616,0.84893,0.05215,0.0559,166.2,444,545,1363,1463,1383,1838,1179,1517,1586,1612,2022,2020,2022,2020,2019,2018,2018,2141,2128,2134,2137,2984,2961,2980,3429,3417,3613,3739,3809,3735
2035,0.85616,0.84909,0.05215,0.05587,166.28,444,545,1364,1464,1384,1839,1179,1517,1586,1612,2022,2020,2022,2020,2019,2018,2018,2141,2128,2134,2137,2984,2962,2980,3429,3417,3613,3739,3809,3735
2036,0.85615,0.84891,0.05216,0.05591,166.36,444,545,1365,1464,1384,1839,1179,1518,1586,1613,2022,2020,2022,2020,2019,2018,2018,2141,2128,2134,2137,2984,2961,2980,3429,3417,3613,3739,3809,3735
2037,0.85615,0.84912,0.05216,0.05587,166.44,444,545,1365,1465,1385,1839,1179,1518,1587,1613,2022,2020,2022,2020,2019,2018,2018,2141,2128,2134,2137,2984,2962,2980,3429,3417,3613,3739,3809,3735
2038,0.85615,0.84892,0.05216,0.05591,166.51,444,545,1366,1465,1386,1840,1179,1518,1587,1614,2022,2020,2022,2020,2019,2018,2018,2141,2128,2134,2137,2984,2961,2980,3429,3417,3613,3739,3809,3735
2039,0.85616,0.84915,0.05215,0.05586,166.58,444,545,1367,1466,1386,1840,1179,1519,1587,1614,2022,2020,2022,2020,2019,2018,2018,2141,2128,2134,2137,2984,2962,2980,3429,3417,3613,3739,3809,3735
2040,0.85617,0.84896,0.05215,0.0559,166.67,444,545,1368,1467,1387,1841,1179,1519,1587,1615,2022,2020,2022,2020,2019,2018,2018,2141,2128,2134,2137,2984,2961,2980,3429,3417,3613,3739,3809,3735
2041,0.8562,0.84916,0.05215,0.05586,166.76,444,546,1369,1467,1387,1841,1179,1519,1588,1615,2022,2020,2022,2020,2019,2018,2018,2141,2128,2134,2137,2984,2961,2980,3429,3417,3613,3739,3809,3735
2042,0.85621,0.849,0.05214,0.05589,166.84,444,546,1369,1468,1388,1841,1179,1520,1588,1616,2022,2020,2022,2020,2018,2018,2018,2141,2128,2134,2137,2984,2961,2980,3429,3417,3613,3739,3809,3735
2043,0.85624,0.84918,0.05214,0.05586,166.92,444,546,1370,1468,1389,1842,1179,1520,1588,1616,2022,2020,2022,2020,2018,2018,2018,2141,2128,2134,2137,2984,2961,2980,3429,3417,3613,3739,3809,3735
2044,0.85625,0.84908,0.05214,0.05588,166.99,444,546,1371,1469,1389,1842,1179,1520,1588,1616,2022,2020,2022,2020,2018,2018,2018,2141,2128,2134,2137,2984,2961,2980,3429,3417,3613,3739,3809,3735
2045,0.85627,0.84919,0.05213,0.05586,167.06,444,546,1372,1469,1390,1843,1179,1521,1589,1617,2022,2020,2022,2020,2018,2018,2018,2141,2128,2134,2137,2984,2961,2980,3429,3417,3613,3739,3809,3735
2046,0.85628,0.84912,0.05213,0.05587,167.14,444,546,1372,1470,1390,1843,1179,1521,1589,1617,2022,2020,2022,2020,2018,2018,2018,2141,2128,2134,2137,2984,2961,2980,3429,3417,3613,3739,3809,3735
2047,0.85629,0.84919,0.05213,0.05586,167.24,444,547,1373,1471,1391,1844,1179,1521,1589,1618,2022,2020,2022,2020,2018,2018,2018,2141,2128,2134,2137,2984,2961,2980,3429,3417,3613,3739,3809,3735
2048,0.8563,0.84914,0.05213,0.05586,167.32,444,547,1374,1471,1392,1844,1179,1522,1589,1618,2022,2020,2022,2020,2018,2018,2018,2141,2128,2134,2137,2984,2961,2980,3429,3417,3613,3739,3809,3735
2049,0.85631,0.84918,0.05213,0.05586,167.4,444,547,1375,1472,1392,1844,1179,1522,1590,1619,2022,2020,2022,2020,2018,2018,2018,2141,2128,2134,2137,2984,2961,2980,3429,3417,3613,3739,3809,3735
2050,0.85632,0.84916,0.05212,0.05586,167.48,444,547,1375,1472,1393,1845,1179,1522,1590,1619,2022,2020,2022,2020,2018,2018,2018,2141,2128,2134,2137,2984,2961,2980,3429,3417,3613,3739,3809,3735
2051,0.85633,0.8492,0.05212,0.05585,167.55,444,547,1376,1473,1393,1845,1179,1523,1590,1620,2022,2020,2022,2020,2018,2018,2018,2141,2128,2134,2137,2984,2961,2980,3429,3417,3613,3739,3809,3735
2052,0.85634,0.8492,0.05212,0.05585,167.62,444,548,1377,1473,1394,1846,1179,1523,1590,1620,2022,2020,2022,2020,2018,2018,2018,2141,2128,2134,2137,2984,2961,2980,3429,3417,3613,3739,3809,3735
2053,0.85634,0.84922,0.05212,0.05585,167.69,444,548,1378,1474,1394,1846,1179,1523,1591,1621,2022,2020,2022,2020,2018,2018,2018,2141,2128,2134,2137,2984,2961,2980,3429,3417,3613,3739,3809,3735
2054,0.85635,0.84923,0.05212,0.05585,167.77,444,548,1379,1475,1395,1847,1179,1524,1591,1621,2022,2020,2022,2020,2018,2018,2018,2141,2128,2134,2137,2984,2961,2980,3429,3417,3613,3739,3809,3735
2055,0.85636,0.84926,0.05212,0.05584,167.85,444,548,1379,1475,1396,1847,1179,1524,1591,1622,2022,2020,2022,2020,2018,2018,2018,2141,2128,2134,2137,2984,2961,2980,3429,3417,3613,3739,3809,3735
2056,0.85636,0.84926,0.05212,0.05584,167.93,444,548,1380,1476,1396,1847,1179,1524,1591,1622,2022,2020,2022,2020,2018,2018,2018,2141,2128,2134,2137,2984,2961,2980,3429,3417,3613,3739,3809,3735
2057,0.85637,0.84928,0.05211,0.05584,168.0,444,548,1381,1476,1397,1848,1179,1525,1592,1623,2022,2020,2022,2020,2018,2018,2018,2141,2128,2134,2137,2984,2961,2980,3429,3417,3613,3739,3809,3735
2058,0.85638,0.84927,0.05211,0.05584,168.09,444,549,1382,1477,1397,1848,1179,1525,1592,1623,2022,2020,2022,2020,2018,2018,2018,2141,2128,2134,2137,2984,2961,2980,3429,3417,3613,3739,3809,3735
2059,0.85639,0.84928,0.05211,0.05584,168.17,444,549,1382,1477,1398,1849,1179,1525,1592,1624,2022,2020,2022,2020,2018,2018,2018,2141,2128,2134,2137,2984,2961,2980,3429,3417,3613,3739,3809,3735
2060,0.8564,0.84929,0.05211,0.05584,168.26,444,549,1383,1478,1399,1849,1179,1526,1592,1624,2022,2020,2022,2020,2018,2018,2018,2141,2128,2134,2137,2984,2961,2980,3429,3417,3613,3739,3809,3735
2061,0.85641,0.84932,0.05211,0.05583,168.34,444,549,1384,1478,1399,1849,1179,1526,1592,1624,2022,2020,2022,2020,2018,2018,2018,2141,2128,2134,2137,2984,2961,2980,3429,3417,3613,3739,3809,3735
2062,0.85641,0.84927,0.05211,0.05584,168.42,444,549,1385,1479,1400,1850,1179,1526,1593,1625,2022,2020,2022,2020,2018,2018,2018,2141,2128,2134,2137,2984,2961,2980,3429,3417,3613,3739,3809,3735
2063,0.85641,0.8493,0.05211,0.05584,168.51,444,549,1385,1480,1400,1850,1179,1527,1593,1625,2022,2020,2022,2020,2018,2018,2018,2141,2128,2134,2137,2984,2961,2980,3429,3417,3613,3739,3809,3735
2064,0.85642,0.84934,0.05211,0.05583,168.59,444,550,1386,1480,1400,1851,1179,1527,1593,1626,2022,2020,2022,2020,2018,2018,2018,2141,2128,2134,2137,2984,2961,2980,3429,3417,3613,3739,3809,3735
2065,0.85643,0.8494,0.05211,0.05582,168.67,444,550,1387,1481,1400,1851,1179,1527,1593,1627,2022,2020,2022,2020,2018,2018,2018,2141,2128,2134,2137,2984,2961,2980,3429,3417,3613,3739,3809,3735
2066,0.85643,0.84937,0.0521,0.05582,168.75,444,550,1388,1481,1400,1852,1179,1528,1594,1627,2022,2020,2022,2020,2018,2018,2018,2141,2128,2134,2137,2984,2961,2980,3429,3417,3613,3739,3809,3735
2067,0.85644,0.8494,0.0521,0.05582,168.83,444,550,1389,1482,1400,1852,1179,1528,1594,1628,2022,2020,2022,2020,2018,2018,2018,2141,2128,2134,2137,2984,2961,2980,3429,3417,3613,3739,3809,3735
2068,0.85645,0.84936,0.0521,0.05583,168.92,444,550,1389,1482,1401,1852,1179,1528,1594,1628,2022,2020,2022,2020,2018,2018,2018,2141,2128,2134,2137,2984,2961,2980,3429,3417,3613,3739,3809,3735
2069,0.85645,0.84945,0.0521,0.05581,169.04,444,550,1390,1483,1401,1853,1179,1529,1594,1629,2022,2020,2022,2020,2018,2018,2018,2141,2128,2134,2137,2984,2962,2980,3429,3417,3613,3739,3809,3735
2070,0.85646,0.84937,0.0521,0.05582,169.13,444,551,1391,1484,1401,1853,1179,1529,1595,1629,2022,2020,2022,2020,2018,2018,2018,2141,2128,2134,2137,2984,2961,2980,3429,3417,3613,3739,3809,3735
2071,0.85646,0.84946,0.0521,0.05581,169.22,444,551,1392,1484,1401,1854,1179,1529,1595,1630,2022,2020,2022,2020,2018,2018,2018,2141,2128,2134,2137,2984,2962,2980,3429,3417,3613,3739,3809,3735
2072,0.85645,0.84929,0.0521,0.05584,169.3,444,551,1392,1485,1401,1854,1179,1530,1595,1630,2022,2020,2022,2020,2018,2018,2018,2141,2128,2134,2137,2983,2961,2980,3429,3417,3613,3739,3809,3735
2073,0.85643,0.84947,0.0521,0.0558,169.37,444,551,1393,1485,1401,1855,1179,1530,1595,1631,2022,2020,2022,2020,2018,2018,2018,2141,2128,2134,2137,2984,2962,2980,3429,3417,3613,3739,3809,3735
2074,0.85639,0.84921,0.05211,0.05585,169.45,444,551,1394,1486,1402,1855,1179,1530,1596,1631,2022,2020,2022,2020,2018,2018,2018,2141,2128,2134,2137,2983,2961,2980,3429,3417,3613,3739,3809,3735
2075,0.85632,0.84947,0.05213,0.0558,169.54,444,552,1395,1486,1402,1855,1179,1530,1596,1632,2022,2020,2022,2020,2018,2018,2018,2141,2128,2134,2137,2984,2962,2980,3429,3417,3613,3739,3809,3735
2076,0.8562,0.849,0.05215,0.05589,169.64,444,552,1395,1487,1402,1856,1179,1531,1596,1632,2022,2020,2022,2020,2018,2018,2018,2141,2128,2134,2137,2983,2961,2980,3429,3417,3613,3739,3809,3735
2077,0.85602,0.84933,0.05218,0.05583,169.72,444,552,1396,1488,1403,1856,1179,1531,1596,1633,2022,2020,2022,2020,2018,2018,2018,2141,2128,2134,2137,2984,2962,2980,3429,3417,3613,3739,3809,3735
2078,0.85574,0.8484,0.05223,0.056,169.81,444,552,1397,1488,1403,1857,1180,1532,1597,1633,2022,2020,2022,2020,2018,2018,2018,2141,2128,2134,2137,2983,2961,2980,3429,3417,3613,3739,3809,3735
2079,0.85531,0.84883,0.05231,0.05592,169.9,444,552,1397,1489,1404,1857,1179,1532,1597,1634,2022,2020,2022,2020,2018,2018,2018,2141,2128,2134,2137,2984,2962,2980,3429,3417,3613,3739,3809,3735
2080,0.85479,0.84737,0.0524,0.05619,169.99,444,552,1398,1489,1404,1857,1180,1533,1597,1634,2022,2020,2022,2020,2018,2018,2018,2141,2128,2134,2137,2983,2961,2980,3428,3417,3613,3739,3809,3735
2081,0.85443,0.8482,0.05247,0.05604,170.08,444,553,1399,1490,1405,1858,1179,1532,1597,1635,2022,2021,2022,2020,2019,2018,2018,2141,2128,2134,2137,2984,2962,2980,3428,3417,3613,3739,3809,3735
2082,0.85465,0.84723,0.05243,0.05622,170.17,444,553,1400,1490,1405,1858,1180,1533,1598,1636,2022,2020,2022,2020,2019,2018,2018,2141,2128,2134,2137,2983,2961,2980,3428,3417,3613,3739,3809,3735
2083,0.85547,0.84896,0.05228,0.0559,170.25,444,553,1403,1491,1406,1859,1179,1533,1598,1636,2022,2021,2022,2020,2019,2018,2018,2142,2128,2134,2137,2984,2962,2980,3428,3417,3613,3739,3809,3735
2084,0.85628,0.84911,0.05213,0.05587,170.34,444,553,1406,1492,1406,1859,1180,1533,1598,1637,2022,2021,2022,2020,2019,2018,2018,2141,2128,2134,2137,2983,2961,2980,3428,3417,3613,3739,3809,3735
2085,0.85653,0.84957,0.05209,0.05579,170.44,444,553,1408,1492,1407,1859,1180,1534,1598,1637,2022,2020,2022,2019,2019,2018,2018,2141,2128,2134,2137,2983,2962,2980,3428,3417,3613,3739,3809,3735
2086,0.85618,0.84958,0.05215,0.05578,170.52,444,554,1411,1493,1407,1860,1179,1534,1599,1638,2022,2020,2022,2019,2019,2018,2019,2141,2128,2134,2137,2984,2962,2980,3428,3417,3613,3739,3809,3735
2087,0.8557,0.84859,0.05224,0.05597,170.61,444,554,1413,1493,1408,1860,1180,1534,1599,1638,2022,2020,2022,2019,2019,2018,2018,2140,2128,2134,2137,2983,2962,2980,3428,3417,3613,3739,3809,3735
2088,0.85556,0.84924,0.05226,0.05585,170.69,444,554,1415,1494,1408,1861,1179,1534,1599,1639,2022,2020,2022,2019,2020,2019,2019,2141,2128,2134,2137,2984,2962,2980,3429,3417,3613,3739,3809,3735
2089,0.85587,0.84875,0.05221,0.05594,170.79,444,554,1416,1494,1409,1861,1180,1535,1599,1639,2022,2020,2022,2019,2020,2019,2019,2141,2128,2134,2137,2983,2962,2980,3429,3417,3613,3739,3809,3735
2090,0.85634,0.84964,0.05212,0.05577,170.88,444,554,1418,1495,1409,1862,1179,1535,1600,1640,2022,2020,2021,2019,2020,2019,2019,2141,2128,2134,2137,2984,2962,2980,3429,3417,3613,3739,3809,3735
2091,0.8566,0.84958,0.05207,0.05578,170.97,444,554,1420,1495,1410,1862,1179,1535,1600,1641,2022,2020,2021,2019,2020,2019,2019,2141,2128,2134,2137,2983,2962,2980,3429,3417,3613,3739,3809,3735
2092,0.85651,0.84941,0.05209,0.05582,171.06,444,554,1421,1496,1410,1862,1179,1535,1600,1641,2022,2020,2021,2019,2020,2019,2019,2141,2128,2134,2137,2983,2962,2980,3429,3417,3613,3739,3809,3735
2093,0.85625,0.84958,0.05214,0.05578,171.14,444,555,1423,1497,1411,1863,1179,1535,1600,1642,2022,2021,2021,2019,2020,2019,2019,2141,2128,2134,2137,2983,2962,2980,3429,3417,3613,3739,3809,3735
2094,0.85611,0.84901,0.05216,0.05589,171.22,444,555,1424,1497,1411,1863,1179,1536,1600,1642,2022,2021,2021,2019,2020,2019,2019,2141,2128,2133,2137,2983,2962,2980,3429,3417,3613,3739,3809,3735
2095,0.85622,0.84964,0.05214,0.05577,171.32,444,555,1425,1498,1412,1864,1179,1536,1601,1643,2022,2021,2021,2019,2020,2019,2019,2141,2128,2133,2137,2983,2962,2980,3429,3417,3613,3739,3809,3735
2096,0.85649,0.8494,0.05209,0.05582,171.44,444,555,1426,1498,1412,1864,1179,1536,1601,1643,2022,2020,2021,2019,2019,2019,2019,2141,2127,2133,2137,2983,2962,2980,3429,3417,3613,3739,3809,3735
2097,0.85666,0.84974,0.05206,0.05575,171.54,444,555,1427,1499,1413,1865,1179,1536,1601,1644,2022,2020,2020,2019,2019,2019,2019,2141,2128,2133,2137,2983,2962,2980,3429,3417,3613,3739,3809,3735
2098,0.85664,0.84976,0.05207,0.05575,171.62,444,555,1428,1499,1413,1865,1179,1536,1601,1645,2022,2020,2020,2019,2019,2019,2019,2141,2128,2134,2137,2983,2962,2980,3429,3417,3613,3739,3809,3735
2099,0.85649,0.8494,0.05209,0.05582,171.7,444,556,1429,1500,1414,1865,1179,1537,1602,1645,2022,2020,2020,2019,2019,2018,2018,2141,2127,2134,2137,2983,2961,2980,3429,3417,3613,3739,3809,3735
2100,0.85643,0.84975,0.0521,0.05575,171.79,444,556,1430,1500,1414,1866,1179,1537,1602,1646,2022,2020,2020,2019,2019,2018,2018,2141,2128,2134,2137,2983,2962,2980,3429,3417,3613,3739,3809,3735
2101,0.85653,0.84947,0.05209,0.05581,171.87,444,556,1431,1501,1415,1866,1179,1537,1602,1646,2022,2020,2020,2019,2019,2018,2018,2141,2128,2134,2137,2983,2961,2980,3429,3417,3613,3739,3809,3735
2102,0.85668,0.8498,0.05206,0.05574,171.95,444,556,1432,1502,1415,1867,1179,1537,1602,1647,2022,2020,2020,2019,2019,2018,2018,2141,2128,2134,2137,2983,2962,2980,3429,3417,3613,3739,3809,3735
2103,0.85673,0.84973,0.05205,0.05576,172.04,444,556,1432,1502,1416,1867,1179,1538,1603,1648,2022,2020,2020,2019,2019,2018,2018,2141,2128,2134,2137,2983,2962,2980,3429,3417,3613,3739,3809,3735
2104,0.85668,0.84957,0.05206,0.05578,172.12,444,556,1433,1503,1417,1868,1179,1538,1603,1648,2022,2020,2020,2019,2019,2018,2018,2141,2128,2134,2137,2983,2961,2980,3429,3417,3613,3739,3809,3735
2105,0.8566,0.84978,0.05207,0.05575,172.21,444,557,1434,1503,1417,1868,1179,1538,1603,1649,2022,2020,2021,2019,2019,2018,2018,2141,2128,2134,2137,2983,2962,2980,3429,3417,3613,3739,3809,3735
2106,0.85659,0.84944,0.05208,0.05581,172.29,444,557,1435,1504,1418,1868,1179,1539,1603,1649,2022,2020,2021,2019,2019,2018,2018,2141,2128,2134,2137,2983,2961,2980,3429,3417,3613,3739,3809,3735
2107,0.85666,0.84977,0.05206,0.05575,172.38,444,557,1435,1504,1418,1869,1179,1539,1604,1650,2022,2021,2021,2019,2019,2018,2018,2141,2128,2134,2137,2983,2962,2980,3429,3417,3613,3739,3809,3735
2108,0.85674,0.84962,0.05205,0.05578,172.46,444,557,1436,1505,1419,1869,1179,1539,1604,1651,2022,2020,2021,2019,2019,2018,2018,2141,2128,2134,2137,2983,2962,2980,3429,3417,3613,3739,3809,3735
2109,0.85678,0.84976,0.05204,0.05575,172.56,444,557,1436,1505,1419,1870,1179,1540,1604,1651,2022,2020,2021,2020,2019,2018,2018,2141,2128,2134,2137,2983,2962,2980,3429,3417,3613,3739,3809,3735
2110,0.85677,0.84986,0.05204,0.05573,172.65,444,557,1437,1506,1420,1870,1179,1540,1605,1652,2022,2020,2021,2020,2019,2018,2018,2141,2128,2134,2137,2983,2962,2980,3429,3417,3613,3739,3809,3735
2111,0.85673,0.84971,0.05205,0.05576,172.73,444,558,1438,1507,1420,1871,1179,1540,1605,1652,2022,2020,2021,2020,2019,2018,2018,2141,2128,2134,2137,2983,2962,2980,3429,3417,3613,3739,3809,3735
2112,0.85673,0.84991,0.05205,0.05572,172.82,444,558,1438,1507,1421,1871,1179,1540,1605,1653,2022,2020,2021,2020,2019,2018,2018,2141,2128,2134,2137,2983,2962,2980,3429,3417,3613,3739,3809,3735
2113,0.85676,0.8497,0.05204,0.05576,172.92,444,558,1439,1508,1421,1871,1179,1540,1605,1653,2022,2020,2021,2020,2019,2018,2018,2141,2128,2134,2137,2983,2962,2980,3429,3417,3613,3739,3809,3735
2114,0.85681,0.84986,0.05204,0.05573,173.01,444,558,1439,1508,1422,1872,1179,1540,1605,1654,2022,2020,2020,2020,2019,2018,2018,2141,2128,2134,2137,2983,2962,2980,3429,3417,3613,3739,3809,3735
2115,0.85684,0.84986,0.05203,0.05573,173.1,444,558,1440,1509,1422,1872,1179,1541,1606,1655,2022,2020,2020,2020,2019,2018,2018,2141,2128,2134,2137,2984,2962,2980,3429,3417,3613,3739,3809,3735
2116,0.85683,0.84984,0.05203,0.05574,173.18,444,558,1440,1509,1423,1873,1179,1541,1606,1655,2022,2020,2020,2020,2019,2018,2018,2141,2128,2134,2137,2984,2962,2980,3429,3417,3613,3739,3809,3735
2117,0.85682,0.84995,0.05203,0.05571,173.27,444,559,1441,1510,1424,1873,1179,1541,1606,1656,2022,2020,2020,2020,2019,2018,2018,2141,2128,2134,2137,2984,2962,2980,3429,3417,3613,3739,3809,3735
2118,0.85682,0.84978,0.05203,0.05575,173.35,444,559,1441,1510,1424,1874,1179,1542,1606,1656,2022,2020,2020,2020,2019,2018,2018,2141,2128,2134,2137,2984,2962,2980,3429,3417,3613,3739,3809,3735
2119,0.85683,0.84996,0.05203,0.05571,173.43,444,559,1442,1511,1425,1874,1179,1542,1607,1657,2022,2020,2020,2020,2019,2018,2018,2141,2128,2134,2137,2984,2962,2980,3429,3417,3613,3739,3809,3735
2120,0.85686,0.84987,0.05203,0.05573,173.53,444,559,1443,1512,1425,1874,1179,1542,1607,1658,2022,2020,2020,2020,2019,2018,2018,2141,2128,2134,2137,2984,2962,2980,3429,3417,3613,3739,3809,3735
2121,0.85689,0.84998,0.05202,0.05571,173.61,444,559,1443,1512,1426,1875,1179,1542,1607,1658,2022,2020,2021,2020,2019,2018,2018,2141,2128,2134,2137,2984,2962,2980,3429,3417,3613,3739,3809,3735
2122,0.8569,0.84997,0.05202,0.05571,173.71,444,559,1444,1513,1426,1875,1179,1543,1608,1659,2022,2020,2021,2020,2019,2018,2018,2141,2128,2134,2137,2983,2962,2980,3429,3417,3613,3739,3809,3735
2123,0.8569,0.8499,0.05202,0.05572,173.79,444,560,1444,1513,1427,1876,1179,1543,1608,1659,2022,2020,2021,2020,2019,2018,2018,2141,2128,2134,2137,2983,2962,2980,3429,3417,3613,3739,3809,3735
2124,0.8569,0.84998,0.05202,0.05571,173.88,444,560,1445,1514,1428,1876,1179,1543,1608,1660,2022,2020,2021,2020,2019,2018,2018,2141,2128,2134,2137,2983,2962,2980,3429,3417,3613,3739,3809,3735
2125,0.8569,0.84988,0.05202,0.05573,173.97,444,560,1445,1514,1428,1877,1179,1543,1608,1661,2022,2020,2021,2020,2019,2018,2018,2141,2128,2134,2137,2983,2962,2980,3429,3417,3613,3739,3809,3735
2126,0.85692,0.85003,0.05202,0.0557,174.06,444,560,1446,1515,1429,1877,1179,1544,1609,1661,2022,2020,2021,2020,2019,2018,2018,2141,2128,2134,2137,2983,2962,2980,3429,3417,3613,3739,3809,3735
2127,0.85694,0.84997,0.05201,0.05571,174.16,444,560,1446,1515,1429,1877,1179,1544,1609,1662,2022,2020,2021,2020,2019,2018,2018,2141,2128,2134,2137,2983,2962,2980,3429,3417,3613,3739,3809,3735
2128,0.85696,0.85002,0.05201,0.0557,174.25,444,560,1446,1516,1430,1878,1179,1544,1609,1662,2022,2020,2021,2020,2019,2018,2018,2141,2128,2134,2137,2983,2962,2980,3429,3417,3613,3739,3809,3735
2129,0.85697,0.85002,0.05201,0.0557,174.34,444,561,1447,1516,1430,1878,1179,1544,1609,1663,2022,2020,2020,2020,2019,2018,2018,2141,2128,2134,2137,2983,2962,2980,3429,3417,3613,3739,3809,3735
2130,0.85697,0.84999,0.05201,0.05571,174.43,444,561,1447,1517,1431,1879,1179,1545,1610,1664,2022,2020,2020,2020,2018,2018,2018,2141,2128,2134,2137,2983,2962,2980,3429,3417,3613,3739,3809,3735
2131,0.85697,0.85008,0.05201,0.05569,174.52,444,561,1448,1518,1432,1879,1179,1545,1610,1664,2022,2020,2020,2020,2018,2018,2018,2141,2128,2134,2137,2983,2962,2980,3429,3417,3613,3739,3809,3735
2132,0.85698,0.85001,0.052,0.0557,174.6,444,561,1448,1518,1432,1880,1179,1545,1610,1665,2022,2020,2020,2020,2018,2018,2018,2141,2128,2134,2137,2983,2962,2980,3429,3417,3613,3739,3809,3734
2133,0.85699,0.8501,0.052,0.05569,174.7,444,561,1449,1519,1433,1880,1179,1545,1611,1665,2022,2020,2020,2020,2018,2018,2018,2141,2128,2134,2137,2983,2962,2980,3429,3417,3613,3739,3809,3735
2134,0.857,0.85002,0.052,0.0557,174.78,444,561,1449,1519,1433,1881,1179,1546,1611,1666,2022,2020,2020,2020,2018,2018,2018,2141,2128,2134,2137,2983,2962,2980,3429,3417,3613,3739,3809,3734
2135,0.85702,0.85009,0.052,0.05569,174.88,444,562,1450,1520,1434,1881,1179,1546,1611,1666,2022,2020,2020,2020,2018,2018,2018,2141,2128,2134,2137,2983,2962,2980,3429,3417,3613,3739,3809,3734
2136,0.85703,0.85008,0.052,0.05569,174.96,444,562,1450,1520,1434,1881,1179,1546,1611,1667,2022,2020,2021,2020,2018,2018,2018,2141,2128,2134,2137,2983,2962,2980,3429,3417,3613,3739,3809,3734
2137,0.85704,0.8501,0.05199,0.05569,175.04,444,562,1451,1521,1435,1882,1179,1546,1612,1668,2022,2020,2021,2020,2018,2018,2018,2141,2128,2134,2137,2983,2962,2980,3429,3417,3613,3739,3809,3734
2138,0.85705,0.85013,0.05199,0.05568,175.13,444,562,1451,1521,1436,1882,1179,1547,1612,1668,2022,2020,2021,2020,2018,2018,2018,2141,2128,2134,2137,2983,2962,2980,3429,3417,3613,3739,3809,3734
2139,0.85705,0.85009,0.05199,0.05569,175.21,444,562,1452,1522,1436,1883,1179,1547,1612,1669,2021,2020,2021,2020,2018,2018,2018,2141,2128,2134,2137,2983,2962,2980,3429,3417,3613,3739,3809,3734
2140,0.85706,0.85015,0.05199,0.05568,175.29,444,562,1452,1523,1437,1883,1179,1547,1612,1669,2021,2020,2021,2020,2018,2018,2018,2141,2128,2134,2137,2983,2962,2980,3429,3417,3613,3739,3809,3734
2141,0.85707,0.85011,0.05199,0.05569,175.38,444,563,1453,1523,1437,1884,1179,1547,1613,1670,2021,2020,2021,2020,2018,2018,2018,2141,2128,2134,2137,2983,2962,2980,3429,3417,3613,3739,3809,3734
2142,0.85708,0.85018,0.05199,0.05567,175.46,444,563,1453,1524,1438,1884,1179,1548,1613,1671,2021,2020,2021,2020,2018,2018,2018,2141,2128,2134,2137,2983,2962,2980,3429,3417,3613,3739,3809,3734
2143,0.85709,0.85015,0.05199,0.05568,175.55,444,563,1454,1524,1438,1885,1179,1548,1613,1671,2021,2020,2021,2020,2018,2018,2018,2141,2128,2134,2137,2983,2962,2980,3429,3417,3613,3739,3809,3734
2144,0.8571,0.85022,0.05198,0.05567,175.63,444,563,1454,1525,1439,1885,1179,1548,1613,1672,2021,2020,2020,2020,2018,2018,2018,2141,2128,2134,2137,2983,2962,2980,3429,3417,3613,3739,3809,3734
2145,0.85711,0.85019,0.05198,0.05567,175.71,444,563,1455,1525,1439,1886,1179,1548,1614,1672,2021,2020,2020,2020,2018,2018,2018,2141,2128,2134,2137,2983,2962,2980,3429,3417,3613,3739,3809,3734
2146,0.85712,0.85022,0.05198,0.05566,175.8,444,563,1455,1526,1440,1886,1179,1549,1614,1673,2021,2020,2020,2020,2018,2018,2018,2141,2128,2134,2137,2983,2962,2980,3429,3417,3613,3739,3809,3734
2147,0.85713,0.85021,0.05198,0.05567,175.88,444,564,1455,1526,1441,1887,1179,1549,1614,1673,2020,2020,2020,2020,2018,2018,2018,2141,2128,2134,2137,2983,2962,2980,3429,3417,3613,3739,3809,3734
2148,0.85714,0.85023,0.05198,0.05566,175.97,444,564,1456,1527,1441,1887,1179,1549,1614,1674,2020,2020,2020,2020,2018,2018,2018,2141,2128,2134,2137,2983,2962,2980,3429,3417,3613,3739,3809,3734
2149,0.85715,0.85024,0.05197,0.05566,176.06,444,564,1456,1528,1442,1888,1179,1549,1615,1675,2020,2020,2020,2020,2018,2018,2018,2141,2128,2134,2137,2983,2962,2980,3429,3417,3613,3739,3809,3734
2150,0.85716,0.85023,0.05197,0.05566,176.15,444,564,1457,1528,1442,1888,1179,1550,1615,1675,2020,2020,2020,2020,2018,2018,2018,2141,2128,2134,2137,2983,2962,2980,3429,3417,3613,3739,3809,3734
2151,0.85717,0.85026,0.05197,0.05566,176.24,444,564,1457,1529,1443,1889,1179,1550,1615,1676,2020,2020,2020,2020,2018,2018,2018,2141,2128,2134,2137,2983,2962,2980,3429,3417,3613,3739,3809,3734
2152,0.85717,0.85025,0.05197,0.05566,176.32,444,564,1458,1529,1443,1889,1179,1550,1616,1676,2020,2020,2021,2020,2018,2018,2018,2141,2128,2134,2137,2983,2962,2980,3429,3417,3613,3739,3809,3734
2153,0.85718,0.8503,0.05197,0.05565,176.4,444,565,1458,1530,1444,1890,1179,1550,1616,1677,2020,2020,2021,2020,2018,2018,2018,2141,2128,2134,2137,2983,2962,2980,3429,3417,3613,3739,3809,3734
2154,0.85719,0.8503,0.05197,0.05565,176.5,444,565,1459,1530,1445,1890,1179,1551,1616,1677,2021,2020,2021,2020,2018,2018,2018,2141,2128,2134,2137,2983,2962,2980,3429,3417,3613,3739,3809,3734
2155,0.8572,0.85033,0.05196,0.05564,176.58,444,565,1459,1531,1445,1891,1179,1551,1616,1678,2021,2020,2021,2020,2018,2018,2018,2141,2128,2134,2137,2983,2962,2980,3429,3417,3613,3739,3809,3734
2156,0.85721,0.85031,0.05196,0.05565,176.68,444,565,1460,1531,1446,1891,1179,1551,1617,1679,2021,2020,2021,2020,2018,2018,2018,2141,2128,2134,2137,2983,2962,2980,3429,3417,3613,3739,3809,3734
2157,0.85722,0.85034,0.05196,0.05564,176.76,444,565,1460,1532,1446,1892,1179,1551,1617,1679,2021,2020,2021,2020,2018,2018,2018,2141,2128,2134,2137,2983,2962,2980,3429,3417,3613,3739,3809,3734
2158,0.85723,0.85034,0.05196,0.05564,176.85,444,565,1460,1533,1447,1893,1179,1552,1617,1680,2021,2020,2021,2020,2018,2018,2018,2141,2128,2134,2137,2983,2962,2980,3429,3417,3613,3739,3809,3734
2159,0.85724,0.85037,0.05196,0.05564,176.93,444,566,1461,1533,1447,1893,1179,1552,1617,1680,2021,2020,2021,2020,2018,2018,2018,2141,2128,2134,2137,2983,2962,2980,3429,3417,3613,3739,3809,3734
2160,0.85725,0.85036,0.05196,0.05564,177.01,444,566,1461,1534,1448,1894,1179,1552,1618,1681,2021,2020,2020,2020,2018,2018,2018,2141,2128,2134,2137,2983,2962,2980,3429,3417,3613,3739,3809,3734
2161,0.85726,0.85037,0.05195,0.05564,177.12,444,566,1462,1534,1449,1894,1179,1552,1618,1681,2021,2020,2020,2020,2018,2018,2018,2141,2128,2134,2137,2983,2962,2980,3429,3417,3613,3739,3809,3734
2162,0.85727,0.85038,0.05195,0.05564,177.2,444,566,1462,1535,1449,1895,1179,1553,1618,1682,2021,2020,2020,2020,2018,2018,2018,2141,2128,2134,2137,2983,2962,2980,3429,3417,3613,3739,3809,3734
2163,0.85728,0.85041,0.05195,0.05563,177.29,444,566,1463,1535,1450,1895,1179,1553,1618,1682,2021,2020,2020,2020,2018,2018,2018,2141,2128,2134,2137,2983,2962,2980,3429,3417,3613,3739,3809,3734
2164,0.85729,0.85044,0.05195,0.05562,177.36,444,566,1463,1536,1450,1896,1179,1553,1619,1683,2021,2020,2020,2020,2018,2018,2018,2141,2128,2134,2137,2983,2962,2980,3429,3417,3613,3739,3809,3734
2165,0.85729,0.85045,0.05195,0.05562,177.45,444,567,1464,1536,1451,1897,1179,1554,1619,1683,2021,2020,2020,2020,2018,2018,2018,2141,2128,2134,2137,2983,2962,2980,3429,3417,3613,3739,3809,3734
2166,0.8573,0.85045,0.05195,0.05562,177.54,444,567,1464,1537,1451,1897,1179,1554,1619,1684,2020,2020,2020,2020,2018,2018,2018,2141,2128,2134,2137,2983,2962,2980,3429,3417,3613,3739,3809,3734
2167,0.85731,0.85044,0.05194,0.05562,177.62,444,567,1464,1537,1452,1898,1179,1554,1620,1685,2020,2020,2021,2020,2018,2018,2018,2141,2128,2134,2137,2983,2962,2980,3429,3417,3613,3739,3809,3734
2168,0.85732,0.85048,0.05194,0.05562,177.7,444,567,1465,1538,1452,1898,1179,1554,1620,1685,2020,2020,2021,2020,2018,2018,2018,2141,2128,2134,2137,2983,2962,2980,3429,3417,3613,3739,3809,3734
2169,0.85733,0.85049,0.05194,0.05562,177.79,444,567,1465,1539,1453,1899,1179,1554,1620,1686,2020,2020,2021,2020,2018,2018,2018,2141,2128,2134,2137,2983,2962,2980,3429,3417,3613,3739,3809,3734
2170,0.85734,0.85051,0.05194,0.05561,177.88,444,568,1466,1539,1454,1900,1179,1555,1621,1686,2021,2020,2021,2020,2018,2018,2018,2141,2128,2134,2137,2983,2962,2980,3429,3417,3613,3739,3809,3734
2171,0.85735,0.85048,0.05194,0.05562,177.97,444,568,1466,1540,1454,1900,1179,1555,1621,1687,2021,2020,2021,2020,2018,2018,2018,2141,2128,2134,2137,2983,2962,2980,3429,3417,3613,3739,3809,3734
2172,0.85736,0.85053,0.05194,0.05561,178.05,444,568,1467,1540,1455,1901,1179,1555,1621,1687,2021,2020,2021,2020,2018,2018,2018,2141,2128,2134,2137,2983,2962,2980,3429,3417,3613,3738,3809,3734
2173,0.85737,0.85052,0.05193,0.05561,178.13,444,568,1467,1541,1455,1902,1179,1555,1621,1688,2021,2020,2021,2020,2018,2018,2018,2141,2128,2134,2137,2983,2962,2980,3429,3417,3613,3738,3809,3734
2174,0.85737,0.85057,0.05193,0.0556,178.23,444,568,1468,1541,1456,1902,1179,1556,1622,1688,2021,2020,2021,2020,2018,2018,2018,2141,2128,2134,2137,2983,2962,2980,3429,3417,3613,3738,3809,3734
2175,0.85738,0.85052,0.05193,0.05561,178.31,444,568,1468,1542,1456,1903,1179,1556,1622,1689,2021,2020,2021,2020,2018,2018,2018,2141,2128,2134,2137,2983,2962,2980,3429,3417,3613,3738,3809,3734
2176,0.85739,0.85058,0.05193,0.0556,178.39,444,569,1468,1542,1457,1904,1179,1556,1622,1689,2021,2020,2021,2020,2018,2018,2018,2141,2128,2134,2137,2983,2962,2980,3429,3417,3613,3738,3809,3734
2177,0.8574,0.85051,0.05193,0.05561,178.48,444,569,1469,1543,1457,1904,1179,1557,1622,1690,2021,2020,2020,2020,2018,2018,2018,2141,2128,2134,2137,2983,2962,2980,3429,3417,3613,3738,3809,3734
2178,0.8574,0.85062,0.05193,0.05559,178.56,444,569,1469,1544,1458,1905,1179,1557,1623,1690,2021,2020,2020,2020,2018,2018,2018,2141,2128,2134,2137,2983,2962,2980,3429,3417,3613,3738,3809,3734
2179,0.8574,0.85054,0.05193,0.0556,178.64,444,569,1470,1544,1459,1906,1179,1557,1623,1691,2021,2020,2020,2020,2018,2018,2018,2141,2128,2134,2137,2983,2962,2980,3429,3417,3613,3738,3809,3734
2180,0.8574,0.85067,0.05193,0.05558,178.74,444,569,1470,1545,1459,1906,1179,1557,1623,1692,2021,2020,2020,2020,2018,2018,2018,2141,2128,2134,2137,2983,2962,2980,3429,3417,3613,3738,3809,3734
2181,0.8574,0.85051,0.05193,0.05561,178.85,444,569,1471,1545,1460,1907,1179,1558,1624,1692,2021,2020,2020,2020,2018,2018,2018,2141,2128,2134,2137,2983,2962,2980,3429,3417,3613,3738,3809,3734
2182,0.85739,0.85068,0.05193,0.05558,178.93,444,570,1471,1546,1460,1908,1179,1558,1624,1693,2021,2020,2021,2020,2018,2018,2018,2141,2128,2134,2137,2983,2962,2980,3429,3417,3613,3738,3809,3734
2183,0.85737,0.85046,0.05193,0.05562,179.02,444,570,1472,1546,1461,1908,1179,1558,1624,1693,2021,2020,2021,2020,2018,2018,2018,2141,2128,2134,2137,2983,2962,2980,3429,3417,3613,3738,3809,3734
2184,0.85734,0.85068,0.05194,0.05558,179.12,444,570,1472,1547,1461,1909,1179,1558,1624,1694,2021,2020,2021,2020,2018,2018,2018,2141,2128,2134,2137,2983,2962,2980,3429,3417,3613,3738,3809,3734
2185,0.8573,0.85036,0.05195,0.05564,179.21,444,570,1472,1547,1462,1910,1179,1558,1625,1694,2021,2020,2021,2020,2018,2018,2018,2141,2128,2134,2137,2983,2962,2980,3429,3417,3613,3738,3809,3734
2186,0.85726,0.85066,0.05195,0.05558,179.3,444,570,1473,1548,1462,1910,1179,1559,1625,1695,2021,2020,2021,2020,2018,2018,2018,2141,2128,2134,2137,2983,2962,2980,3429,3417,3613,3738,3809,3734
2187,0.85718,0.85023,0.05197,0.05566,179.39,444,570,1473,1548,1463,1911,1179,1559,1625,1695,2021,2020,2021,2020,2018,2018,2018,2141,2128,2134,2137,2983,2962,2980,3429,3417,3613,3738,3809,3734
2188,0.8571,0.85063,0.05198,0.05559,179.46,444,571,1474,1549,1464,1912,1179,1559,1626,1696,2021,2020,2021,2020,2018,2018,2018,2141,2128,2134,2137,2983,2962,2980,3429,3417,3613,3738,3809,3734
2189,0.85699,0.85002,0.052,0.0557,179.56,444,571,1474,1550,1464,1912,1179,1559,1626,1697,2021,2020,2021,2020,2018,2018,2018,2141,2128,2134,2137,2983,2962,2980,3429,3417,3613,3738,3809,3734
2190,0.85689,0.8505,0.05202,0.05561,179.65,444,571,1475,1550,1465,1913,1179,1560,1626,1697,2021,2020,2021,2020,2018,2018,2018,2141,2128,2134,2137,2983,2962,2980,3429,3417,3613,3738,3809,3734
2191,0.85681,0.84979,0.05204,0.05574,179.73,444,571,1475,1551,1465,1914,1179,1560,1627,1698,2021,2020,2020,2020,2018,2018,2018,2141,2128,2134,2137,2983,2962,2980,3428,3417,3613,3738,3809,3734
2192,0.85678,0.85044,0.05204,0.05562,179.82,444,571,1475,1551,1466,1915,1179,1560,1627,1698,2021,2020,2021,2020,2018,2018,2018,2141,2128,2134,2137,2983,2962,2980,3429,3417,3613,3738,3809,3734
2193,0.85684,0.84983,0.05203,0.05574,179.9,444,572,1476,1552,1466,1915,1179,1561,1627,1699,2021,2020,2021,2020,2018,2018,2018,2141,2128,2134,2137,2983,2962,2980,3428,3417,3613,3738,3809,3734
2194,0.85699,0.85059,0.052,0.0556,179.98,444,572,1476,1552,1467,1916,1179,1561,1627,1699,2021,2020,2021,2020,2018,2018,2018,2141,2128,2134,2137,2983,2962,2980,3429,3417,3613,3738,3809,3734
2195,0.85722,0.85029,0.05196,0.05565,180.06,444,572,1477,1553,1467,1916,1179,1561,1628,1700,2021,2020,2021,2020,2018,2018,2018,2141,2128,2134,2137,2983,2962,2980,3428,3417,3613,3738,3809,3734
2196,0.85744,0.85086,0.05192,0.05555,180.15,444,572,1477,1553,1468,1917,1179,1561,1628,1700,2021,2020,2021,2020,2019,2018,2018,2141,2128,2134,2137,2983,2962,2980,3429,3417,3613,3738,3809,3734
2197,0.85757,0.85079,0.0519,0.05556,180.24,444,572,1478,1554,1468,1918,1179,1562,1628,1701,2021,2020,2020,2020,2019,2018,2018,2141,2128,2134,2137,2983,2962,2980,3429,3417,3613,3738,3809,3734
2198,0.85759,0.85085,0.05189,0.05555,180.33,444,572,1478,1554,1469,1918,1179,1562,1629,1701,2021,2020,2020,2020,2019,2018,2018,2141,2128,2134,2137,2983,2962,2980,3429,3417,3613,3738,3809,3734
2199,0.85752,0.85096,0.05191,0.05553,180.4,444,573,1478,1555,1469,1919,1179,1562,1629,1702,2020,2020,2020,2020,2019,2018,2018,2141,2128,2134,2137,2983,2962,2980,3429,3417,3613,3738,3809,3734
2200,0.85741,0.85057,0.05193,0.0556,180.49,444,573,1479,1555,1470,1919,1179,1562,1629,1702,2020,2020,2020,2019,2019,2018,2018,2141,2128,2134,2137,2983,2962,2980,3429,3417,3613,3738,3809,3734
2201,0.85732,0.85083,0.05194,0.05555,180.58,444,573,1479,1556,1471,1920,1179,1563,1630,1703,2020,2020,2020,2020,2019,2018,2018,2141,2128,2134,2137,2983,2962,2980,3429,3417,3613,3738,3809,3734
2202,0.85727,0.85036,0.05195,0.05564,180.67,444,573,1480,1557,1471,1921,1179,1563,1630,1703,2020,2020,2020,2019,2019,2018,2018,2141,2128,2133,2137,2983,2962,2980,3429,3417,3613,3738,3809,3734
2203,0.85728,0.85083,0.05195,0.05555,180.77,444,573,1480,1557,1472,1921,1179,1563,1630,1704,2021,2020,2020,2019,2019,2018,2018,2141,2128,2134,2137,2983,2962,2980,3429,3417,3613,3738,3809,3734
2204,0.85736,0.85047,0.05194,0.05562,180.86,444,573,1480,1558,1472,1922,1179,1564,1630,1704,2021,2020,2021,2019,2019,2018,2018,2141,2128,2133,2137,2983,2962,2980,3429,3417,3613,3738,3809,3734
2205,0.85748,0.8509,0.05191,0.05554,180.94,444,574,1481,1558,1473,1922,1179,1564,1631,1705,2021,2021,2021,2019,2019,2018,2018,2141,2128,2134,2137,2983,2962,2980,3429,3417,3613,3738,3809,3734
2206,0.85759,0.85071,0.05189,0.05557,181.03,444,574,1481,1559,1473,1923,1179,1564,1631,1705,2021,2020,2021,2019,2019,2018,2018,2141,2128,2134,2137,2983,2962,2980,3428,3417,3613,3738,3809,3734
2207,0.85766,0.85092,0.05188,0.05553,181.11,444,574,1482,1559,1474,1923,1179,1564,1631,1706,2021,2020,2021,2019,2019,2018,2018,2141,2128,2134,2137,2983,2962,2980,3428,3417,3613,3738,3809,3734
2208,0.85768,0.85095,0.05188,0.05553,181.21,444,574,1482,1560,1474,1923,1179,1565,1632,1706,2021,2020,2021,2019,2019,2018,2018,2141,2128,2134,2137,2983,2962,2980,3429,3417,3613,3738,3809,3734
2209,0.85766,0.85086,0.05188,0.05555,181.3,444,574,1483,1560,1475,1924,1179,1565,1632,1707,2021,2020,2021,2019,2019,2018,2018,2141,2128,2134,2137,2983,2962,2980,3429,3417,3613,3738,3809,3734
2210,0.85762,0.85101,0.05189,0.05552,181.37,444,575,1483,1561,1475,1924,1179,1565,1632,1707,2021,2020,2020,2019,2019,2018,2018,2141,2128,2134,2137,2983,2962,2980,3429,3417,3613,3738,3809,3734
2211,0.85758,0.85075,0.0519,0.05557,181.46,444,575,1483,1561,1476,1925,1179,1565,1633,1708,2021,2020,2020,2019,2018,2018,2018,2141,2128,2134,2137,2983,2962,2980,3429,3417,3613,3738,3809,3734
2212,0.85758,0.85104,0.0519,0.05551,181.55,444,575,1484,1562,1476,1925,1179,1566,1633,1709,2021,2020,2020,2020,2018,2018,2018,2141,2128,2134,2137,2983,2962,2980,3429,3417,3613,3738,3809,3734
2213,0.85759,0.8508,0.05189,0.05556,181.63,444,575,1484,1562,1477,1925,1179,1566,1633,1709,2020,2020,2020,2020,2018,2018,2018,2141,2128,2134,2137,2983,2962,2980,3429,3417,3613,3738,3809,3734
2214,0.85764,0.85108,0.05188,0.0555,181.71,444,575,1485,1563,1478,1926,1179,1566,1633,1710,2020,2020,2020,2020,2018,2018,2018,2141,2128,2134,2137,2983,2962,2980,3429,3417,3613,3738,3809,3734
2215,0.85769,0.8509,0.05188,0.05554,181.79,444,575,1485,1563,1478,1926,1179,1566,1634,1710,2020,2020,2020,2020,2018,2018,2018,2141,2128,2134,2137,2983,2962,2980,3429,3417,3613,3738,3809,3734
2216,0.85774,0.85105,0.05187,0.05551,181.88,444,576,1486,1564,1479,1926,1179,1566,1634,1711,2020,2020,2020,2020,2018,2018,2018,2141,2128,2134,2137,2983,2962,2980,3429,3417,3613,3738,3809,3734
2217,0.85776,0.85102,0.05186,0.05552,181.97,444,576,1486,1565,1479,1927,1179,1567,1634,1711,2021,2020,2020,2020,2018,2018,2018,2141,2128,2134,2137,2983,2962,2980,3429,3417,3613,3738,3809,3734
2218,0.85777,0.85104,0.05186,0.05551,182.06,444,576,1486,1565,1480,1927,1179,1567,1635,1712,2021,2020,2021,2020,2018,2018,2018,2141,2128,2134,2137,2983,2962,2980,3429,3417,3613,3738,3809,3734
2219,0.85776,0.8511,0.05186,0.0555,182.14,444,576,1487,1566,1480,1927,1179,1567,1635,1712,2021,2020,2021,2020,2018,2018,2018,2141,2128,2134,2137,2983,2962,2980,3429,3417,3613,3738,3809,3734
2220,0.85775,0.85095,0.05186,0.05553,182.23,444,576,1487,1566,1481,1927,1179,1567,1635,1713,2021,2020,2020,2020,2018,2018,2018,2141,2128,2134,2137,2983,2962,2980,3429,3417,3613,3738,3809,3734
2221,0.85774,0.8511,0.05187,0.0555,182.32,444,577,1488,1567,1481,1927,1179,1568,1636,1713,2021,2020,2020,2020,2018,2018,2018,2141,2128,2134,2137,2983,2962,2980,3429,3417,3613,3738,3809,3734
2222,0.85775,0.85095,0.05187,0.05553,182.4,444,577,1488,1567,1482,1928,1179,1568,1636,1714,2021,2020,2020,2020,2018,2018,2018,2141,2128,2134,2137,2983,2962,2980,3429,3417,3613,3738,3809,3734
2223,0.85776,0.85117,0.05186,0.05549,182.47,444,577,1489,1568,1482,1928,1179,1568,1636,1714,2021,2020,2020,2020,2018,2018,2018,2141,2128,2134,2137,2983,2962,2980,3429,3417,3613,3738,3809,3734
2224,0.85778,0.85105,0.05186,0.05551,182.56,444,577,1489,1568,1483,1928,1179,1568,1636,1715,2021,2020,2020,2020,2018,2018,2018,2141,2128,2134,2137,2983,2962,2980,3429,3417,3613,3738,3809,3734
2225,0.85781,0.85121,0.05185,0.05548,182.65,444,577,1489,1569,1484,1928,1179,1569,1637,1715,2021,2020,2020,2020,2018,2018,2018,2141,2128,2134,2137,2983,2962,2980,3429,3417,3613,3738,3809,3734
2226,0.85783,0.85113,0.05185,0.0555,182.73,444,577,1490,1569,1484,1928,1179,1569,1637,1716,2021,2020,2020,2020,2018,2018,2018,2141,2128,2134,2137,2983,2962,2980,3429,3417,3613,3738,3809,3734
2227,0.85785,0.85121,0.05185,0.05548,182.82,444,578,1490,1570,1485,1928,1179,1569,1637,1716,2021,2020,2020,2020,2018,2018,2018,2141,2128,2134,2137,2983,2962,2980,3429,3417,3613,3738,3809,3734
2228,0.85786,0.85121,0.05184,0.05548,182.92,444,578,1491,1570,1485,1928,1179,1569,1638,1717,2021,2020,2020,2020,2018,2018,2018,2141,2128,2134,2137,2983,2962,2980,3429,3417,3613,3738,3809,3734
2229,0.85787,0.85121,0.05184,0.05548,183.01,444,578,1491,1571,1486,1928,1179,1570,1638,1717,2021,2020,2020,2020,2018,2018,2018,2141,2128,2134,2137,2983,2962,2980,3429,3417,3613,3738,3809,3734
2230,0.85787,0.85123,0.05184,0.05548,183.09,443,578,1492,1572,1486,1929,1179,1570,1638,1718,2021,2020,2020,2020,2018,2018,2018,2141,2128,2134,2137,2983,2962,2980,3429,3417,3613,3738,3809,3734
2231,0.85787,0.85116,0.05184,0.05549,183.18,443,578,1492,1572,1487,1929,1179,1570,1639,1718,2020,2020,2020,2020,2018,2018,2018,2141,2128,2134,2137,2983,2962,2980,3429,3417,3613,3738,3809,3734
2232,0.85788,0.85125,0.05184,0.05547,183.27,443,578,1492,1573,1487,1929,1179,1570,1639,1719,2020,2020,2020,2020,2018,2018,2018,2141,2128,2134,2137,2983,2962,2980,3429,3417,3613,3738,3809,3734
2233,0.85788,0.85119,0.05184,0.05548,183.35,443,579,1493,1573,1488,1929,1179,1570,1639,1719,2020,2020,2020,2020,2018,2018,2018,2141,2128,2134,2137,2983,2962,2980,3429,3417,3613,3738,3809,3734
2234,0.85789,0.85133,0.05184,0.05546,183.43,443,579,1493,1574,1488,1929,1179,1571,1640,1720,2021,2020,2020,2020,2018,2018,2018,2141,2128,2134,2137,2983,2962,2980,3429,3417,3613,3738,3809,3734
2235,0.8579,0.85123,0.05184,0.05548,183.53,443,579,1494,1574,1489,1929,1179,1571,1640,1720,2021,2020,2020,2020,2018,2018,2018,2141,2128,2134,2137,2983,2962,2980,3429,3417,3613,3738,3809,3734
2236,0.85791,0.85134,0.05184,0.05546,183.61,443,579,1494,1575,1489,1929,1179,1571,1640,1721,2021,2020,2020,2020,2018,2018,2018,2141,2128,2134,2137,2983,2962,2980,3429,3417,3613,3738,3809,3734
2237,0.85791,0.85123,0.05183,0.05548,183.69,443,579,1495,1575,1490,1929,1179,1571,1641,1721,2021,2020,2020,2020,2018,2018,2018,2141,2128,2134,2137,2983,2962,2980,3429,3417,3613,3738,3809,3734
2238,0.85792,0.85136,0.05183,0.05545,183.78,443,579,1495,1576,1491,1929,1179,1571,1641,1722,2021,2020,2020,2020,2018,2018,2018,2141,2128,2134,2137,2983,2962,2980,3429,3417,3613,3738,3809,3734
2239,0.85793,0.85126,0.05183,0.05547,183.86,443,580,1495,1576,1491,1929,1179,1572,1641,1722,2021,2020,2020,2020,2018,2018,2018,2141,2128,2134,2137,2983,2962,2980,3429,3417,3613,3738,3809,3734
2240,0.85795,0.85136,0.05183,0.05545,183.94,443,580,1496,1577,1492,1929,1179,1572,1642,1723,2021,2020,2020,2020,2018,2018,2018,2141,2128,2134,2137,2983,2962,2980,3429,3417,3613,3738,3809,3734
2241,0.85796,0.85127,0.05183,0.05547,184.02,443,580,1496,1577,1492,1929,1179,1572,1642,1723,2021,2020,2020,2020,2018,2018,2018,2141,2128,2134,2137,2983,2962,2980,3429,3417,3613,3738,3809,3734
2242,0.85796,0.85138,0.05183,0.05545,184.11,443,580,1497,1578,1493,1929,1179,1572,1642,1724,2021,2020,2020,2020,2018,2018,2018,2141,2128,2134,2137,2983,2962,2980,3429,3417,3613,3738,3809,3734
2243,0.85797,0.85132,0.05182,0.05546,184.2,443,580,1497,1578,1493,1929,1179,1573,1643,1724,2021,2020,2020,2020,2018,2018,2018,2141,2128,2134,2137,2983,2962,2980,3429,3417,3613,3738,3809,3734
2244,0.85798,0.85145,0.05182,0.05544,184.28,443,581,1498,1579,1494,1929,1179,1573,1643,1725,2021,2020,2020,2020,2018,2018,2018,2141,2128,2134,2137,2983,2962,2980,3429,3417,3613,3738,3809,3734
2245,0.85798,0.85135,0.05182,0.05545,184.37,443,581,1498,1579,1494,1929,1179,1573,1643,1725,2021,2020,2020,2020,2018,2018,2018,2141,2128,2134,2137,2983,2962,2980,3429,3417,3613,3738,3809,3734
2246,0.85799,0.85147,0.05182,0.05543,184.45,443,581,1498,1580,1495,1929,1179,1573,1644,1726,2021,2020,2020,2020,2018,2018,2018,2141,2128,2134,2137,2983,2962,2980,3429,3417,3613,3738,3809,3734
2247,0.85798,0.85132,0.05182,0.05546,184.54,443,581,1499,1581,1495,1929,1179,1574,1644,1726,2020,2020,2020,2020,2018,2018,2018,2141,2128,2134,2137,2983,2962,2980,3429,3417,3613,3738,3809,3734
2248,0.85798,0.85146,0.05182,0.05543,184.62,443,581,1499,1581,1496,1929,1179,1574,1644,1727,2020,2020,2020,2020,2018,2018,2018,2141,2128,2134,2137,2983,2962,2980,3429,3417,3613,3738,3809,3734
2249,0.85797,0.85125,0.05182,0.05547,184.71,443,582,1500,1582,1496,1929,1179,1574,1645,1727,2020,2020,2020,2020,2018,2018,2018,2141,2128,2134,2137,2983,2962,2980,3429,3417,3613,3738,3809,3734
2250,0.85795,0.85146,0.05183,0.05543,184.8,443,582,1500,1582,1497,1929,1179,1574,1645,1728,2020,2020,2020,2020,2018,2018,2018,2141,2128,2134,2137,2983,2962,2980,3429,3417,3613,3738,3809,3734
2251,0.85792,0.85121,0.05183,0.05548,184.88,443,582,1501,1583,1498,1928,1179,1575,1645,1728,2021,2020,2020,2020,2018,2018,2018,2141,2128,2134,2137,2983,2962,2980,3429,3417,3613,3738,3809,3734
2252,0.85788,0.85147,0.05184,0.05543,184.96,443,582,1501,1583,1498,1928,1179,1575,1646,1729,2021,2020,2020,2020,2018,2018,2018,2141,2128,2134,2137,2983,2962,2980,3429,3417,3613,3738,3809,3734
2253,0.85781,0.8511,0.05185,0.0555,185.05,443,582,1501,1584,1499,1928,1179,1575,1646,1729,2021,2020,2020,2020,2018,2018,2018,2141,2128,2134,2137,2983,2962,2980,3429,3417,3613,3738,3809,3734
2254,0.85774,0.85142,0.05187,0.05544,185.14,443,583,1502,1584,1499,1928,1179,1575,1646,1730,2021,2020,2020,2020,2018,2018,2018,2141,2128,2134,2137,2983,2962,2980,3429,3417,3613,3738,3809,3734
2255,0.85763,0.85086,0.05189,0.05555,185.24,443,583,1502,1585,1500,1928,1179,1576,1647,1731,2021,2020,2020,2020,2018,2018,2018,2141,2128,2134,2137,2983,2962,2980,3429,3417,3613,3738,3809,3734
2256,0.8575,0.85127,0.05191,0.05547,185.33,443,583,1503,1585,1500,1928,1179,1576,1647,1731,2021,2020,2020,2020,2018,2018,2018,2141,2128,2134,2137,2983,2962,2980,3429,3417,3613,3738,3809,3734
2257,0.85737,0.85058,0.05193,0.0556,185.42,443,583,1503,1586,1501,1928,1179,1576,1647,1732,2021,2020,2020,2020,2018,2018,2018,2141,2128,2134,2137,2983,2962,2980,3429,3417,3613,3738,3809,3734
2258,0.8573,0.85113,0.05195,0.0555,185.5,443,583,1504,1586,1501,1928,1179,1576,1647,1732,2021,2020,2021,2020,2018,2018,2018,2141,2128,2134,2137,2983,2962,2980,3429,3417,3613,3738,3809,3734
2259,0.8573,0.85049,0.05195,0.05562,185.6,443,583,1504,1587,1502,1928,1179,1577,1648,1733,2021,2020,2020,2020,2018,2018,2018,2141,2128,2134,2137,2983,2962,2980,3428,3417,3613,3738,3809,3734
2260,0.85745,0.85124,0.05192,0.05547,185.68,443,584,1504,1587,1502,1928,1179,1577,1648,1733,2021,2020,2021,2020,2018,2018,2018,2141,2128,2134,2137,2983,2962,2980,3429,3417,3613,3738,3809,3734
2261,0.85768,0.85093,0.05188,0.05553,185.77,443,584,1505,1588,1503,1928,1179,1577,1648,1734,2021,2020,2020,2020,2018,2018,2018,2141,2128,2134,2137,2983,2962,2980,3428,3417,3613,3738,3809,3734
2262,0.85794,0.85159,0.05183,0.05541,185.85,443,584,1505,1588,1503,1928,1179,1577,1649,1734,2021,2020,2020,2020,2018,2018,2018,2141,2128,2134,2137,2983,2962,2980,3429,3417,3613,3738,3809,3734
2263,0.85811,0.85152,0.0518,0.05542,185.93,443,584,1506,1589,1504,1928,1179,1578,1649,1735,2020,2020,2020,2019,2018,2018,2018,2141,2128,2134,2137,2983,2962,2980,3429,3417,3613,3738,3809,3734
2264,0.85816,0.85162,0.05179,0.05541,186.01,443,584,1506,1589,1504,1928,1179,1578,1649,1735,2020,2020,2020,2019,2018,2018,2018,2141,2128,2134,2137,2983,2962,2980,3429,3417,3613,3738,3809,3734
2265,0.8581,0.85167,0.0518,0.0554,186.09,443,585,1507,1590,1505,1928,1179,1578,1650,1736,2020,2020,2020,2019,2018,2018,2018,2141,2128,2134,2137,2983,2962,2980,3429,3417,3613,3738,3809,3734
2266,0.85797,0.85129,0.05182,0.05547,186.18,443,585,1507,1590,1506,1928,1179,1578,1650,1736,2020,2020,2020,2019,2018,2018,2018,2141,2128,2134,2137,2983,2962,2980,3429,3417,3613,3738,3809,3734
2267,0.85784,0.85157,0.05185,0.05541,186.28,443,585,1507,1591,1506,1928,1179,1579,1650,1737,2020,2020,2020,2019,2018,2018,2018,2141,2128,2134,2137,2983,2962,2980,3429,3417,3613,3738,3809,3734
2268,0.85775,0.85109,0.05186,0.0555,186.36,443,585,1508,1591,1507,1928,1179,1579,1651,1737,2020,2020,2020,2019,2018,2018,2018,2141,2128,2133,2137,2983,2962,2980,3429,3417,3613,3738,3809,3734
2269,0.85775,0.85155,0.05186,0.05542,186.45,443,585,1508,1592,1507,1928,1179,1579,1651,1738,2021,2020,2020,2019,2018,2018,2018,2141,2128,2134,2137,2983,2962,2980,3429,3417,3613,3738,3809,3734
2270,0.85782,0.85116,0.05185,0.05549,186.53,443,585,1509,1593,1508,1928,1179,1580,1651,1738,2021,2020,2020,2019,2018,2018,2018,2141,2128,2133,2137,2983,2962,2980,3429,3417,3613,3738,3809,3734
2271,0.85795,0.85167,0.05183,0.0554,186.62,443,586,1509,1593,1508,1928,1179,1580,1652,1739,2021,2020,2021,2019,2018,2018,2018,2141,2128,2134,2137,2983,2962,2980,3429,3417,3613,3738,3809,3734
2272,0.8581,0.85151,0.0518,0.05543,186.71,443,586,1510,1594,1509,1928,1179,1580,1652,1739,2021,2020,2021,2019,2018,2018,2018,2141,2128,2134,2137,2983,2962,2980,3428,3417,3613,3738,3809,3734
2273,0.8582,0.85177,0.05178,0.05538,186.8,443,586,1510,1594,1509,1928,1179,1580,1652,1740,2021,2020,2021,2019,2018,2018,2018,2141,2128,2134,2137,2983,2962,2980,3428,3417,3613,3738,3809,3734
2274,0.85824,0.85171,0.05177,0.05539,186.89,443,586,1510,1595,1510,1928,1179,1581,1653,1740,2021,2020,2021,2019,2018,2018,2018,2141,2128,2134,2137,2983,2962,2980,3428,3417,3613,3738,3809,3734
2275,0.85822,0.85163,0.05178,0.0554,186.98,443,586,1511,1595,1510,1928,1179,1581,1653,1741,2021,2020,2020,2019,2018,2018,2018,2141,2128,2134,2137,2983,2962,2980,3429,3417,3613,3738,3809,3734
2276,0.85817,0.85178,0.05179,0.05537,187.07,443,587,1511,1596,1511,1928,1179,1581,1653,1741,2021,2020,2020,2019,2018,2018,2018,2141,2128,2134,2137,2983,2962,2980,3429,3417,3613,3738,3809,3734
2277,0.85813,0.85156,0.0518,0.05542,187.15,443,587,1512,1596,1511,1928,1179,1582,1654,1742,2020,2020,2020,2019,2018,2018,2018,2141,2128,2134,2137,2983,2962,2980,3429,3417,3613,3738,3809,3734
2278,0.85812,0.85183,0.0518,0.05537,187.24,443,587,1512,1597,1512,1928,1179,1582,1654,1742,2020,2020,2020,2019,2018,2018,2018,2141,2128,2134,2137,2983,2962,2980,3429,3417,3613,3738,3809,3734
2279,0.85815,0.85158,0.05179,0.05541,187.34,443,587,1513,1597,1512,1928,1179,1582,1654,1743,2020,2020,2020,2019,2018,2018,2018,2141,2128,2134,2137,2983,2962,2980,3429,3417,3613,3738,3809,3734
2280,0.8582,0.85185,0.05178,0.05536,187.45,443,587,1513,1598,1513,1928,1179,1582,1655,1743,2020,2020,2020,2019,2018,2018,2018,2141,2128,2134,2137,2983,2962,2980,3429,3417,3613,3738,3809,3734
2281,0.85825,0.85172,0.05177,0.05539,187.54,443,587,1513,1598,1513,1928,1179,1582,1655,1744,2020,2020,2020,2019,2018,2018,2018,2141,2128,2134,2137,2983,2962,2980,3429,3417,3613,3738,3809,3734
2282,0.8583,0.85189,0.05176,0.05535,187.64,443,588,1514,1599,1514,1928,1179,1583,1655,1744,2020,2020,2020,2019,2018,2018,2018,2141,2128,2134,2137,2983,2962,2980,3429,3417,3613,3738,3809,3734
2283,0.85832,0.85186,0.05176,0.05536,187.73,443,588,1514,1599,1514,1928,1179,1583,1656,1745,2020,2020,2020,2019,2018,2018,2018,2141,2128,2134,2137,2983,2962,2980,3429,3417,3613,3738,3809,3734
2284,0.85833,0.85185,0.05176,0.05536,187.83,443,588,1515,1600,1515,1928,1179,1583,1656,1745,2021,2020,2020,2019,2018,2018,2018,2141,2128,2134,2137,2983,2962,2980,3429,3417,3613,3738,3809,3734
2285,0.85832,0.8519,0.05176,0.05535,187.92,443,588,1515,1600,1515,1928,1179,1583,1656,1746,2021,2020,2020,2019,2018,2018,2018,2141,2128,2134,2137,2983,2962,2980,3429,3417,3613,3738,3809,3734
2286,0.85831,0.85179,0.05176,0.05537,188.01,443,588,1516,1601,1516,1928,1179,1583,1657,1746,2021,2020,2020,2019,2018,2018,2018,2141,2128,2134,2137,2983,2962,2980,3429,3417,3613,3738,3809,3734
2287,0.8583,0.85195,0.05176,0.05534,188.1,443,589,1516,1601,1517,1928,1179,1584,1657,1747,2021,2020,2020,2020,2018,2018,2018,2141,2128,2134,2137,2983,2962,2980,3429,3417,3613,3738,3809,3734
2288,0.85831,0.85179,0.05176,0.05537,188.2,443,589,1516,1602,1517,1928,1179,1584,1657,1747,2021,2020,2020,2020,2018,2018,2018,2141,2128,2134,2137,2983,2962,2980,3429,3417,3613,3738,3809,3734
2289,0.85832,0.85194,0.05176,0.05534,188.29,443,589,1517,1602,1518,1928,1179,1584,1658,1748,2021,2020,2020,2020,2018,2018,2018,2141,2128,2134,2137,2983,2962,2980,3429,3417,3613,3738,3809,3734
2290,0.85834,0.85179,0.05176,0.05537,188.38,443,589,1517,1603,1518,1928,1179,1585,1658,1748,2020,2020,2020,2020,2018,2018,2018,2141,2128,2134,2137,2983,2962,2980,3429,3417,3613,3738,3809,3734
2291,0.85836,0.85197,0.05175,0.05534,188.48,443,589,1518,1603,1519,1928,1179,1585,1658,1749,2020,2020,2020,2020,2018,2018,2018,2141,2128,2134,2137,2983,2962,2980,3429,3417,3613,3738,3809,3734
2292,0.85838,0.85191,0.05175,0.05535,188.57,443,590,1518,1604,1519,1928,1179,1585,1659,1749,2020,2020,2020,2020,2018,2018,2018,2141,2128,2134,2137,2983,2962,2980,3429,3417,3613,3738,3809,3734
2293,0.8584,0.85203,0.05175,0.05533,188.68,443,590,1519,1604,1520,1928,1179,1585,1659,1750,2020,2020,2020,2020,2018,2018,2018,2141,2128,2134,2137,2983,2962,2980,3429,3417,3613,3738,3809,3734
2294,0.85842,0.852,0.05174,0.05533,188.76,443,590,1519,1605,1520,1928,1179,1585,1659,1750,2020,2020,2020,2020,2018,2018,2018,2141,2128,2134,2137,2983,2962,2980,3429,3417,3613,3738,3809,3734
2295,0.85843,0.85201,0.05174,0.05533,188.85,443,590,1519,1605,1521,1928,1179,1586,1660,1751,2020,2020,2020,2020,2018,2018,2018,2141,2128,2134,2137,2983,2962,2980,3429,3417,3613,3738,3809,3734
2296,0.85844,0.85203,0.05174,0.05533,188.93,443,590,1520,1606,1521,1928,1179,1586,1660,1751,2020,2020,2020,2020,2018,2018,2018,2141,2128,2134,2137,2983,2962,2980,3429,3417,3613,3738,3809,3734
2297,0.85844,0.852,0.05174,0.05533,189.01,442,590,1520,1606,1522,1928,1179,1586,1660,1752,2020,2020,2020,2020,2018,2018,2018,2141,2128,2134,2137,2983,2962,2980,3429,3417,3613,3738,3809,3734
2298,0.85844,0.85209,0.05174,0.05532,189.09,442,591,1521,1607,1522,1928,1179,1586,1661,1752,2020,2020,2020,2020,2018,2018,2018,2141,2128,2134,2137,2983,2962,2980,3429,3417,3613,3738,3809,3734
2299,0.85844,0.85201,0.05174,0.05533,189.18,442,591,1521,1607,1523,1928,1179,1586,1661,1753,2020,2020,2020,2020,2018,2018,2018,2141,2128,2134,2137,2983,2962,2980,3429,3417,3613,3738,3809,3734
2300,0.85845,0.85212,0.05174,0.05531,189.27,442,591,1522,1608,1523,1928,1179,1587,1661,1753,2021,2020,2020,2020,2018,2018,2018,2141,2128,2134,2137,2983,2962,2980,3429,3417,3613,3738,3809,3734
2301,0.85845,0.85201,0.05174,0.05533,189.35,442,591,1522,1608,1524,1928,1179,1587,1662,1754,2021,2020,2020,2020,2018,2018,2018,2141,2128,2134,2137,2983,2962,2980,3429,3417,3613,3738,3809,3734
2302,0.85846,0.85213,0.05173,0.05531,189.42,442,591,1522,1609,1524,1928,1179,1587,1662,1754,2021,2020,2020,2020,2018,2018,2018,2141,2128,2134,2137,2983,2962,2980,3429,3417,3613,3738,3809,3734
2303,0.85848,0.85204,0.05173,0.05533,189.51,442,592,1523,1609,1525,1928,1179,1588,1662,1755,2021,2020,2020,2020,2018,2018,2018,2141,2128,2134,2137,2983,2962,2980,3429,3417,3613,3738,3809,3734
2304,0.85849,0.85216,0.05173,0.0553,189.6,442,592,1523,1610,1525,1928,1179,1588,1663,1755,2020,2020,2020,2020,2018,2018,2018,2141,2128,2134,2137,2983,2962,2980,3429,3417,3613,3738,3809,3734
2305,0.8585,0.85208,0.05173,0.05532,189.69,442,592,1524,1610,1526,1928,1179,1588,1663,1756,2020,2020,2020,2020,2018,2018,2018,2141,2128,2134,2137,2983,2962,2980,3429,3417,3613,3738,3809,3734
2306,0.85852,0.85219,0.05172,0.0553,189.77,442,592,1524,1611,1526,1928,1179,1589,1663,1756,2020,2020,2020,2020,2018,2018,2018,2141,2128,2134,2137,2983,2962,2980,3429,3417,3613,3738,3809,3734
2307,0.85853,0.85213,0.05172,0.05531,189.84,442,592,1525,1611,1527,1928,1179,1589,1664,1757,2020,2020,2020,2020,2018,2018,2018,2141,2128,2134,2137,2983,2962,2980,3429,3417,3613,3738,3809,3734
2308,0.85855,0.85221,0.05172,0.05529,189.93,442,592,1525,1612,1527,1928,1179,1589,1664,1758,2020,2020,2020,2020,2018,2018,2018,2141,2128,2134,2137,2983,2962,2980,3429,3417,3613,3738,3809,3734
2309,0.85856,0.85219,0.05172,0.0553,190.04,442,593,1525,1612,1528,1928,1179,1589,1664,1758,2020,2020,2020,2020,2018,2018,2018,2141,2128,2134,2137,2983,2962,2980,3429,3417,3613,3738,3809,3734
2310,0.85857,0.85223,0.05171,0.05529,190.12,442,593,1526,1613,1528,1928,1179,1590,1665,1759,2020,2020,2020,2020,2018,2018,2018,2141,2128,2134,2137,2983,2962,2980,3429,3417,3613,3738,3809,3734
2311,0.85858,0.85222,0.05171,0.05529,190.21,442,593,1526,1613,1529,1928,1179,1590,1665,1759,2020,2020,2020,2020,2018,2018,2018,2141,2128,2134,2137,2983,2962,2980,3429,3417,3613,3738,3809,3734
2312,0.85859,0.85225,0.05171,0.05529,190.29,442,593,1527,1614,1529,1928,1179,1590,1665,1760,2020,2020,2020,2020,2018,2018,2018,2141,2128,2134,2137,2983,2962,2980,3429,3417,3613,3738,3809,3734
2313,0.8586,0.85227,0.05171,0.05528,190.37,442,593,1527,1614,1530,1928,1179,1591,1666,1760,2020,2020,2020,2020,2018,2018,2018,2141,2128,2134,2137,2983,2962,2980,3429,3417,3613,3738,3809,3734
2314,0.85861,0.85228,0.05171,0.05528,190.45,442,594,1528,1615,1530,1928,1179,1591,1666,1761,2021,2020,2020,2020,2018,2018,2018,2141,2128,2134,2137,2983,2962,2980,3429,3417,3613,3738,3809,3734
2315,0.85862,0.8523,0.05171,0.05528,190.54,442,594,1528,1615,1531,1928,1179,1591,1666,1761,2021,2020,2020,2020,2018,2018,2018,2141,2128,2134,2137,2983,2962,2980,3429,3417,3613,3738,3809,3734
2316,0.85863,0.8523,0.0517,0.05528,190.62,442,594,1529,1616,1531,1928,1179,1591,1667,1762,2020,2020,2020,2020,2018,2018,2018,2141,2128,2134,2137,2983,2962,2980,3429,3417,3613,3738,3809,3734
2317,0.85864,0.85233,0.0517,0.05527,190.7,442,594,1529,1616,1532,1928,1179,1592,1667,1762,2020,2020,2020,2020,2018,2018,2018,2141,2128,2134,2137,2983,2962,2980,3429,3417,3613,3738,3809,3734
2318,0.85865,0.85233,0.0517,0.05527,190.78,441,594,1529,1617,1533,1928,1179,1592,1667,1763,2020,2020,2020,2020,2018,2018,2018,2141,2128,2134,2137,2983,2962,2980,3429,3417,3613,3738,3809,3734
2319,0.85866,0.85237,0.0517,0.05526,190.87,441,595,1530,1617,1533,1928,1179,1592,1668,1763,2020,2020,2020,2020,2018,2018,2018,2141,2128,2134,2137,2983,2962,2980,3429,3417,3613,3738,3809,3734
2320,0.85867,0.85235,0.0517,0.05527,190.96,441,595,1530,1618,1534,1928,1179,1592,1668,1764,2020,2020,2020,2020,2018,2018,2018,2141,2128,2134,2137,2983,2962,2980,3429,3417,3613,3738,3809,3734
2321,0.85867,0.85242,0.0517,0.05526,191.05,441,595,1531,1618,1534,1928,1179,1593,1668,1764,2020,2020,2020,2020,2018,2018,2018,2141,2128,2134,2137,2983,2962,2980,3429,3417,3613,3738,3809,3734
2322,0.85868,0.85236,0.0517,0.05527,191.14,441,595,1531,1619,1535,1928,1179,1593,1668,1765,2020,2020,2020,2020,2018,2018,2018,2141,2128,2134,2137,2983,2962,2980,3429,3417,3613,3738,3809,3734
2323,0.85868,0.85245,0.05169,0.05525,191.23,441,595,1532,1619,1535,1928,1179,1593,1669,1765,2020,2020,2020,2020,2018,2018,2018,2141,2128,2134,2137,2983,2962,2980,3429,3417,3613,3738,3809,3734
2324,0.85867,0.85234,0.0517,0.05527,191.31,441,596,1532,1620,1536,1928,1179,1594,1669,1766,2020,2020,2020,2020,2018,2018,2018,2141,2128,2134,2137,2983,2962,2980,3429,3417,3613,3738,3809,3734
2325,0.85867,0.85247,0.0517,0.05525,191.38,441,596,1532,1620,1536,1928,1179,1594,1669,1766,2020,2020,2020,2020,2018,2018,2018,2141,2128,2134,2137,2983,2962,2980,3429,3417,3613,3738,3809,3734
2326,0.85865,0.85231,0.0517,0.05528,191.46,441,596,1533,1621,1537,1928,1179,1594,1670,1767,2020,2020,2020,2020,2018,2018,2018,2141,2128,2134,2137,2983,2962,2980,3429,3417,3613,3738,3809,3734
2327,0.85862,0.85248,0.0517,0.05524,191.54,441,596,1533,1621,1537,1928,1179,1594,1670,1767,2020,2020,2020,2020,2018,2018,2018,2141,2128,2134,2137,2983,2962,2980,3429,3417,3613,3738,3809,3734
2328,0.85857,0.85219,0.05172,0.0553,191.64,441,596,1534,1622,1538,1928,1179,1594,1670,1768,2020,2020,2020,2020,2018,2018,2018,2141,2128,2134,2137,2983,2962,2980,3429,3417,3613,3738,3809,3734
2329,0.85848,0.85242,0.05173,0.05526,191.71,441,597,1534,1622,1538,1928,1179,1595,1671,1768,2020,2020,2020,2020,2018,2018,2018,2141,2128,2134,2137,2983,2962,2980,3429,3417,3613,3738,3809,3734
2330,0.85833,0.8519,0.05176,0.05535,191.8,441,597,1535,1623,1539,1928,1179,1595,1671,1769,2020,2020,2020,2020,2018,2018,2018,2141,2128,2134,2137,2983,2962,2980,3429,3417,3613,3738,3809,3734
2331,0.85812,0.85216,0.0518,0.0553,191.88,441,597,1535,1623,1539,1928,1179,1595,1671,1769,2020,2020,2020,2020,2018,2018,2018,2141,2128,2134,2137,2983,2962,2980,3429,3417,3613,3738,3809,3734
2332,0.85785,0.85138,0.05185,0.05545,191.96,441,597,1535,1624,1540,1928,1179,1596,1672,1770,2020,2020,2020,2020,2018,2018,2018,2141,2128,2134,2137,2983,2962,2980,3429,3417,3613,3738,3809,3734
2333,0.85758,0.8518,0.0519,0.05537,192.05,441,597,1536,1624,1540,1928,1179,1596,1672,1770,2021,2020,2020,2020,2018,2018,2018,2141,2128,2134,2137,2983,2962,2980,3429,3417,3613,3738,3809,3734
2334,0.85734,0.85083,0.05194,0.05555,192.13,441,598,1536,1625,1541,1928,1179,1596,1672,1771,2020,2020,2020,2020,2018,2017,2018,2141,2128,2134,2137,2983,2962,2980,3428,3417,3613,3738,3809,3734
2335,0.85737,0.85162,0.05193,0.0554,192.21,441,598,1537,1625,1541,1928,1179,1596,1673,1771,2021,2021,2021,2020,2018,2018,2018,2141,2128,2134,2137,2983,2962,2980,3428,3417,3613,3738,3809,3734
2336,0.85768,0.85117,0.05188,0.05549,192.29,441,598,1537,1626,1542,1928,1179,1597,1673,1772,2021,2020,2020,2019,2018,2017,2017,2141,2128,2134,2137,2983,2962,2980,3428,3417,3613,3738,3809,3734
2337,0.85823,0.85227,0.05178,0.05528,192.37,441,598,1538,1626,1542,1928,1179,1597,1673,1772,2021,2021,2021,2019,2018,2018,2018,2142,2128,2134,2137,2983,2962,2980,3428,3417,3613,3738,3809,3734
2338,0.85868,0.85236,0.05169,0.05527,192.45,441,598,1538,1627,1543,1928,1179,1597,1674,1773,2021,2020,2020,2019,2018,2017,2017,2141,2128,2134,2137,2983,2962,2980,3428,3417,3613,3738,3809,3734
2339,0.85881,0.85259,0.05167,0.05522,192.54,441,599,1539,1627,1543,1928,1179,1598,1674,1773,2020,2020,2020,2019,2018,2017,2018,2141,2128,2134,2137,2983,2962,2980,3429,3417,3613,3738,3809,3734
2340,0.85862,0.85262,0.05171,0.05522,192.62,441,599,1539,1628,1544,1928,1179,1598,1674,1774,2020,2020,2020,2019,2018,2017,2018,2141,2128,2134,2137,2983,2962,2980,3429,3417,3613,3738,3809,3734
2341,0.8583,0.85196,0.05176,0.05534,192.7,441,599,1539,1628,1544,1928,1179,1598,1675,1774,2020,2020,2020,2019,2018,2017,2017,2141,2128,2134,2137,2983,2962,2980,3429,3417,3613,3738,3808,3734
2342,0.85808,0.85228,0.05181,0.05528,192.78,441,599,1540,1629,1545,1928,1179,1598,1675,1775,2020,2020,2020,2019,2018,2018,2018,2141,2128,2134,2137,2983,2962,2980,3429,3417,3613,3738,3809,3734
2343,0.85808,0.85172,0.0518,0.05539,192.88,441,599,1540,1629,1545,1928,1179,1599,1675,1775,2020,2020,2020,2019,2018,2017,2018,2141,2128,2134,2137,2983,2962,2980,3429,3417,3613,3738,3808,3734
2344,0.85832,0.85243,0.05176,0.05525,192.97,441,600,1541,1630,1546,1928,1179,1599,1675,1776,2020,2020,2020,2019,2018,2018,2018,2141,2128,2134,2137,2983,2962,2980,3429,3417,3613,3738,3809,3734
2345,0.85863,0.85235,0.0517,0.05527,193.05,441,600,1541,1630,1546,1928,1179,1599,1676,1776,2020,2020,2020,2019,2018,2018,2018,2141,2128,2134,2137,2983,2962,2980,3429,3417,3613,3738,3809,3734
2346,0.85885,0.85274,0.05166,0.05519,193.13,441,600,1542,1631,1547,1928,1179,1600,1676,1777,2021,2020,2020,2019,2018,2018,2018,2141,2128,2134,2137,2983,2962,2980,3428,3417,3613,3738,3809,3734
2347,0.85885,0.85277,0.05166,0.05519,193.22,441,600,1542,1631,1547,1928,1179,1600,1676,1777,2021,2020,2020,2019,2018,2018,2018,2141,2128,2134,2137,2983,2962,2980,3428,3417,3613,3738,3809,3734
2348,0.85871,0.85249,0.05169,0.05524,193.3,441,600,1542,1632,1548,1928,1179,1600,1677,1778,2021,2020,2020,2019,2018,2018,2018,2141,2128,2133,2137,2983,2962,2980,3428,3417,3613,3738,3809,3734
2349,0.85856,0.85268,0.05172,0.05521,193.39,441,600,1543,1632,1548,1928,1179,1600,1677,1778,2021,2020,2020,2019,2018,2018,2018,2141,2128,2134,2137,2983,2962,2980,3429,3417,3613,3738,3809,3734
2350,0.85854,0.85228,0.05172,0.05528,193.47,441,601,1543,1633,1549,1928,1179,1601,1677,1779,2020,2020,2020,2019,2018,2018,2018,2141,2128,2134,2137,2983,2962,2980,3429,3417,3613,3738,3809,3734
2351,0.85865,0.85272,0.0517,0.0552,193.55,441,601,1544,1633,1549,1928,1179,1601,1678,1779,2020,2020,2020,2019,2018,2018,2018,2141,2128,2134,2137,2983,2962,2980,3429,3417,3613,3738,3809,3734
2352,0.85882,0.8526,0.05167,0.05522,193.64,441,601,1544,1633,1550,1928,1179,1601,1678,1780,2020,2020,2020,2019,2018,2018,2018,2141,2128,2134,2137,2983,2962,2980,3429,3417,3613,3738,3809,3734
2353,0.85892,0.85278,0.05165,0.05519,193.72,441,601,1545,1634,1550,1928,1179,1602,1678,1780,2020,2020,2020,2019,2018,2018,2018,2141,2128,2134,2137,2983,2962,2980,3429,3417,3613,3738,3809,3734
2354,0.8589,0.8528,0.05165,0.05518,193.8,441,601,1545,1634,1551,1928,1179,1602,1679,1781,2020,2020,2020,2019,2018,2018,2018,2141,2128,2134,2137,2983,2962,2980,3429,3417,3613,3737,3809,3734
2355,0.8588,0.85257,0.05167,0.05523,193.89,441,602,1545,1635,1551,1928,1179,1602,1679,1781,2020,2020,2020,2019,2018,2018,2018,2141,2128,2134,2137,2983,2962,2980,3429,3417,3613,3737,3809,3734
2356,0.85874,0.85282,0.05168,0.05518,193.97,441,602,1546,1635,1552,1928,1179,1602,1679,1782,2020,2020,2020,2019,2018,2018,2018,2141,2128,2134,2137,2983,2962,2980,3429,3417,3613,3737,3809,3734
2357,0.85877,0.8526,0.05168,0.05522,194.06,441,602,1546,1636,1552,1928,1179,1603,1680,1782,2020,2020,2020,2019,2018,2018,2018,2141,2128,2134,2137,2983,2962,2980,3429,3417,3613,3737,3809,3734
2358,0.85885,0.85291,0.05166,0.05516,194.15,441,602,1547,1636,1553,1928,1179,1603,1680,1783,2020,2020,2020,2019,2018,2018,2018,2141,2128,2134,2137,2983,2962,2980,3429,3417,3613,3737,3809,3734
2359,0.85894,0.85282,0.05165,0.05518,194.23,441,602,1547,1637,1553,1928,1179,1603,1680,1783,2020,2020,2020,2019,2018,2018,2018,2141,2128,2134,2137,2983,2962,2980,3429,3417,3613,3737,3809,3734
2360,0.85898,0.8529,0.05164,0.05517,194.32,441,603,1548,1637,1554,1928,1179,1604,1681,1784,2021,2020,2020,2019,2018,2018,2018,2141,2128,2134,2137,2983,2962,2980,3429,3417,3613,3737,3809,3734
2361,0.85896,0.85293,0.05164,0.05516,194.4,441,603,1548,1638,1554,1928,1179,1604,1681,1784,2021,2020,2020,2019,2018,2018,2018,2141,2128,2134,2137,2983,2962,2980,3429,3417,3613,3737,3809,3734
2362,0.85892,0.85275,0.05165,0.05519,194.49,441,603,1548,1638,1555,1928,1179,1604,1681,1785,2020,2020,2020,2019,2018,2018,2018,2141,2128,2134,2137,2983,2962,2980,3429,3417,3613,3737,3809,3734
2363,0.85889,0.85293,0.05166,0.05516,194.58,441,603,1549,1639,1555,1928,1179,1605,1681,1785,2021,2020,2020,2019,2018,2018,2018,2141,2128,2134,2137,2983,2962,2980,3429,3417,3613,3737,3809,3734
2364,0.8589,0.85274,0.05165,0.05519,194.67,441,604,1549,1639,1556,1928,1179,1605,1682,1786,2020,2020,2020,2019,2018,2018,2018,2141,2128,2134,2137,2983,2962,2980,3429,3417,3613,3737,3809,3734
2365,0.85895,0.85297,0.05165,0.05515,194.77,441,604,1550,1639,1556,1928,1179,1605,1682,1786,2020,2020,2020,2019,2018,2018,2018,2141,2128,2134,2137,2983,2962,2980,3429,3417,3613,3737,3809,3734
2366,0.859,0.85289,0.05164,0.05517,194.86,441,604,1550,1640,1557,1928,1179,1605,1682,1787,2020,2020,2020,2019,2018,2018,2018,2141,2128,2134,2137,2983,2962,2980,3429,3417,3613,3737,3809,3734
2367,0.85903,0.85299,0.05163,0.05515,194.96,441,604,1551,1640,1558,1928,1179,1606,1683,1787,2020,2020,2020,2019,2018,2018,2018,2141,2128,2134,2137,2983,2962,2980,3429,3417,3613,3737,3809,3734
2368,0.85903,0.85302,0.05163,0.05514,195.05,441,604,1551,1641,1558,1928,1179,1606,1683,1788,2020,2020,2020,2019,2018,2018,2018,2141,2128,2134,2137,2983,2962,2980,3429,3417,3613,3737,3809,3734
2369,0.85902,0.85292,0.05163,0.05516,195.14,441,605,1551,1641,1559,1928,1179,1606,1683,1788,2020,2020,2020,2019,2018,2018,2018,2141,2128,2134,2137,2983,2962,2980,3429,3417,3613,3737,3809,3734
2370,0.859,0.85303,0.05164,0.05514,195.24,441,605,1552,1642,1559,1928,1179,1606,1683,1789,2020,2020,2020,2019,2018,2018,2018,2141,2128,2134,2137,2983,2962,2980,3429,3417,3613,3737,3809,3734
2371,0.859,0.85287,0.05164,0.05517,195.34,441,605,1552,1642,1560,1928,1179,1607,1684,1789,2020,2020,2020,2019,2018,2018,2018,2141,2128,2134,2137,2983,2962,2980,3429,3417,3613,3737,3809,3734
2372,0.85902,0.85304,0.05163,0.05514,195.42,441,605,1553,1643,1560,1928,1179,1607,1684,1790,2020,2020,2020,2019,2018,2018,2018,2141,2128,2134,2137,2983,2962,2980,3429,3417,3613,3737,3809,3734
2373,0.85905,0.85296,0.05163,0.05515,195.51,441,605,1553,1643,1561,1928,1179,1608,1684,1790,2020,2020,2020,2019,2018,2018,2018,2141,2128,2134,2137,2983,2962,2980,3429,3417,3613,3737,3809,3734
2374,0.85907,0.85309,0.05162,0.05513,195.6,441,606,1554,1644,1561,1928,1179,1608,1685,1791,2020,2020,2020,2019,2018,2018,2018,2141,2128,2134,2137,2983,2962,2980,3429,3417,3613,3737,3809,3734
2375,0.85909,0.85306,0.05162,0.05514,195.68,441,606,1554,1644,1562,1928,1179,1608,1685,1791,2020,2020,2020,2019,2018,2018,2018,2141,2128,2134,2137,2983,2962,2980,3429,3417,3613,3737,3809,3734
2376,0.8591,0.85306,0.05162,0.05513,195.77,441,606,1554,1644,1562,1928,1179,1609,1685,1792,2020,2020,2020,2019,2018,2018,2018,2141,2128,2134,2137,2983,2962,2980,3429,3417,3613,3737,3809,3734
2377,0.8591,0.8531,0.05162,0.05513,195.85,441,606,1555,1645,1563,1928,1179,1609,1686,1792,2020,2020,2020,2019,2018,2018,2018,2141,2128,2134,2137,2983,2962,2980,3429,3417,3613,3737,3809,3734
2378,0.8591,0.85302,0.05162,0.05514,195.94,441,606,1555,1645,1563,1928,1179,1609,1686,1793,2020,2020,2020,2019,2018,2018,2018,2141,2128,2134,2137,2983,2962,2980,3429,3417,3613,3737,3809,3734
2379,0.8591,0.85312,0.05162,0.05512,196.03,441,607,1556,1646,1564,1928,1179,1610,1686,1793,2020,2020,2020,2019,2018,2018,2018,2141,2128,2134,2137,2983,2962,2980,3429,3417,3613,3737,3809,3734
2380,0.8591,0.85302,0.05162,0.05514,196.12,441,607,1556,1646,1564,1928,1179,1610,1686,1794,2020,2020,2020,2019,2018,2018,2018,2141,2128,2134,2137,2983,2962,2980,3429,3417,3613,3737,3809,3734
2381,0.85912,0.85313,0.05161,0.05512,196.2,441,607,1557,1647,1565,1928,1179,1610,1687,1794,2020,2020,2020,2019,2018,2018,2018,2141,2128,2134,2137,2983,2962,2980,3429,3417,3613,3737,3809,3734
2382,0.85913,0.85307,0.05161,0.05513,196.29,441,607,1557,1647,1565,1928,1179,1611,1687,1795,2020,2020,2020,2019,2018,2018,2018,2141,2128,2134,2137,2983,2962,2980,3429,3417,3613,3737,3809,3734
2383,0.85915,0.85315,0.05161,0.05512,196.36,441,608,1557,1648,1566,1928,1179,1611,1687,1795,2020,2020,2020,2019,2018,2018,2018,2141,2128,2134,2137,2983,2962,2980,3429,3417,3613,3737,3809,3734
2384,0.85916,0.85312,0.05161,0.05512,196.44,441,608,1558,1648,1566,1928,1179,1611,1688,1796,2020,2020,2020,2019,2018,2018,2018,2141,2128,2134,2137,2983,2962,2980,3429,3417,3613,3737,3809,3734
2385,0.85917,0.85316,0.05161,0.05512,196.54,441,608,1558,1649,1567,1928,1179,1611,1688,1796,2020,2020,2020,2019,2018,2018,2018,2141,2128,2134,2137,2983,2962,2980,3429,3417,3613,3737,3809,3734
2386,0.85918,0.85317,0.0516,0.05511,196.62,441,608,1559,1649,1567,1928,1179,1612,1688,1797,2020,2020,2020,2019,2018,2018,2018,2141,2128,2134,2137,2983,2962,2980,3429,3417,3613,3737,3809,3734
2387,0.85918,0.85316,0.0516,0.05512,196.7,441,608,1559,1649,1568,1928,1179,1612,1689,1797,2020,2020,2020,2020,2018,2018,2018,2141,2128,2134,2137,2983,2962,2980,3429,3417,3613,3737,3809,3734
2388,0.85919,0.85321,0.0516,0.05511,196.8,441,609,1560,1650,1568,1928,1179,1612,1689,1798,2020,2020,2020,2020,2018,2018,2018,2141,2128,2134,2137,2983,2962,2980,3429,3417,3613,3737,3809,3734
2389,0.85919,0.85316,0.0516,0.05512,196.88,441,609,1560,1650,1569,1928,1179,1613,1689,1798,2020,2020,2020,2020,2018,2018,2018,2141,2128,2134,2137,2983,2962,2980,3429,3417,3613,3737,3809,3734
2390,0.8592,0.85323,0.0516,0.0551,196.96,441,609,1560,1651,1569,1928,1179,1613,1690,1799,2020,2020,2020,2020,2018,2018,2018,2141,2128,2134,2137,2983,2962,2980,3429,3417,3613,3737,3809,3734
2391,0.85921,0.85318,0.0516,0.05511,197.04,441,609,1561,1651,1570,1928,1179,1613,1690,1799,2020,2020,2020,2020,2018,2018,2018,2141,2128,2134,2137,2983,2962,2980,3429,3417,3613,3737,3809,3734
2392,0.85922,0.85324,0.0516,0.0551,197.13,441,610,1561,1652,1570,1928,1179,1614,1690,1800,2020,2020,2020,2020,2018,2018,2018,2141,2128,2134,2137,2983,2962,2980,3429,3417,3613,3737,3809,3734
2393,0.85923,0.8532,0.05159,0.05511,197.21,441,610,1562,1652,1571,1928,1179,1614,1690,1800,2020,2020,2020,2020,2018,2018,2018,2141,2128,2134,2137,2983,2962,2980,3429,3417,3613,3737,3809,3734
2394,0.85924,0.85326,0.05159,0.0551,197.29,441,610,1562,1653,1571,1928,1179,1614,1691,1801,2020,2020,2020,2020,2018,2018,2018,2141,2128,2134,2137,2983,2962,2980,3429,3417,3613,3737,3809,3734
2395,0.85925,0.85324,0.05159,0.0551,197.38,441,610,1563,1653,1572,1928,1179,1615,1691,1801,2020,2020,2020,2020,2018,2018,2018,2141,2128,2134,2137,2983,2962,2980,3429,3417,3613,3737,3809,3734
2396,0.85926,0.85328,0.05159,0.05509,197.46,441,610,1563,1653,1572,1928,1179,1615,1691,1802,2020,2020,2020,2020,2018,2018,2018,2141,2128,2134,2137,2983,2962,2980,3429,3417,3613,3737,3809,3734
2397,0.85926,0.85328,0.05159,0.05509,197.53,441,611,1563,1654,1573,1928,1179,1615,1692,1802,2020,2020,2020,2020,2018,2018,2018,2141,2128,2134,2137,2983,2962,2980,3429,3417,3613,3737,3809,3734
2398,0.85927,0.85329,0.05159,0.05509,197.62,441,611,1564,1654,1573,1928,1179,1616,1692,1802,2020,2020,2020,2020,2018,2018,2018,2141,2128,2134,2137,2983,2962,2980,3429,3417,3613,3737,3809,3734
2399,0.85928,0.8533,0.05158,0.05509,197.71,441,611,1564,1655,1574,1928,1179,1616,1692,1803,2020,2020,2020,2020,2018,2018,2018,2141,2128,2134,2137,2983,2962,2980,3429,3417,3613,3737,3809,3734
2400,0.85929,0.85329,0.05158,0.05509,197.79,441,611,1565,1655,1574,1928,1179,1616,1693,1803,2020,2020,2020,2020,2018,2018,2018,2141,2128,2134,2137,2983,2962,2980,3429,3417,3613,3737,3809,3734
2401,0.85929,0.85333,0.05158,0.05508,197.87,441,612,1565,1656,1575,1928,1179,1616,1693,1804,2020,2020,2020,2020,2018,2018,2018,2141,2128,2134,2137,2983,2962,2980,3429,3417,3613,3737,3809,3734
2402,0.8593,0.85331,0.05158,0.05509,197.95,441,612,1566,1656,1575,1928,1179,1616,1693,1804,2020,2020,2020,2020,2018,2018,2018,2141,2128,2134,2137,2983,2962,2980,3429,3417,3613,3737,3809,3734
2403,0.85931,0.85336,0.05158,0.05508,198.04,441,612,1566,1657,1576,1928,1179,1617,1694,1805,2020,2020,2020,2020,2018,2018,2018,2141,2128,2134,2137,2983,2962,2980,3429,3417,3613,3737,3809,3734
2404,0.85932,0.85333,0.05158,0.05508,198.13,441,612,1566,1657,1576,1928,1179,1617,1694,1805,2020,2020,2020,2020,2018,2018,2018,2141,2128,2134,2137,2983,2962,2980,3429,3417,3613,3737,3809,3734
2405,0.85932,0.8534,0.05158,0.05507,198.21,441,613,1567,1657,1577,1928,1179,1617,1694,1806,2020,2020,2020,2020,2018,2018,2018,2141,2128,2134,2137,2983,2962,2980,3429,3417,3613,3737,3809,3734
2406,0.85933,0.85335,0.05158,0.05508,198.3,441,613,1567,1658,1577,1928,1179,1618,1695,1806,2020,2020,2020,2020,2018,2018,2018,2141,2128,2134,2137,2983,2962,2980,3429,3417,3613,3737,3809,3734
2407,0.85933,0.85342,0.05158,0.05507,198.39,441,613,1568,1658,1578,1928,1179,1618,1695,1807,2020,2020,2020,2020,2018,2018,2018,2141,2128,2134,2137,2983,2962,2980,3429,3417,3613,3737,3809,3734
2408,0.85934,0.85334,0.05157,0.05508,198.49,441,613,1568,1659,1578,1928,1179,1618,1695,1807,2020,2020,2020,2020,2018,2018,2018,2141,2128,2134,2137,2983,2962,2980,3429,3417,3613,3737,3809,3734
2409,0.85934,0.85343,0.05157,0.05506,198.57,441,613,1569,1659,1579,1928,1179,1619,1695,1808,2020,2020,2020,2020,2018,2018,2018,2141,2128,2134,2137,2983,2962,2980,3429,3417,3613,3737,3809,3734
2410,0.85934,0.85334,0.05157,0.05508,198.66,440,614,1569,1660,1579,1928,1179,1619,1696,1808,2020,2020,2020,2020,2018,2018,2018,2141,2128,2134,2137,2983,2962,2980,3429,3417,3613,3737,3809,3734
2411,0.85933,0.85347,0.05158,0.05506,198.74,440,614,1569,1660,1580,1928,1179,1620,1696,1809,2020,2020,2020,2020,2018,2018,2018,2141,2128,2134,2137,2983,2962,2980,3429,3417,3613,3737,3809,3734
2412,0.85932,0.85333,0.05158,0.05508,198.82,440,614,1570,1661,1580,1928,1179,1620,1696,1809,2020,2020,2020,2020,2018,2018,2018,2141,2128,2134,2137,2983,2962,2980,3429,3417,3613,3737,3809,3734
2413,0.85931,0.85348,0.05158,0.05506,198.9,440,614,1570,1661,1581,1928,1179,1620,1697,1810,2020,2020,2020,2020,2018,2018,2018,2141,2128,2134,2137,2983,2962,2980,3429,3417,3613,3737,3809,3734
2414,0.85929,0.85328,0.05158,0.05509,198.97,440,615,1571,1661,1581,1928,1179,1621,1697,1810,2020,2020,2020,2020,2018,2018,2018,2141,2128,2134,2137,2983,2962,2980,3429,3417,3613,3737,3809,3734
2415,0.85926,0.85348,0.05159,0.05506,199.06,440,615,1571,1662,1582,1928,1179,1621,1697,1811,2020,2020,2020,2020,2018,2018,2018,2141,2128,2134,2137,2983,2962,2980,3429,3417,3613,3737,3809,3734
2416,0.85923,0.85323,0.05159,0.0551,199.14,440,615,1572,1662,1582,1928,1179,1621,1698,1811,2020,2020,2020,2020,2018,2018,2018,2141,2128,2134,2137,2983,2962,2980,3429,3417,3613,3737,3809,3734
2417,0.85919,0.85348,0.0516,0.05506,199.23,440,615,1572,1663,1583,1928,1179,1622,1698,1812,2020,2020,2020,2020,2018,2018,2018,2141,2128,2134,2137,2983,2962,2980,3429,3417,3613,3737,3809,3734
2418,0.85915,0.85316,0.05161,0.05512,199.31,440,615,1572,1663,1583,1928,1179,1622,1698,1812,2020,2020,2020,2020,2018,2018,2018,2141,2128,2134,2137,2983,2962,2980,3429,3417,3613,3737,3809,3734
2419,0.8591,0.85344,0.05162,0.05506,199.38,440,616,1573,1664,1584,1928,1179,1622,1699,1813,2020,2020,2020,2020,2018,2018,2018,2141,2128,2134,2137,2983,2962,2980,3429,3417,3613,3737,3809,3734
2420,0.85905,0.85304,0.05163,0.05514,199.47,440,616,1573,1664,1584,1928,1179,1623,1699,1813,2020,2020,2020,2020,2018,2018,2018,2141,2128,2134,2137,2983,2962,2980,3429,3417,3613,3737,3809,3734
2421,0.85901,0.85338,0.05163,0.05507,199.55,440,616,1574,1665,1585,1928,1179,1623,1699,1814,2020,2020,2020,2020,2018,2018,2018,2141,2128,2134,2137,2983,2962,2980,3429,3417,3613,3737,3809,3734
2422,0.85899,0.85297,0.05164,0.05515,199.63,440,616,1574,1665,1585,1928,1179,1623,1699,1814,2020,2020,2020,2019,2018,2018,2018,2141,2128,2134,2137,2983,2962,2980,3429,3417,3613,3737,3809,3734
2423,0.85901,0.85337,0.05164,0.05508,199.72,440,617,1575,1665,1586,1928,1179,1624,1700,1815,2020,2020,2020,2020,2018,2018,2018,2141,2128,2134,2137,2983,2962,2980,3429,3417,3613,3737,3809,3734
2424,0.85907,0.85305,0.05162,0.05514,199.81,440,617,1575,1666,1586,1928,1179,1624,1700,1815,2020,2020,2020,2019,2018,2018,2018,2141,2128,2134,2137,2983,2962,2980,3429,3417,3613,3737,3809,3734
2425,0.85917,0.8535,0.0516,0.05505,199.89,440,617,1575,1666,1587,1928,1179,1625,1700,1815,2020,2020,2020,2019,2018,2018,2018,2141,2128,2134,2137,2983,2962,2980,3429,3417,3613,3737,3809,3734
2426,0.85929,0.85333,0.05158,0.05508,199.98,440,617,1576,1667,1587,1928,1179,1625,1701,1816,2020,2020,2020,2019,2018,2018,2018,2141,2128,2134,2137,2983,2962,2980,3429,3417,3613,3737,3809,3734
2427,0.85941,0.85368,0.05156,0.05502,200.07,440,618,1576,1667,1588,1928,1179,1625,1701,1816,2020,2020,2020,2019,2018,2018,2018,2141,2128,2134,2137,2983,2962,2980,3429,3417,3613,3737,3809,3734
2428,0.85949,0.85362,0.05155,0.05503,200.17,440,618,1577,1668,1588,1928,1179,1626,1701,1817,2020,2020,2020,2019,2018,2018,2018,2141,2128,2134,2137,2983,2962,2980,3429,3417,3613,3737,3809,3734
2429,0.85953,0.85373,0.05154,0.05501,200.27,440,618,1577,1668,1589,1928,1179,1626,1701,1817,2020,2020,2020,2019,2018,2018,2018,2141,2128,2134,2137,2983,2962,2980,3429,3417,3613,3737,3809,3734
2430,0.85953,0.85374,0.05154,0.05501,200.36,440,618,1578,1669,1589,1928,1179,1626,1702,1818,2020,2020,2020,2019,2018,2018,2018,2141,2128,2134,2137,2983,2962,2980,3429,3417,3613,3737,3809,3734
2431,0.85951,0.85363,0.05154,0.05503,200.44,440,619,1578,1669,1590,1928,1179,1627,1702,1818,2020,2020,2020,2019,2018,2018,2018,2141,2128,2134,2137,2983,2962,2980,3429,3417,3613,3737,3809,3734
2432,0.85947,0.85375,0.05155,0.05501,200.53,440,619,1578,1670,1590,1928,1179,1627,1702,1819,2020,2020,2020,2019,2018,2018,2018,2141,2128,2134,2137,2983,2962,2980,3429,3417,3613,3737,3809,3734
2433,0.85942,0.85351,0.05156,0.05505,200.62,440,619,1579,1670,1591,1928,1179,1628,1703,1819,2020,2020,2020,2019,2018,2018,2018,2141,2128,2134,2137,2982,2962,2980,3429,3417,3613,3737,3809,3734
2434,0.85937,0.85369,0.05157,0.05502,200.7,440,619,1579,1670,1591,1928,1179,1628,1703,1820,2020,2020,2020,2019,2018,2018,2018,2141,2128,2134,2137,2983,2962,2980,3429,3417,3613,3737,3809,3734
2435,0.85932,0.85336,0.05158,0.05508,200.79,440,619,1580,1671,1592,1928,1179,1628,1703,1820,2020,2020,2020,2019,2018,2018,2018,2141,2128,2134,2137,2982,2962,2980,3429,3417,3613,3737,3809,3734
2436,0.85928,0.85363,0.05158,0.05503,200.87,440,620,1580,1671,1592,1928,1179,1629,1703,1820,2020,2020,2020,2019,2018,2018,2018,2141,2128,2134,2137,2982,2962,2980,3429,3417,3613,3737,3809,3734
2437,0.85927,0.8533,0.05159,0.05509,200.96,440,620,1580,1672,1593,1928,1179,1629,1704,1821,2020,2020,2020,2019,2018,2018,2018,2141,2128,2134,2137,2982,2962,2980,3429,3417,3613,3737,3809,3734
2438,0.85929,0.85366,0.05158,0.05502,201.05,440,620,1581,1672,1593,1928,1179,1630,1704,1821,2020,2020,2020,2019,2018,2018,2018,2141,2128,2134,2137,2982,2963,2980,3429,3417,3613,3737,3809,3734
2439,0.85935,0.85344,0.05157,0.05506,201.14,440,620,1581,1673,1594,1928,1179,1630,1704,1822,2020,2020,2020,2019,2018,2018,2018,2141,2128,2134,2137,2982,2962,2980,3429,3417,3613,3737,3809,3734
2440,0.85944,0.85379,0.05156,0.055,201.21,440,621,1582,1673,1594,1928,1179,1630,1705,1822,2020,2020,2020,2019,2018,2018,2018,2141,2128,2134,2137,2982,2963,2980,3429,3417,3613,3737,3809,3734
2441,0.85953,0.85365,0.05154,0.05502,201.29,440,621,1582,1674,1595,1928,1179,1631,1705,1823,2020,2020,2020,2019,2018,2018,2018,2141,2128,2134,2137,2982,2962,2980,3429,3417,3613,3737,3809,3734
2442,0.8596,0.85387,0.05153,0.05498,201.38,440,621,1583,1674,1595,1928,1179,1631,1705,1823,2020,2020,2020,2019,2018,2018,2018,2141,2128,2134,2137,2982,2962,2980,3429,3417,3613,3737,3809,3734
2443,0.85965,0.85384,0.05152,0.05499,201.46,440,621,1583,1674,1596,1928,1179,1632,1706,1824,2020,2020,2020,2019,2018,2018,2018,2141,2128,2134,2137,2982,2962,2980,3429,3417,3613,3737,3809,3734
2444,0.85967,0.8539,0.05151,0.05498,201.54,440,622,1583,1675,1596,1928,1179,1632,1706,1824,2020,2020,2020,2019,2018,2018,2018,2141,2128,2134,2137,2982,2963,2980,3429,3417,3613,3737,3809,3734
2445,0.85967,0.85392,0.05151,0.05497,201.63,440,622,1584,1675,1597,1928,1179,1632,1706,1824,2020,2020,2020,2019,2018,2018,2018,2141,2128,2134,2137,2982,2963,2980,3429,3417,3613,3737,3809,3734
2446,0.85965,0.85381,0.05152,0.05499,201.72,440,622,1584,1676,1597,1928,1179,1633,1706,1825,2020,2020,2020,2019,2018,2018,2018,2141,2128,2134,2137,2982,2963,2980,3429,3417,3613,3737,3809,3734
2447,0.85963,0.85392,0.05152,0.05497,201.81,440,622,1585,1676,1598,1928,1179,1633,1707,1825,2020,2020,2020,2020,2018,2018,2018,2141,2128,2134,2137,2982,2963,2980,3429,3417,3613,3737,3809,3734
2448,0.8596,0.85374,0.05153,0.05501,201.88,440,623,1585,1677,1598,1928,1179,1634,1707,1826,2020,2020,2020,2019,2018,2018,2018,2141,2128,2134,2137,2982,2963,2980,3429,3417,3613,3737,3809,3734
2449,0.85956,0.85393,0.05153,0.05497,201.98,439,623,1586,1677,1599,1928,1179,1634,1707,1826,2021,2020,2020,2020,2018,2018,2018,2141,2128,2134,2137,2982,2963,2980,3429,3417,3613,3737,3809,3734
2450,0.85952,0.85366,0.05154,0.05502,202.07,439,623,1586,1678,1599,1928,1179,1634,1708,1827,2021,2020,2020,2020,2018,2018,2018,2141,2128,2134,2137,2982,2963,2980,3429,3417,3613,3737,3809,3734
2451,0.85949,0.8539,0.05155,0.05498,202.16,439,623,1586,1678,1600,1928,1179,1635,1708,1827,2021,2020,2020,2020,2018,2018,2018,2141,2128,2134,2137,2982,2963,2980,3429,3417,3613,3737,3809,3734
2452,0.85946,0.85359,0.05155,0.05503,202.24,439,624,1587,1678,1600,1928,1179,1635,1708,1828,2020,2020,2020,2020,2018,2018,2018,2141,2128,2134,2137,2982,2963,2980,3429,3417,3613,3737,3809,3734
2453,0.85946,0.8539,0.05155,0.05498,202.32,439,624,1587,1679,1601,1928,1179,1636,1709,1828,2020,2020,2020,2020,2018,2018,2018,2141,2128,2134,2137,2982,2963,2980,3429,3417,3613,3737,3809,3734
2454,0.85947,0.85362,0.05155,0.05503,202.42,439,624,1588,1679,1601,1928,1179,1636,1709,1828,2020,2020,2020,2020,2018,2018,2018,2141,2128,2134,2137,2982,2963,2980,3429,3417,3613,3737,3809,3734
2455,0.85952,0.85395,0.05154,0.05497,202.5,439,625,1588,1680,1602,1928,1179,1636,1709,1829,2020,2020,2020,2020,2018,2018,2018,2141,2128,2134,2137,2982,2963,2980,3429,3417,3613,3737,3809,3734
2456,0.85958,0.85374,0.05153,0.05501,202.58,439,625,1588,1680,1602,1928,1179,1637,1709,1829,2020,2020,2020,2020,2018,2018,2018,2141,2128,2134,2137,2982,2963,2980,3429,3417,3613,3737,3809,3734
2457,0.85966,0.85405,0.05152,0.05495,202.66,439,625,1589,1681,1603,1928,1179,1637,1710,1830,2020,2020,2020,2020,2018,2018,2018,2141,2128,2134,2137,2982,2963,2980,3429,3417,3613,3737,3809,3734
2458,0.85972,0.85393,0.0515,0.05497,202.74,439,625,1589,1681,1603,1928,1179,1638,1710,1830,2020,2020,2020,2020,2018,2018,2018,2141,2128,2134,2137,2982,2963,2980,3429,3417,3613,3737,3809,3734
2459,0.85978,0.85415,0.05149,0.05493,202.82,439,626,1590,1682,1604,1928,1179,1638,1710,1830,2020,2020,2020,2020,2018,2018,2018,2141,2128,2134,2137,2982,2963,2980,3429,3417,3613,3737,3809,3734
2460,0.85981,0.85411,0.05149,0.05494,202.9,439,626,1590,1682,1604,1928,1179,1639,1711,1831,2020,2020,2020,2020,2018,2018,2018,2141,2128,2134,2137,2982,2963,2980,3429,3417,3613,3737,3809,3734
2461,0.85984,0.85418,0.05148,0.05492,202.99,439,626,1591,1683,1605,1928,1179,1639,1711,1831,2020,2020,2020,2020,2018,2018,2018,2141,2128,2134,2137,2982,2963,2980,3429,3417,3613,3737,3809,3733
2462,0.85985,0.85418,0.05148,0.05492,203.06,439,626,1591,1683,1605,1928,1179,1639,1711,1832,2020,2020,2020,2020,2018,2018,2018,2141,2128,2134,2137,2982,2963,2980,3429,3417,3613,3737,3809,3733
2463,0.85985,0.85415,0.05148,0.05493,203.15,439,627,1591,1684,1606,1928,1179,1640,1712,1832,2020,2020,2020,2020,2018,2018,2018,2141,2128,2134,2137,2982,2963,2980,3429,3417,3613,3737,3809,3733
2464,0.85985,0.85422,0.05148,0.05492,203.23,438,627,1592,1684,1606,1928,1179,1640,1712,1833,2021,2020,2020,2020,2018,2018,2018,2141,2128,2134,2137,2982,2963,2980,3429,3417,3613,3737,3809,3733
2465,0.85984,0.85412,0.05148,0.05494,203.31,438,627,1592,1684,1607,1928,1179,1641,1712,1833,2021,2020,2020,2020,2018,2018,2018,2141,2128,2134,2137,2982,2963,2980,3429,3417,3613,3737,3809,3733
2466,0.85983,0.85424,0.05148,0.05491,203.39,438,627,1593,1685,1607,1928,1179,1641,1712,1833,2020,2020,2020,2020,2018,2018,2018,2141,2128,2134,2137,2982,2963,2981,3429,3417,3613,3737,3809,3733
2467,0.85981,0.85407,0.05149,0.05494,203.48,438,628,1593,1685,1608,1928,1179,1642,1713,1834,2020,2020,2020,2020,2018,2018,2018,2141,2128,2134,2137,2982,2963,2980,3429,3417,3613,3737,3809,3733
2468,0.85979,0.85424,0.05149,0.05491,203.57,438,628,1593,1686,1608,1928,1179,1642,1713,1834,2020,2020,2020,2020,2018,2018,2018,2141,2128,2134,2137,2982,2963,2981,3429,3417,3613,3737,3809,3733
2469,0.85977,0.85402,0.05149,0.05496,203.65,438,628,1594,1686,1609,1928,1179,1643,1713,1835,2020,2020,2020,2020,2018,2018,2018,2141,2128,2134,2137,2982,2963,2980,3429,3417,3613,3737,3809,3733
2470,0.85975,0.85422,0.0515,0.05492,203.73,438,629,1594,1687,1609,1928,1179,1643,1714,1835,2020,2020,2020,2020,2018,2018,2018,2141,2128,2134,2137,2982,2963,2981,3429,3417,3613,3737,3809,3733
2471,0.85972,0.85395,0.0515,0.05497,203.81,438,629,1595,1687,1610,1928,1179,1643,1714,1836,2020,2020,2020,2020,2018,2018,2018,2141,2128,2134,2137,2982,2963,2980,3429,3417,3613,3737,3809,3733
2472,0.85969,0.85421,0.05151,0.05492,203.89,438,629,1595,1688,1610,1928,1179,1644,1714,1836,2020,2020,2020,2020,2018,2018,2018,2141,2128,2134,2137,2982,2963,2981,3429,3417,3613,3737,3809,3733
2473,0.85967,0.85394,0.05151,0.05497,203.97,438,629,1596,1688,1611,1928,1179,1644,1714,1836,2020,2020,2020,2020,2018,2018,2018,2141,2128,2134,2137,2982,2963,2981,3429,3417,3613,3737,3809,3733
2474,0.85966,0.85423,0.05151,0.05491,204.05,438,630,1596,1689,1611,1928,1179,1645,1715,1837,2020,2020,2020,2020,2018,2018,2018,2141,2128,2134,2137,2982,2963,2981,3429,3417,3613,3737,3809,3733
2475,0.85966,0.85393,0.05152,0.05497,204.13,438,630,1596,1689,1612,1928,1179,1645,1715,1837,2020,2020,2020,2020,2018,2018,2018,2141,2128,2134,2137,2982,2963,2981,3429,3417,3613,3737,3809,3733
2476,0.85967,0.85424,0.05151,0.05491,204.22,438,630,1597,1689,1612,1928,1179,1646,1715,1838,2020,2020,2020,2020,2018,2018,2018,2141,2128,2134,2137,2982,2963,2981,3429,3417,3613,3737,3809,3733
2477,0.85969,0.85395,0.05151,0.05497,204.3,438,630,1597,1690,1613,1928,1179,1646,1716,1838,2020,2020,2020,2020,2018,2018,2018,2141,2128,2134,2137,2982,2963,2981,3429,3417,3613,3737,3809,3733
2478,0.85972,0.85429,0.0515,0.0549,204.38,438,631,1598,1690,1613,1928,1179,1647,1716,1838,2020,2020,2020,2020,2018,2018,2018,2141,2128,2134,2137,2982,2963,2981,3429,3417,3613,3737,3809,3733
2479,0.85977,0.85407,0.0515,0.05495,204.46,438,631,1598,1691,1614,1928,1179,1647,1716,1839,2020,2020,2020,2020,2018,2018,2018,2141,2128,2134,2137,2982,2963,2981,3429,3417,3613,3737,3809,3733
2480,0.85982,0.85438,0.05149,0.05489,204.54,438,631,1598,1691,1614,1928,1179,1648,1717,1839,2020,2020,2020,2020,2018,2018,2018,2141,2128,2134,2137,2982,2963,2981,3429,3417,3613,3737,3809,3733
2481,0.85988,0.85421,0.05148,0.05492,204.62,438,632,1599,1692,1615,1928,1179,1648,1717,1840,2020,2020,2020,2020,2018,2018,2018,2141,2128,2134,2137,2981,2963,2981,3429,3417,3613,3737,3809,3733
2482,0.85993,0.85447,0.05147,0.05487,204.7,438,632,1599,1692,1615,1928,1179,1648,1717,1840,2020,2020,2020,2020,2018,2018,2018,2141,2128,2134,2137,2982,2963,2981,3429,3417,3613,3737,3809,3733
2483,0.85997,0.85435,0.05146,0.05489,204.8,438,632,1600,1693,1616,1928,1179,1649,1717,1841,2020,2020,2020,2019,2018,2018,2018,2141,2128,2134,2137,2981,2963,2981,3429,3417,3613,3737,3809,3733
2484,0.86001,0.85452,0.05145,0.05486,204.89,438,632,1600,1693,1616,1928,1179,1650,1718,1841,2020,2020,2020,2019,2018,2018,2018,2141,2128,2134,2137,2982,2963,2981,3429,3417,3613,3737,3809,3733
2485,0.86004,0.85446,0.05144,0.05487,204.97,438,633,1601,1694,1617,1928,1179,1650,1718,1841,2020,2020,2020,2019,2018,2018,2018,2141,2128,2134,2137,2981,2963,2981,3429,3417,3613,3737,3809,3733
2486,0.86006,0.85454,0.05144,0.05486,205.07,438,633,1601,1694,1617,1928,1179,1650,1718,1842,2020,2020,2020,2019,2018,2018,2018,2141,2128,2134,2137,2981,2963,2981,3429,3417,3613,3737,3809,3733
2487,0.86008,0.85453,0.05144,0.05486,205.14,438,633,1601,1694,1618,1928,1179,1651,1719,1842,2020,2020,2020,2019,2018,2018,2018,2141,2128,2134,2137,2981,2963,2981,3429,3417,3613,3737,3809,3733
2488,0.86009,0.85455,0.05144,0.05485,205.22,438,634,1602,1695,1618,1928,1179,1651,1719,1843,2020,2020,2020,2019,2018,2018,2018,2141,2128,2134,2137,2981,2963,2981,3429,3417,3613,3737,3809,3733
2489,0.86009,0.85459,0.05144,0.05485,205.29,438,634,1602,1695,1619,1928,1179,1652,1719,1843,2020,2020,2020,2019,2018,2018,2018,2141,2128,2134,2137,2981,2963,2981,3429,3417,3613,3737,3809,3733
2490,0.86009,0.85455,0.05144,0.05486,205.37,438,634,1603,1696,1619,1928,1179,1652,1720,1843,2020,2020,2020,2019,2018,2018,2018,2141,2128,2134,2137,2981,2963,2981,3429,3417,3613,3737,3809,3733
2491,0.86009,0.8546,0.05144,0.05484,205.44,437,635,1603,1696,1620,1928,1179,1653,1720,1844,2020,2020,2020,2019,2018,2018,2018,2141,2128,2134,2137,2981,2964,2981,3429,3417,3613,3737,3809,3733
2492,0.86009,0.85451,0.05144,0.05486,205.52,437,635,1603,1697,1620,1928,1179,1653,1720,1844,2020,2020,2020,2019,2018,2018,2018,2141,2128,2134,2137,2981,2964,2980,3429,3417,3613,3737,3809,3733
2493,0.86009,0.85461,0.05144,0.05484,205.6,437,635,1604,1697,1621,1928,1179,1654,1720,1844,2020,2020,2020,2020,2018,2018,2018,2141,2128,2134,2137,2981,2964,2981,3429,3417,3613,3737,3809,3733
2494,0.86008,0.8545,0.05144,0.05486,205.67,437,635,1604,1697,1621,1928,1179,1654,1721,1845,2020,2020,2020,2020,2018,2018,2018,2141,2128,2134,2137,2981,2964,2980,3429,3417,3613,3737,3809,3733
2495,0.86008,0.85464,0.05144,0.05484,205.75,437,636,1605,1698,1622,1928,1179,1655,1721,1845,2020,2020,2020,2020,2018,2018,2018,2141,2128,2134,2137,2981,2964,2981,3429,3417,3613,3737,3809,3733
2496,0.86007,0.85447,0.05144,0.05487,205.84,437,636,1605,1698,1622,1928,1179,1655,1721,1846,2020,2020,2020,2020,2018,2018,2018,2141,2128,2134,2137,2981,2964,2980,3429,3417,3613,3737,3809,3733
2497,0.86005,0.85464,0.05144,0.05484,205.92,437,636,1606,1699,1623,1928,1179,1656,1722,1846,2020,2020,2020,2020,2018,2018,2018,2141,2128,2134,2137,2981,2964,2981,3429,3417,3613,3737,3809,3733
2498,0.86003,0.85441,0.05145,0.05488,206.0,437,637,1606,1699,1623,1928,1179,1656,1722,1846,2020,2020,2020,2020,2018,2018,2018,2141,2128,2134,2137,2981,2964,2980,3429,3417,3613,3737,3808,3733
2499,0.86,0.85462,0.05145,0.05484,206.09,437,637,1606,1700,1624,1928,1179,1657,1722,1847,2020,2020,2020,2020,2018,2018,2018,2141,2128,2134,2137,2981,2964,2981,3429,3417,3613,3737,3809,3733
2500,0.85996,0.85435,0.05146,0.05489,206.17,437,637,1607,1700,1624,1928,1179,1657,1722,1847,2020,2020,2020,2020,2018,2018,2018,2141,2128,2134,2137,2981,2964,2980,3429,3417,3613,3737,3808,3733
2501,0.85992,0.8546,0.05147,0.05485,206.24,437,637,1607,1701,1625,1928,1179,1658,1723,1847,2020,2020,2020,2020,2018,2018,2018,2141,2128,2134,2137,2981,2964,2981,3429,3417,3613,3737,3809,3733
2502,0.85987,0.85427,0.05148,0.05491,206.32,437,638,1608,1701,1625,1928,1179,1658,1723,1848,2020,2020,2020,2020,2018,2018,2018,2141,2128,2134,2137,2981,2964,2980,3429,3417,3613,3737,3808,3733
2503,0.85983,0.85457,0.05148,0.05485,206.4,437,638,1608,1702,1626,1928,1179,1658,1723,1848,2020,2020,2020,2020,2018,2018,2018,2141,2128,2134,2137,2981,2964,2981,3429,3417,3613,3737,3809,3733
2504,0.8598,0.85422,0.05149,0.05492,206.48,437,638,1608,1702,1626,1928,1179,1659,1724,1849,2020,2020,2020,2020,2018,2018,2018,2141,2128,2134,2137,2981,2964,2980,3429,3417,3613,3737,3808,3733
2505,0.85978,0.85458,0.05149,0.05485,206.55,437,639,1609,1702,1627,1928,1179,1659,1724,1849,2020,2020,2020,2020,2018,2018,2018,2141,2128,2134,2137,2981,2964,2981,3429,3417,3613,3737,3809,3733
2506,0.8598,0.85424,0.05149,0.05491,206.64,437,639,1609,1703,1627,1928,1179,1660,1724,1849,2020,2020,2020,2020,2018,2018,2018,2141,2128,2134,2137,2981,2964,2980,3429,3417,3613,3737,3808,3733
2507,0.85985,0.85464,0.05148,0.05484,206.71,436,639,1610,1703,1628,1928,1179,1660,1725,1850,2020,2020,2020,2020,2018,2018,2018,2141,2128,2134,2137,2981,2964,2981,3429,3417,3613,3737,3809,3733
2508,0.85994,0.85441,0.05146,0.05488,206.78,436,639,1610,1704,1628,1928,1179,1661,1725,1850,2020,2020,2020,2019,2018,2018,2018,2141,2128,2134,2137,2981,2964,2980,3429,3417,3613,3737,3808,3733
2509,0.86006,0.8548,0.05144,0.05481,206.87,436,640,1610,1704,1629,1928,1179,1661,1725,1850,2020,2020,2020,2019,2018,2018,2018,2141,2128,2134,2137,2981,2964,2980,3429,3417,3613,3737,3809,3733
2510,0.86016,0.85468,0.05142,0.05483,206.94,436,640,1611,1705,1629,1928,1179,1662,1725,1851,2020,2020,2020,2019,2018,2018,2018,2141,2128,2134,2137,2981,2964,2980,3429,3417,3613,3737,3809,3733
2511,0.86025,0.85493,0.05141,0.05478,207.03,436,640,1611,1705,1630,1928,1179,1662,1726,1851,2020,2020,2020,2019,2018,2018,2018,2141,2128,2134,2137,2981,2964,2980,3429,3417,3613,3737,3809,3733
2512,0.86031,0.8549,0.0514,0.05479,207.11,436,641,1612,1706,1630,1928,1179,1663,1726,1851,2020,2020,2020,2019,2018,2018,2018,2141,2128,2134,2137,2981,2964,2980,3429,3417,3613,3737,3809,3733
2513,0.86033,0.85496,0.05139,0.05478,207.2,436,641,1612,1706,1630,1928,1179,1663,1726,1852,2020,2020,2020,2019,2018,2018,2018,2141,2128,2134,2137,2981,2964,2980,3429,3417,3613,3737,3809,3733
2514,0.86032,0.85501,0.05139,0.05477,207.28,436,641,1612,1707,1631,1928,1179,1664,1727,1852,2020,2020,2020,2019,2018,2018,2018,2141,2128,2134,2137,2981,2964,2980,3429,3417,3613,3737,3809,3733
2515,0.8603,0.85491,0.0514,0.05479,207.36,436,642,1613,1707,1631,1928,1179,1664,1727,1853,2020,2020,2020,2019,2018,2018,2018,2141,2128,2134,2137,2981,2964,2980,3429,3417,3613,3737,3809,3733
2516,0.86027,0.85503,0.0514,0.05476,207.44,436,642,1613,1707,1632,1928,1179,1665,1727,1853,2020,2020,2020,2019,2018,2018,2018,2141,2128,2134,2137,2981,2964,2980,3429,3417,3613,3737,3809,3733
2517,0.86023,0.85484,0.05141,0.0548,207.53,436,642,1614,1708,1632,1928,1179,1665,1727,1853,2020,2020,2020,2019,2018,2018,2018,2141,2128,2134,2137,2981,2964,2980,3429,3417,3613,3737,3808,3733
2518,0.86021,0.85502,0.05141,0.05477,207.61,436,643,1614,1708,1633,1928,1179,1666,1728,1854,2020,2020,2020,2019,2018,2018,2018,2141,2128,2134,2137,2981,2964,2980,3429,3417,3613,3737,3809,3733
2519,0.86018,0.85477,0.05142,0.05481,207.68,436,643,1615,1709,1633,1928,1179,1666,1728,1854,2020,2020,2020,2019,2018,2018,2018,2141,2128,2134,2137,2981,2964,2980,3429,3417,3613,3737,3808,3733
2520,0.86018,0.85499,0.05142,0.05477,207.75,436,643,1615,1709,1634,1928,1179,1666,1728,1854,2020,2020,2020,2019,2018,2018,2018,2141,2128,2134,2137,2981,2964,2980,3429,3417,3613,3737,3809,3733
2521,0.86019,0.85475,0.05142,0.05482,207.84,436,643,1615,1710,1634,1928,1179,1667,1729,1855,2020,2020,2020,2019,2018,2018,2018,2141,2128,2134,2137,2981,2964,2980,3429,3417,3613,3737,3808,3733
2522,0.86021,0.85503,0.05141,0.05476,207.91,436,644,1616,1710,1635,1928,1179,1667,1729,1855,2020,2020,2020,2019,2018,2018,2018,2141,2128,2134,2137,2981,2964,2980,3429,3417,3613,3737,3809,3733
2523,0.86025,0.85485,0.05141,0.0548,207.99,436,644,1616,1711,1635,1928,1179,1668,1729,1855,2020,2020,2020,2019,2018,2018,2018,2141,2128,2134,2137,2981,2964,2980,3429,3417,3613,3737,3809,3733
2524,0.8603,0.85511,0.0514,0.05475,208.06,436,644,1617,1711,1636,1928,1179,1668,1730,1856,2020,2020,2020,2019,2018,2018,2018,2141,2128,2134,2137,2981,2964,2980,3429,3417,3613,3737,3809,3733
2525,0.86035,0.855,0.05139,0.05477,208.13,436,645,1617,1711,1636,1928,1179,1669,1730,1856,2020,2020,2020,2019,2018,2018,2018,2141,2128,2134,2137,2981,2964,2980,3429,3417,3613,3737,3809,3733
2526,0.8604,0.8552,0.05138,0.05473,208.21,436,645,1617,1712,1637,1928,1179,1669,1730,1856,2020,2020,2020,2019,2018,2018,2018,2141,2128,2134,2137,2981,2964,2980,3429,3417,3613,3737,3809,3733
2527,0.86043,0.85515,0.05137,0.05474,208.3,436,645,1618,1712,1637,1928,1179,1670,1731,1856,2020,2020,2020,2019,2018,2018,2018,2141,2128,2134,2137,2981,2964,2980,3429,3417,3613,3737,3809,3733
2528,0.86046,0.85524,0.05137,0.05472,208.37,436,646,1618,1713,1638,1928,1179,1670,1731,1857,2020,2020,2020,2019,2018,2018,2018,2141,2128,2134,2137,2981,2964,2980,3429,3417,3613,3737,3809,3733
2529,0.86048,0.85524,0.05136,0.05472,208.44,436,646,1619,1713,1638,1928,1179,1670,1731,1857,2020,2020,2020,2019,2018,2018,2018,2141,2128,2134,2137,2981,2964,2980,3429,3417,3613,3737,3809,3733
2530,0.86048,0.85525,0.05136,0.05472,208.53,436,646,1619,1714,1639,1928,1179,1671,1732,1858,2020,2020,2020,2019,2018,2018,2018,2141,2128,2134,2137,2981,2964,2980,3429,3417,3613,3737,3809,3733
2531,0.86048,0.8553,0.05136,0.05471,208.6,436,647,1619,1714,1639,1928,1179,1671,1732,1858,2020,2020,2020,2019,2018,2018,2018,2141,2128,2134,2137,2981,2964,2980,3429,3417,3613,3737,3809,3733
2532,0.86047,0.85523,0.05137,0.05473,208.68,436,647,1620,1715,1640,1928,1179,1672,1732,1858,2020,2020,2020,2019,2018,2018,2018,2141,2128,2134,2137,2981,2964,2980,3429,3417,3613,3737,3808,3733
2533,0.86045,0.85532,0.05137,0.05471,208.75,435,647,1620,1715,1640,1928,1179,1672,1732,1859,2020,2020,2020,2019,2018,2018,2018,2141,2128,2134,2137,2981,2964,2980,3429,3417,3613,3737,3809,3732
2534,0.86042,0.85515,0.05137,0.05474,208.83,435,648,1621,1715,1641,1928,1179,1673,1733,1859,2020,2020,2020,2019,2018,2018,2018,2141,2128,2134,2137,2981,2964,2980,3429,3417,3613,3737,3808,3732
2535,0.86039,0.85528,0.05138,0.05472,208.91,435,648,1621,1716,1641,1928,1179,1673,1733,1859,2020,2020,2020,2019,2018,2018,2018,2141,2128,2134,2137,2981,2964,2980,3429,3417,3613,3737,3809,3732
2536,0.86035,0.85503,0.05139,0.05476,208.99,435,648,1621,1716,1642,1928,1179,1673,1733,1860,2020,2020,2020,2019,2018,2018,2018,2141,2128,2134,2137,2981,2964,2980,3429,3417,3613,3737,3808,3732
2537,0.86031,0.85522,0.05139,0.05473,209.06,435,649,1622,1717,1642,1928,1179,1674,1734,1860,2020,2020,2020,2019,2018,2018,2018,2141,2128,2134,2137,2981,2964,2980,3429,3417,3613,3737,3809,3732
2538,0.86028,0.85495,0.0514,0.05478,209.13,435,649,1622,1717,1643,1928,1179,1674,1734,1860,2020,2020,2020,2019,2018,2018,2018,2141,2128,2134,2137,2981,2964,2980,3429,3417,3613,3737,3808,3732
2539,0.86025,0.8552,0.05141,0.05473,209.21,435,649,1623,1718,1643,1928,1179,1675,1734,1861,2020,2020,2020,2019,2018,2018,2018,2141,2128,2134,2137,2981,2964,2980,3429,3417,3613,3737,3809,3732
2540,0.86024,0.85492,0.05141,0.05478,209.28,435,650,1623,1718,1644,1928,1179,1675,1735,1861,2020,2020,2020,2019,2018,2018,2018,2141,2128,2134,2137,2981,2964,2980,3429,3417,3613,3737,3808,3732
2541,0.86026,0.85522,0.05141,0.05473,209.35,435,650,1623,1718,1644,1928,1179,1676,1735,1861,2020,2020,2020,2019,2018,2018,2018,2141,2128,2134,2137,2981,2964,2980,3429,3417,3613,3737,3809,3732
2542,0.86029,0.85498,0.0514,0.05477,209.43,435,650,1624,1719,1645,1928,1179,1676,1735,1861,2020,2020,2020,2019,2018,2018,2018,2141,2128,2134,2137,2981,2964,2980,3429,3417,3613,3737,3808,3732
2543,0.86034,0.85531,0.05139,0.05471,209.5,435,651,1624,1719,1645,1928,1179,1677,1735,1862,2020,2020,2020,2019,2018,2018,2018,2141,2128,2134,2137,2981,2964,2980,3429,3417,3613,3737,3809,3732
2544,0.8604,0.85515,0.05138,0.05474,209.58,435,651,1624,1720,1646,1928,1179,1677,1736,1862,2020,2020,2020,2019,2018,2018,2018,2141,2128,2134,2137,2981,2964,2980,3429,3417,3613,3737,3808,3732
2545,0.86047,0.85541,0.05137,0.05469,209.66,435,651,1625,1720,1646,1928,1179,1678,1736,1862,2020,2020,2020,2019,2018,2018,2018,2141,2128,2134,2137,2981,2964,2980,3429,3417,3613,3737,3809,3732
2546,0.86053,0.85529,0.05136,0.05471,209.74,435,652,1625,1721,1647,1928,1179,1678,1736,1863,2020,2020,2020,2019,2018,2018,2018,2141,2128,2134,2137,2981,2964,2980,3429,3417,3613,3737,3808,3732
2547,0.86058,0.85546,0.05135,0.05468,209.82,435,652,1626,1721,1647,1928,1179,1678,1737,1863,2020,2020,2020,2019,2018,2018,2018,2141,2128,2134,2137,2981,2964,2980,3429,3417,3613,3737,3808,3732
2548,0.86061,0.85541,0.05134,0.05469,209.9,435,652,1626,1722,1648,1928,1179,1679,1737,1863,2020,2020,2020,2019,2018,2018,2018,2141,2128,2134,2137,2981,2964,2980,3429,3417,3613,3737,3808,3732
2549,0.86064,0.85551,0.05134,0.05467,209.98,435,652,1626,1722,1648,1928,1179,1679,1737,1863,2020,2020,2020,2019,2018,2018,2018,2141,2128,2134,2137,2981,2964,2980,3429,3417,3613,3737,3808,3732
2550,0.86065,0.85552,0.05133,0.05467,210.04,435,653,1627,1722,1648,1928,1179,1680,1738,1864,2020,2020,2020,2019,2018,2018,2018,2141,2128,2134,2137,2981,2964,2980,3429,3417,3613,3737,3808,3732
2551,0.86066,0.85554,0.05133,0.05467,210.12,435,653,1627,1723,1649,1928,1179,1680,1738,1864,2020,2020,2020,2019,2018,2018,2018,2141,2128,2134,2137,2981,2964,2980,3429,3417,3613,3737,3808,3732
2552,0.86067,0.85558,0.05133,0.05466,210.19,435,653,1628,1723,1649,1928,1179,1680,1738,1864,2020,2020,2020,2019,2018,2018,2018,2141,2128,2134,2137,2981,2964,2980,3429,3417,3613,3737,3808,3732
2553,0.86067,0.85555,0.05133,0.05467,210.27,435,654,1628,1724,1650,1928,1179,1681,1738,1865,2020,2020,2020,2019,2018,2018,2018,2141,2128,2134,2137,2981,2964,2980,3429,3417,3613,3737,3808,3732
2554,0.86067,0.85561,0.05133,0.05465,210.34,435,654,1628,1724,1650,1928,1179,1681,1739,1865,2020,2020,2020,2019,2018,2018,2018,2141,2128,2134,2137,2981,2964,2980,3429,3417,3613,3737,3809,3732
2555,0.86066,0.85552,0.05133,0.05467,210.42,435,654,1629,1725,1651,1928,1179,1682,1739,1865,2020,2020,2020,2019,2018,2018,2018,2141,2128,2134,2137,2981,2964,2980,3429,3417,3613,3737,3808,3732
2556,0.86066,0.85561,0.05133,0.05465,210.49,435,655,1629,1725,1651,1928,1179,1682,1739,1866,2020,2020,2020,2019,2018,2018,2018,2141,2128,2134,2137,2981,2964,2980,3429,3417,3613,3737,3809,3732
2557,0.86065,0.85548,0.05133,0.05468,210.57,435,655,1629,1726,1652,1928,1179,1682,1740,1866,2020,2020,2020,2019,2018,2018,2018,2141,2128,2134,2137,2981,2964,2980,3429,3417,3613,3737,3808,3732
2558,0.86064,0.85562,0.05133,0.05465,210.65,435,655,1630,1726,1652,1928,1179,1683,1740,1866,2020,2020,2020,2019,2018,2018,2018,2141,2128,2134,2137,2981,2964,2980,3429,3417,3613,3737,3809,3732
2559,0.86063,0.85547,0.05134,0.05468,210.73,435,656,1630,1726,1653,1928,1179,1683,1740,1866,2020,2020,2020,2019,2018,2018,2018,2141,2128,2134,2137,2981,2964,2980,3429,3417,3613,3737,3808,3732
2560,0.86061,0.85562,0.05134,0.05465,210.82,435,656,1631,1727,1653,1928,1179,1683,1740,1867,2020,2020,2020,2019,2018,2018,2018,2141,2128,2134,2137,2981,2964,2980,3429,3417,3613,3737,3809,3732
2561,0.86059,0.85542,0.05134,0.05469,210.91,435,656,1631,1727,1654,1928,1179,1684,1741,1867,2020,2020,2020,2019,2018,2018,2018,2141,2128,2134,2137,2981,2964,2980,3429,3417,3613,3737,3808,3732
2562,0.86056,0.85559,0.05135,0.05466,210.99,435,657,1631,1728,1654,1928,1179,1684,1741,1867,2020,2020,2020,2019,2018,2018,2018,2141,2128,2134,2137,2981,2964,2980,3429,3417,3613,3737,3809,3732
2563,0.86052,0.85534,0.05136,0.0547,211.07,435,657,1632,1728,1655,1928,1179,1685,1741,1868,2020,2020,2020,2019,2018,2018,2018,2141,2128,2134,2137,2981,2964,2980,3429,3417,3613,3737,3808,3732
2564,0.86048,0.85557,0.05136,0.05466,211.14,435,657,1632,1729,1655,1928,1179,1685,1742,1868,2020,2020,2020,2019,2018,2018,2018,2141,2128,2134,2137,2981,2964,2980,3429,3417,3613,3737,3809,3732
2565,0.86043,0.85525,0.05137,0.05472,211.21,435,658,1632,1729,1656,1928,1179,1685,1742,1868,2020,2020,2020,2019,2018,2018,2018,2141,2128,2134,2137,2981,2964,2980,3429,3417,3613,3737,3808,3732
2566,0.86039,0.85552,0.05138,0.05467,211.29,435,658,1633,1729,1656,1928,1179,1686,1742,1868,2020,2020,2020,2019,2018,2018,2018,2141,2128,2134,2137,2981,2964,2980,3429,3417,3613,3737,3809,3732
2567,0.86034,0.85517,0.05139,0.05474,211.37,434,658,1633,1730,1657,1928,1179,1686,1743,1869,2020,2020,2020,2019,2018,2018,2018,2141,2128,2134,2137,2981,2964,2980,3429,3417,3613,3737,3808,3732
2568,0.86032,0.85549,0.05139,0.05468,211.45,434,659,1634,1730,1657,1928,1179,1687,1743,1869,2020,2020,2020,2019,2018,2018,2018,2141,2128,2134,2137,2981,2964,2980,3429,3417,3613,3737,3809,3732
2569,0.86034,0.85518,0.05139,0.05474,211.52,434,659,1634,1731,1658,1928,1179,1687,1743,1869,2020,2020,2020,2019,2018,2018,2018,2141,2128,2134,2137,2981,2964,2980,3429,3417,3613,3737,3808,3732
2570,0.8604,0.85557,0.05138,0.05466,211.61,434,659,1634,1731,1658,1928,1179,1687,1743,1869,2020,2020,2020,2019,2018,2018,2018,2141,2128,2134,2137,2981,2964,2980,3429,3417,3613,3737,3808,3732
2571,0.86049,0.85536,0.05136,0.0547,211.68,434,660,1635,1731,1659,1928,1179,1688,1744,1870,2020,2020,2020,2019,2018,2018,2018,2141,2128,2134,2137,2981,2964,2980,3429,3417,3613,3737,3808,3732
2572,0.86062,0.85575,0.05134,0.05463,211.76,434,660,1635,1732,1659,1928,1179,1688,1744,1870,2020,2020,2020,2019,2018,2018,2018,2141,2128,2134,2137,2981,2964,2980,3429,3417,3613,3737,3808,3732
2573,0.86073,0.85566,0.05132,0.05465,211.83,434,661,1635,1732,1660,1928,1179,1689,1744,1870,2020,2020,2020,2019,2018,2018,2018,2141,2128,2134,2137,2981,2964,2980,3429,3417,3613,3737,3808,3732
2574,0.86083,0.85593,0.0513,0.05459,211.9,434,661,1636,1733,1660,1928,1179,1689,1745,1870,2020,2020,2020,2019,2018,2018,2018,2141,2128,2134,2137,2981,2964,2980,3429,3417,3613,3737,3808,3732
2575,0.8609,0.8559,0.05129,0.0546,211.98,434,661,1636,1733,1661,1928,1179,1689,1745,1871,2020,2020,2020,2019,2018,2018,2018,2141,2128,2134,2137,2981,2964,2980,3429,3417,3613,3737,3808,3732
2576,0.86093,0.85597,0.05128,0.05459,212.07,434,662,1637,1734,1661,1928,1179,1690,1745,1871,2020,2020,2020,2019,2018,2018,2018,2141,2128,2134,2137,2981,2964,2980,3429,3417,3613,3737,3808,3732
2577,0.86094,0.85599,0.05128,0.05458,212.14,434,662,1637,1734,1662,1928,1179,1690,1745,1871,2020,2020,2020,2019,2018,2018,2018,2141,2128,2134,2137,2981,2964,2980,3429,3417,3613,3737,3808,3732
2578,0.86092,0.85593,0.05128,0.05459,212.22,434,662,1637,1734,1662,1928,1179,1690,1746,1871,2020,2020,2020,2019,2018,2018,2018,2141,2128,2134,2137,2981,2964,2980,3429,3417,3613,3737,3808,3732
2579,0.86089,0.85603,0.05129,0.05457,212.29,434,663,1638,1735,1662,1928,1179,1691,1746,1872,2020,2020,2020,2019,2018,2018,2018,2141,2128,2134,2137,2981,2964,2980,3429,3417,3613,3737,3808,3732
2580,0.86085,0.85587,0.0513,0.05461,212.37,434,663,1638,1735,1663,1928,1179,1691,1746,1872,2020,2020,2020,2019,2018,2018,2018,2141,2128,2134,2137,2981,2964,2980,3429,3417,3613,3737,3808,3732
2581,0.86082,0.85602,0.0513,0.05458,212.44,434,663,1638,1736,1663,1928,1179,1692,1747,1872,2020,2020,2020,2019,2018,2018,2018,2141,2128,2134,2137,2981,2964,2980,3429,3417,3613,3737,3808,3732
2582,0.86077,0.85578,0.05131,0.05462,212.53,433,664,1639,1736,1664,1928,1179,1692,1747,1873,2020,2020,2020,2019,2018,2018,2018,2141,2128,2134,2137,2981,2964,2980,3429,3417,3613,3737,3808,3732
2583,0.86074,0.85597,0.05132,0.05459,212.62,433,664,1639,1737,1664,1928,1179,1693,1747,1873,2020,2020,2020,2019,2018,2018,2018,2141,2128,2134,2137,2981,2964,2980,3429,3417,3613,3737,3808,3732
2584,0.86072,0.85569,0.05132,0.05464,212.69,433,664,1640,1737,1665,1928,1179,1693,1748,1873,2020,2020,2020,2019,2018,2018,2018,2141,2128,2134,2137,2981,2964,2980,3429,3417,3613,3737,3808,3732
2585,0.86072,0.85594,0.05132,0.05459,212.77,433,665,1640,1737,1665,1928,1179,1693,1748,1873,2020,2020,2020,2019,2018,2018,2018,2141,2128,2134,2137,2981,2964,2980,3429,3417,3613,3737,3808,3732
2586,0.86075,0.85572,0.05132,0.05463,212.85,433,665,1640,1738,1666,1928,1179,1694,1748,1874,2020,2020,2020,2019,2018,2018,2018,2141,2128,2134,2137,2981,2964,2980,3429,3417,3613,3737,3808,3732
2587,0.86081,0.856,0.0513,0.05458,212.93,433,665,1641,1738,1666,1928,1179,1694,1748,1874,2020,2020,2020,2019,2018,2018,2018,2141,2128,2134,2137,2981,2964,2980,3429,3417,3613,3737,3808,3732
2588,0.86087,0.85586,0.05129,0.05461,213.01,433,666,1641,1739,1667,1928,1179,1695,1749,1874,2020,2020,2020,2019,2018,2018,2018,2141,2128,2134,2137,2981,2964,2980,3429,3417,3613,3737,3808,3732
2589,0.86095,0.85612,0.05128,0.05456,213.07,433,666,1641,1739,1667,1928,1179,1695,1749,1874,2020,2020,2020,2019,2018,2018,2018,2141,2128,2134,2137,2981,2964,2980,3429,3417,3613,3737,3808,3732
2590,0.86102,0.85606,0.05127,0.05457,213.15,433,666,1642,1740,1668,1928,1179,1695,1749,1874,2020,2020,2020,2019,2018,2018,2018,2141,2128,2134,2137,2981,2964,2980,3429,3417,3613,3737,3808,3732
2591,0.86107,0.85622,0.05126,0.05454,213.23,433,667,1642,1740,1668,1928,1179,1696,1750,1875,2020,2020,2020,2019,2018,2018,2018,2141,2128,2134,2137,2981,2964,2980,3429,3417,3613,3737,3808,3732
2592,0.8611,0.85621,0.05125,0.05454,213.3,433,667,1642,1740,1669,1928,1179,1696,1750,1875,2020,2020,2020,2019,2018,2018,2018,2141,2128,2134,2137,2981,2964,2980,3429,3417,3613,3737,3808,3732
2593,0.86111,0.85622,0.05125,0.05454,213.39,433,668,1643,1741,1669,1928,1179,1697,1750,1875,2020,2020,2020,2019,2018,2018,2018,2141,2128,2134,2137,2981,2964,2980,3429,3417,3613,3737,3808,3732
2594,0.86111,0.85625,0.05125,0.05453,213.47,433,668,1643,1741,1670,1928,1179,1697,1751,1875,2020,2020,2020,2019,2018,2018,2018,2141,2128,2134,2137,2981,2964,2980,3429,3417,3613,3737,3808,3732
2595,0.86109,0.85618,0.05125,0.05455,213.55,433,668,1644,1742,1670,1928,1179,1698,1751,1876,2020,2020,2020,2019,2018,2018,2018,2141,2128,2134,2137,2981,2964,2980,3429,3417,3613,3737,3808,3732
2596,0.86106,0.8563,0.05126,0.05452,213.63,433,669,1644,1742,1671,1928,1179,1698,1751,1876,2020,2020,2020,2019,2018,2018,2018,2141,2128,2134,2137,2981,2964,2980,3429,3417,3613,3737,3808,3732
2597,0.86103,0.85614,0.05126,0.05455,213.7,433,669,1644,1742,1671,1928,1179,1698,1751,1876,2020,2020,2020,2019,2018,2018,2018,2141,2128,2134,2137,2981,2964,2980,3429,3417,3613,3737,3808,3732
2598,0.86099,0.85626,0.05127,0.05453,213.78,433,669,1645,1743,1672,1928,1179,1699,1752,1876,2020,2020,2020,2019,2018,2018,2018,2141,2128,2134,2137,2981,2964,2980,3429,3417,3613,3737,3808,3732
2599,0.86094,0.85601,0.05128,0.05458,213.85,433,670,1645,1743,1672,1928,1179,1699,1752,1877,2020,2020,2020,2019,2018,2018,2018,2141,2128,2134,2137,2981,2964,2980,3429,3417,3613,3737,3808,3732
2600,0.8609,0.85621,0.05129,0.05454,213.93,433,670,1645,1744,1673,1928,1179,1699,1752,1877,2020,2020,2020,2019,2018,2018,2018,2141,2128,2134,2137,2981,2964,2980,3429,3417,3613,3737,3808,3732
2601,0.86087,0.85596,0.05129,0.05459,214.01,433,670,1646,1744,1673,1928,1179,1700,1753,1877,2020,2020,2020,2019,2018,2018,2018,2141,2128,2134,2137,2981,2964,2980,3429,3417,3613,3737,3808,3732
2602,0.86087,0.85623,0.05129,0.05454,214.09,433,671,1646,1745,1674,1928,1179,1700,1753,1877,2020,2020,2020,2019,2018,2018,2018,2141,2128,2134,2137,2981,2964,2980,3429,3417,3613,3737,3808,3732
2603,0.8609,0.856,0.05129,0.05458,214.17,433,671,1646,1745,1674,1928,1179,1700,1753,1877,2020,2020,2020,2019,2018,2018,2018,2141,2128,2134,2137,2981,2964,2980,3429,3417,3613,3737,3808,3732
2604,0.86095,0.85628,0.05128,0.05453,214.25,433,672,1647,1745,1674,1928,1179,1701,1754,1877,2020,2020,2020,2019,2018,2018,2018,2141,2128,2134,2137,2981,2964,2980,3429,3417,3613,3737,3808,3732
2605,0.86102,0.85612,0.05126,0.05456,214.33,433,672,1647,1746,1675,1928,1179,1701,1754,1878,2020,2020,2020,2019,2018,2018,2018,2141,2128,2134,2137,2981,2964,2980,3429,3417,3613,3737,3808,3732
2606,0.8611,0.85637,0.05125,0.05451,214.41,433,672,1647,1746,1675,1928,1179,1701,1754,1878,2020,2020,2020,2019,2018,2018,2018,2141,2128,2134,2137,2981,2964,2980,3429,3417,3613,3737,3808,3732
2607,0.86117,0.85631,0.05124,0.05452,214.49,433,673,1648,1747,1676,1928,1179,1702,1754,1878,2020,2020,2020,2019,2018,2018,2018,2141,2128,2134,2137,2981,2964,2980,3429,3417,3613,3737,3808,3732
2608,0.86122,0.85647,0.05123,0.05449,214.57,433,673,1648,1747,1676,1928,1179,1702,1755,1878,2020,2020,2020,2019,2018,2018,2018,2141,2128,2134,2137,2981,2964,2980,3429,3417,3613,3737,3808,3732
2609,0.86126,0.85646,0.05122,0.05449,214.66,433,673,1649,1747,1677,1928,1179,1703,1755,1879,2020,2020,2020,2019,2018,2018,2018,2141,2128,2134,2137,2981,2964,2980,3429,3417,3613,3737,3808,3732
2610,0.86128,0.85651,0.05122,0.05448,214.73,433,674,1649,1748,1677,1928,1179,1703,1755,1879,2020,2020,2020,2019,2018,2018,2018,2141,2128,2134,2137,2981,2964,2980,3429,3417,3613,3737,3808,3732
2611,0.86128,0.85655,0.05122,0.05448,214.81,433,674,1649,1748,1678,1928,1179,1703,1756,1879,2020,2020,2020,2019,2018,2018,2018,2141,2128,2134,2137,2981,2964,2980,3429,3417,3613,3737,3808,3732
2612,0.86128,0.85651,0.05122,0.05448,214.89,433,675,1650,1749,1678,1928,1179,1704,1756,1879,2020,2020,2020,2019,2018,2018,2018,2141,2128,2134,2137,2981,2964,2980,3429,3417,3613,3737,3808,3732
2613,0.86127,0.85657,0.05122,0.05447,214.96,432,675,1650,1749,1679,1928,1179,1704,1756,1879,2020,2020,2020,2019,2018,2018,2018,2141,2128,2134,2137,2981,2964,2980,3429,3417,3613,3737,3808,3732
2614,0.86125,0.85645,0.05122,0.05449,215.03,432,675,1650,1749,1679,1928,1179,1704,1756,1880,2020,2020,2020,2019,2018,2018,2018,2141,2128,2134,2137,2981,2964,2980,3429,3417,3613,3737,3808,3732
2615,0.86123,0.85656,0.05123,0.05447,215.11,432,676,1651,1750,1680,1928,1179,1705,1757,1880,2020,2020,2020,2019,2018,2018,2018,2141,2128,2134,2137,2981,2964,2980,3429,3417,3613,3737,3808,3732
2616,0.8612,0.8564,0.05123,0.0545,215.18,432,676,1651,1750,1680,1928,1179,1705,1757,1880,2020,2020,2020,2019,2018,2018,2018,2141,2128,2134,2137,2981,2964,2980,3429,3417,3613,3737,3808,3732
2617,0.86118,0.85656,0.05123,0.05447,215.26,432,676,1651,1751,1681,1928,1179,1705,1757,1880,2020,2020,2020,2020,2018,2018,2018,2141,2128,2134,2137,2981,2964,2980,3429,3417,3613,3737,3808,3732
2618,0.86115,0.85635,0.05124,0.05451,215.34,432,677,1652,1751,1681,1928,1179,1706,1758,1880,2020,2020,2020,2019,2018,2018,2018,2141,2128,2134,2137,2981,2964,2980,3429,3417,3613,3737,3808,3732
2619,0.86114,0.85654,0.05124,0.05448,215.42,432,677,1652,1752,1682,1928,1179,1706,1758,1880,2020,2020,2020,2020,2018,2018,2018,2141,2128,2134,2137,2981,2964,2980,3429,3417,3613,3737,3808,3732
2620,0.86113,0.85633,0.05125,0.05452,215.49,432,678,1652,1752,1682,1928,1179,1707,1758,1881,2020,2020,2020,2019,2018,2018,2018,2141,2128,2134,2137,2981,2964,2980,3429,3417,3613,3737,3808,3732
2621,0.86114,0.85656,0.05124,0.05447,215.57,432,678,1653,1752,1683,1928,1179,1707,1759,1881,2020,2020,2020,2020,2018,2018,2018,2141,2128,2134,2137,2981,2964,2980,3429,3417,3613,3737,3808,3732
2622,0.86115,0.85636,0.05124,0.05451,215.64,432,678,1653,1753,1683,1928,1179,1707,1759,1881,2020,2020,2020,2019,2018,2018,2018,2141,2128,2134,2137,2981,2964,2980,3429,3417,3613,3737,3808,3732
2623,0.86119,0.85659,0.05123,0.05447,215.71,432,679,1653,1753,1684,1928,1179,1708,1759,1881,2020,2020,2020,2020,2018,2018,2018,2141,2128,2134,2137,2981,2964,2980,3429,3417,3613,3737,3808,3732
2624,0.86122,0.85643,0.05123,0.0545,215.83,432,679,1654,1754,1684,1928,1179,1708,1759,1881,2020,2020,2020,2019,2018,2018,2018,2141,2128,2134,2137,2981,2964,2980,3429,3417,3613,3737,3808,3732
2625,0.86127,0.85667,0.05122,0.05445,215.92,432,680,1654,1754,1685,1928,1179,1709,1760,1881,2020,2020,2020,2020,2018,2018,2018,2141,2128,2134,2137,2981,2964,2980,3429,3417,3613,3737,3808,3732
2626,0.86131,0.85656,0.05121,0.05447,216.01,432,680,1655,1754,1685,1928,1179,1709,1760,1881,2020,2020,2020,2019,2018,2018,2018,2141,2128,2134,2137,2981,2964,2980,3429,3417,3613,3737,3808,3732
2627,0.86136,0.85675,0.0512,0.05444,216.11,432,680,1655,1755,1685,1928,1179,1709,1760,1882,2020,2020,2020,2019,2018,2018,2018,2141,2128,2134,2137,2981,2964,2980,3429,3417,3613,3737,3808,3732
2628,0.86139,0.85667,0.0512,0.05445,216.2,432,681,1655,1755,1686,1928,1179,1710,1761,1882,2020,2020,2020,2019,2018,2018,2018,2141,2128,2134,2137,2981,2964,2980,3429,3417,3613,3737,3808,3732
2629,0.86142,0.85681,0.05119,0.05443,216.28,432,681,1656,1756,1686,1928,1179,1710,1761,1882,2020,2020,2020,2019,2018,2018,2018,2141,2128,2134,2137,2981,2964,2980,3429,3417,3613,3737,3808,3732
2630,0.86145,0.85675,0.05119,0.05444,216.38,432,682,1656,1756,1687,1928,1179,1710,1761,1882,2020,2020,2020,2019,2018,2018,2018,2141,2128,2134,2137,2981,2964,2980,3429,3417,3613,3737,3808,3732
2631,0.86147,0.85685,0.05118,0.05442,216.47,432,682,1656,1756,1687,1928,1179,1711,1761,1882,2020,2020,2020,2019,2018,2018,2018,2141,2128,2134,2137,2981,2964,2980,3429,3417,3613,3737,3808,3732
2632,0.86149,0.85683,0.05118,0.05442,216.56,432,682,1657,1757,1688,1928,1179,1711,1762,1882,2020,2020,2020,2019,2018,2018,2018,2141,2128,2134,2137,2981,2964,2980,3429,3417,3613,3737,3808,3732
2633,0.86151,0.85688,0.05117,0.05441,216.65,432,683,1657,1757,1688,1928,1179,1712,1762,1882,2020,2020,2020,2020,2018,2018,2018,2141,2128,2134,2137,2981,2964,2980,3429,3417,3613,3737,3808,3732
2634,0.86152,0.85687,0.05117,0.05442,216.74,432,683,1657,1758,1689,1928,1179,1712,1762,1883,2020,2020,2020,2020,2018,2018,2018,2141,2128,2134,2137,2981,2964,2980,3429,3417,3613,3737,3808,3732
2635,0.86153,0.85691,0.05117,0.05441,216.83,432,684,1658,1758,1689,1928,1179,1712,1763,1883,2020,2020,2020,2020,2018,2018,2018,2141,2128,2134,2137,2981,2964,2980,3429,3417,3613,3737,3808,3732
2636,0.86154,0.85692,0.05117,0.05441,216.91,432,684,1658,1758,1690,1928,1179,1713,1763,1883,2020,2020,2020,2020,2018,2018,2018,2141,2128,2134,2137,2981,2964,2980,3429,3417,3613,3737,3808,3732
2637,0.86155,0.85694,0.05117,0.0544,217.0,432,684,1658,1759,1690,1928,1179,1713,1763,1883,2020,2020,2020,2020,2018,2018,2018,2141,2128,2134,2137,2981,2964,2980,3429,3417,3613,3737,3808,3732
2638,0.86156,0.85695,0.05116,0.0544,217.08,432,685,1659,1759,1691,1928,1179,1713,1764,1883,2020,2020,2020,2020,2018,2018,2018,2141,2128,2134,2137,2981,2964,2980,3429,3417,3613,3737,3808,3732
2639,0.86158,0.85696,0.05116,0.0544,217.17,432,685,1659,1760,1691,1928,1179,1714,1764,1883,2020,2020,2020,2020,2018,2018,2018,2141,2128,2134,2137,2981,2964,2980,3429,3417,3613,3737,3808,3732
2640,0.86159,0.85699,0.05116,0.05439,217.26,432,686,1660,1760,1692,1928,1179,1714,1764,1883,2020,2020,2020,2020,2018,2018,2018,2141,2128,2134,2137,2981,2964,2980,3429,3417,3613,3737,3808,3732
2641,0.8616,0.85701,0.05116,0.05439,217.34,432,686,1660,1761,1692,1928,1179,1714,1764,1884,2020,2020,2020,2020,2018,2018,2018,2141,2128,2134,2137,2981,2964,2980,3429,3417,3613,3737,3808,3732
2642,0.86161,0.85705,0.05116,0.05438,217.42,432,686,1660,1761,1693,1928,1179,1715,1765,1884,2020,2020,2020,2020,2018,2018,2018,2141,2128,2134,2137,2981,2964,2980,3429,3417,3613,3737,3808,3732
2643,0.86161,0.85703,0.05116,0.05439,217.52,432,687,1661,1761,1693,1928,1179,1715,1765,1884,2020,2020,2020,2020,2018,2018,2018,2141,2128,2134,2137,2981,2964,2980,3429,3417,3613,3737,3808,3732
2644,0.86162,0.85707,0.05115,0.05438,217.62,432,687,1661,1762,1694,1928,1179,1716,1765,1884,2020,2020,2020,2020,2018,2018,2018,2141,2128,2134,2137,2981,2964,2980,3429,3417,3613,3737,3808,3732
2645,0.86163,0.85703,0.05115,0.05438,217.7,432,688,1661,1762,1694,1928,1179,1716,1766,1884,2020,2020,2020,2020,2018,2018,2018,2141,2128,2134,2137,2981,2964,2980,3429,3417,3613,3737,3808,3732
2646,0.86163,0.8571,0.05115,0.05437,217.78,432,688,1662,1763,1695,1928,1179,1716,1766,1884,2020,2020,2020,2020,2018,2018,2018,2141,2128,2134,2137,2981,2964,2980,3429,3417,3613,3737,3808,3732
2647,0.86162,0.85703,0.05115,0.05438,217.87,432,689,1662,1763,1695,1928,1179,1717,1766,1885,2020,2020,2020,2020,2018,2018,2018,2141,2128,2134,2137,2981,2964,2980,3429,3417,3613,3737,3808,3732
2648,0.86161,0.85712,0.05116,0.05437,217.97,432,689,1662,1763,1695,1928,1179,1717,1766,1885,2020,2020,2020,2020,2018,2018,2018,2141,2128,2134,2137,2981,2964,2980,3429,3417,3613,3737,3808,3732
2649,0.86156,0.85697,0.05116,0.0544,218.05,431,689,1663,1764,1696,1928,1179,1718,1767,1885,2020,2020,2020,2020,2018,2018,2018,2141,2128,2134,2137,2981,2964,2980,3429,3417,3613,3737,3808,3732
2650,0.8615,0.85708,0.05118,0.05438,218.13,431,690,1663,1764,1696,1928,1179,1718,1767,1885,2020,2020,2020,2020,2018,2018,2018,2141,2128,2134,2137,2981,2964,2980,3429,3417,3613,3737,3808,3732
2651,0.86137,0.85674,0.0512,0.05444,218.22,431,690,1663,1765,1697,1928,1179,1718,1767,1885,2020,2020,2020,2020,2018,2018,2018,2141,2128,2134,2137,2981,2964,2980,3429,3417,3613,3737,3808,3732
2652,0.86117,0.85684,0.05124,0.05442,218.31,431,691,1664,1765,1697,1928,1179,1719,1768,1885,2020,2020,2020,2020,2018,2018,2018,2141,2128,2134,2137,2981,2964,2980,3429,3417,3613,3737,3808,3732
2653,0.86083,0.85616,0.0513,0.05455,218.4,431,691,1664,1765,1698,1928,1179,1719,1768,1885,2020,2020,2020,2020,2018,2018,2018,2141,2128,2134,2137,2981,2964,2980,3429,3417,3613,3737,3808,3732
2654,0.86041,0.85623,0.05138,0.05454,218.49,431,692,1664,1766,1698,1928,1179,1719,1768,1885,2020,2020,2020,2020,2018,2018,2018,2141,2128,2134,2137,2981,2964,2980,3429,3417,3613,3737,3808,3732
2655,0.85988,0.85519,0.05147,0.05473,218.57,431,692,1665,1766,1699,1928,1179,1720,1768,1885,2020,2020,2020,2020,2018,2017,2018,2140,2128,2134,2137,2981,2964,2980,3428,3417,3613,3737,3808,3732
2656,0.85953,0.85553,0.05154,0.05467,218.67,431,692,1665,1767,1699,1928,1179,1720,1769,1885,2020,2020,2020,2020,2018,2018,2018,2141,2128,2134,2137,2981,2964,2980,3428,3417,3613,3737,3808,3732
2657,0.85961,0.85499,0.05152,0.05477,218.75,431,693,1665,1767,1700,1928,1179,1720,1769,1885,2020,2020,2020,2019,2018,2017,2017,2142,2128,2134,2137,2981,2964,2980,3428,3417,3613,3737,3808,3732
2658,0.8603,0.85624,0.0514,0.05453,218.83,431,693,1666,1767,1700,1928,1179,1721,1769,1885,2020,2021,2020,2019,2018,2017,2018,2144,2128,2134,2137,2981,2964,2980,3428,3417,3613,3737,3808,3732
2659,0.86121,0.85666,0.05123,0.05446,218.92,431,694,1666,1768,1701,1928,1179,1721,1770,1885,2020,2020,2020,2019,2017,2017,2017,2145,2128,2134,2137,2981,2964,2980,3428,3417,3613,3737,3808,3732
2660,0.86175,0.85733,0.05113,0.05433,219.01,431,694,1666,1768,1701,1928,1179,1721,1770,1885,2020,2020,2020,2019,2017,2017,2017,2146,2128,2134,2137,2981,2964,2980,3428,3417,3613,3737,3808,3732
2661,0.86161,0.85728,0.05116,0.05434,219.1,431,695,1667,1769,1702,1928,1179,1722,1770,1885,2020,2020,2020,2019,2017,2017,2017,2146,2128,2134,2137,2981,2964,2980,3428,3417,3613,3737,3808,3732
2662,0.86109,0.85657,0.05125,0.05447,219.18,431,695,1667,1769,1702,1928,1179,1722,1771,1885,2020,2020,2020,2019,2017,2017,2017,2147,2128,2134,2137,2981,2964,2980,3429,3418,3613,3737,3808,3732
2663,0.86072,0.85667,0.05132,0.05445,219.27,431,695,1668,1769,1703,1928,1179,1722,1771,1885,2020,2020,2020,2019,2018,2017,2017,2147,2128,2134,2137,2981,2964,2980,3429,3418,3613,3737,3808,3732
2664,0.86079,0.85628,0.05131,0.05453,219.36,431,696,1668,1770,1703,1928,1179,1723,1771,1885,2020,2020,2020,2018,2017,2017,2017,2147,2128,2134,2137,2981,2964,2980,3429,3418,3613,3737,3808,3732
2665,0.86125,0.85703,0.05122,0.05438,219.44,431,696,1668,1770,1703,1928,1179,1723,1771,1885,2020,2020,2020,2018,2017,2017,2018,2148,2128,2134,2137,2981,2964,2980,3429,3418,3613,3737,3808,3732
2666,0.86169,0.85715,0.05114,0.05436,219.52,431,697,1669,1771,1704,1928,1179,1724,1772,1885,2020,2020,2020,2018,2017,2017,2017,2147,2128,2134,2137,2981,2964,2980,3429,3418,3613,3737,3808,3732
2667,0.86186,0.85739,0.05111,0.05432,219.61,431,697,1669,1771,1704,1928,1179,1724,1772,1885,2020,2020,2020,2018,2017,2017,2018,2147,2128,2134,2137,2981,2964,2980,3429,3417,3613,3737,3808,3732
2668,0.86173,0.85736,0.05113,0.05432,219.69,431,698,1669,1771,1705,1928,1179,1724,1772,1885,2020,2020,2020,2018,2018,2018,2018,2146,2128,2134,2137,2981,2964,2980,3429,3417,3613,3737,3808,3732
2669,0.86148,0.85693,0.05118,0.0544,219.78,431,698,1670,1772,1705,1928,1179,1725,1773,1885,2020,2020,2020,2018,2018,2018,2018,2146,2128,2134,2137,2981,2964,2980,3429,3417,3613,3737,3808,3732
2670,0.86137,0.85711,0.0512,0.05437,219.87,431,699,1670,1772,1706,1928,1179,1725,1773,1885,2020,2020,2020,2018,2018,2018,2018,2145,2129,2134,2137,2981,2964,2980,3429,3417,3613,3737,3808,3732
2671,0.86146,0.8569,0.05118,0.05441,219.96,431,699,1670,1772,1706,1928,1179,1725,1773,1885,2020,2020,2020,2018,2018,2018,2018,2145,2129,2133,2137,2981,2964,2980,3429,3417,3613,3737,3808,3732
2672,0.86171,0.85735,0.05114,0.05432,220.05,431,699,1671,1773,1707,1928,1179,1726,1773,1885,2020,2020,2020,2018,2018,2018,2018,2144,2129,2134,2137,2981,2964,2980,3429,3417,3613,3737,3808,3732
2673,0.8619,0.85741,0.0511,0.05431,220.14,431,700,1671,1773,1707,1928,1179,1726,1774,1885,2020,2020,2020,2018,2018,2018,2018,2143,2129,2134,2137,2981,2964,2980,3429,3417,3613,3737,3808,3732
2674,0.86189,0.8574,0.0511,0.05431,220.23,431,700,1671,1774,1708,1928,1179,1727,1774,1885,2020,2020,2020,2018,2018,2018,2018,2143,2129,2134,2137,2981,2964,2980,3429,3417,3613,3737,3808,3732
2675,0.86177,0.8574,0.05113,0.05431,220.31,431,701,1672,1774,1708,1928,1179,1727,1774,1885,2020,2020,2020,2018,2018,2018,2018,2142,2129,2134,2137,2981,2964,2980,3429,3417,3613,3737,3808,3732
2676,0.86168,0.85712,0.05114,0.05437,220.4,431,701,1672,1774,1709,1928,1179,1727,1774,1885,2020,2020,2020,2018,2018,2018,2018,2141,2129,2134,2137,2981,2964,2980,3429,3417,3613,3737,3808,3732
2677,0.86173,0.85739,0.05113,0.05432,220.49,431,702,1673,1775,1709,1928,1179,1728,1775,1884,2020,2020,2020,2018,2018,2018,2018,2140,2129,2134,2137,2981,2964,2980,3429,3417,3613,3737,3808,3732
2678,0.86186,0.85735,0.05111,0.05432,220.56,431,702,1673,1775,1710,1928,1179,1728,1775,1885,2020,2020,2020,2018,2018,2018,2018,2138,2129,2134,2137,2981,2964,2980,3429,3417,3613,3737,3808,3732
2679,0.86197,0.85755,0.05109,0.05429,220.65,431,703,1673,1776,1710,1928,1179,1729,1775,1884,2020,2020,2020,2018,2018,2018,2018,2137,2129,2134,2137,2981,2964,2980,3429,3417,3613,3737,3808,3732
2680,0.86197,0.85755,0.05109,0.05428,220.73,431,703,1674,1776,1710,1928,1179,1729,1776,1884,2020,2020,2020,2018,2018,2018,2018,2137,2129,2134,2137,2981,2964,2980,3429,3417,3613,3737,3808,3732
2681,0.86191,0.85739,0.0511,0.05432,220.81,431,703,1674,1776,1711,1928,1179,1729,1776,1885,2020,2020,2020,2018,2018,2018,2018,2136,2129,2134,2137,2981,2964,2980,3429,3417,3613,3737,3808,3732
2682,0.86185,0.85746,0.05111,0.0543,220.9,431,704,1674,1777,1711,1928,1179,1730,1776,1885,2020,2020,2020,2018,2018,2018,2018,2136,2129,2134,2137,2981,2964,2980,3429,3417,3613,3737,3808,3732
2683,0.86185,0.85731,0.05111,0.05433,220.99,431,704,1675,1777,1712,1928,1179,1730,1776,1885,2020,2020,2020,2018,2018,2018,2018,2135,2130,2134,2137,2981,2964,2980,3429,3417,3613,3737,3808,3732
2684,0.86192,0.85755,0.0511,0.05429,221.08,431,705,1675,1778,1712,1928,1179,1731,1777,1885,2020,2020,2020,2018,2018,2018,2018,2136,2130,2134,2137,2981,2964,2980,3429,3417,3613,3737,3808,3732
2685,0.86199,0.85755,0.05108,0.05429,221.16,431,705,1675,1778,1713,1928,1179,1731,1777,1885,2020,2020,2020,2018,2018,2018,2018,2136,2130,2134,2137,2981,2964,2980,3429,3417,3613,3737,3808,3732
2686,0.86203,0.85765,0.05108,0.05427,221.24,431,706,1676,1778,1713,1928,1179,1731,1777,1885,2020,2020,2020,2018,2018,2018,2018,2136,2130,2134,2137,2981,2964,2980,3429,3417,3613,3737,3808,3732
2687,0.86203,0.85766,0.05108,0.05426,221.32,431,706,1676,1779,1714,1928,1179,1732,1778,1885,2020,2020,2020,2018,2018,2018,2018,2137,2130,2134,2137,2981,2964,2980,3429,3417,3613,3737,3808,3732
2688,0.862,0.85755,0.05108,0.05429,221.41,431,707,1676,1779,1714,1928,1179,1732,1778,1885,2020,2020,2020,2018,2018,2018,2018,2137,2130,2134,2137,2981,2964,2980,3429,3417,3613,3737,3808,3732
2689,0.86198,0.85765,0.05109,0.05427,221.5,431,707,1677,1780,1715,1928,1179,1733,1778,1885,2020,2020,2020,2018,2018,2018,2018,2138,2130,2134,2137,2981,2964,2980,3429,3417,3613,3737,3808,3732
2690,0.862,0.85757,0.05108,0.05428,221.58,431,708,1677,1780,1715,1928,1179,1733,1778,1885,2020,2020,2020,2018,2018,2018,2018,2138,2130,2134,2137,2981,2964,2980,3429,3417,3613,3737,3808,3732
2691,0.86205,0.8577,0.05108,0.05426,221.66,431,708,1677,1780,1716,1928,1179,1733,1779,1885,2020,2020,2020,2018,2018,2018,2018,2138,2130,2134,2137,2981,2964,2980,3429,3417,3613,3737,3808,3732
2692,0.86209,0.85766,0.05107,0.05426,221.75,431,709,1678,1781,1716,1928,1179,1734,1779,1885,2020,2020,2020,2018,2018,2018,2018,2139,2130,2134,2137,2981,2964,2980,3429,3417,3613,3737,3808,3732
2693,0.8621,0.8577,0.05106,0.05426,221.83,431,709,1678,1781,1716,1928,1179,1734,1779,1885,2020,2020,2020,2018,2018,2018,2018,2139,2130,2134,2137,2981,2964,2980,3429,3417,3613,3737,3808,3732
2694,0.8621,0.85775,0.05106,0.05425,221.92,431,709,1678,1781,1717,1928,1179,1735,1780,1885,2020,2020,2020,2018,2018,2018,2018,2139,2130,2134,2137,2981,2964,2980,3429,3417,3613,3737,3808,3732
2695,0.86209,0.85771,0.05107,0.05426,222.01,431,710,1679,1782,1717,1928,1179,1735,1780,1885,2020,2020,2020,2018,2018,2018,2018,2139,2130,2134,2137,2981,2964,2980,3429,3417,3613,3737,3808,3732
2696,0.8621,0.8578,0.05107,0.05424,222.09,431,710,1679,1782,1718,1928,1179,1735,1780,1885,2020,2020,2020,2018,2018,2018,2018,2139,2130,2134,2137,2981,2964,2980,3429,3417,3613,3737,3808,3732
2697,0.86211,0.85773,0.05106,0.05425,222.17,431,711,1680,1783,1718,1928,1179,1736,1780,1885,2020,2020,2020,2018,2018,2018,2018,2139,2130,2134,2137,2981,2964,2980,3429,3417,3613,3737,3808,3732
2698,0.86214,0.85781,0.05106,0.05424,222.25,431,711,1680,1783,1719,1928,1179,1736,1781,1885,2020,2020,2020,2018,2018,2018,2018,2139,2130,2134,2137,2981,2964,2980,3429,3417,3613,3737,3808,3732
2699,0.86216,0.85781,0.05105,0.05424,222.33,431,712,1680,1783,1719,1928,1179,1737,1781,1885,2020,2020,2020,2018,2018,2018,2018,2140,2130,2134,2137,2981,2964,2980,3429,3417,3613,3737,3808,3732
2700,0.86217,0.85784,0.05105,0.05423,222.42,431,712,1681,1784,1720,1928,1179,1737,1781,1885,2020,2020,2020,2018,2018,2018,2018,2140,2130,2134,2137,2981,2964,2980,3429,3417,3613,3737,3808,3732
2701,0.86218,0.85788,0.05105,0.05422,222.5,431,713,1681,1784,1720,1928,1179,1737,1781,1885,2020,2020,2020,2018,2018,2018,2018,2140,2130,2134,2137,2981,2964,2980,3429,3417,3613,3737,3808,3732
2702,0.86217,0.85783,0.05105,0.05423,222.59,431,713,1681,1785,1721,1928,1179,1738,1782,1885,2020,2020,2020,2018,2018,2018,2018,2140,2130,2134,2137,2981,2964,2980,3429,3417,3613,3736,3808,3732
2703,0.86218,0.85789,0.05105,0.05422,222.67,431,714,1682,1785,1721,1928,1179,1738,1782,1885,2020,2020,2020,2018,2018,2018,2018,2140,2130,2134,2137,2981,2964,2980,3429,3417,3613,3737,3808,3732
2704,0.86219,0.85785,0.05105,0.05423,222.75,431,714,1682,1785,1721,1928,1179,1738,1782,1885,2020,2020,2020,2018,2018,2018,2018,2140,2130,2134,2137,2981,2964,2980,3429,3417,3613,3736,3808,3732
2705,0.86221,0.85793,0.05105,0.05421,222.85,431,715,1682,1786,1722,1928,1179,1739,1783,1885,2020,2020,2020,2018,2018,2018,2018,2140,2129,2134,2137,2981,2964,2980,3429,3417,3613,3736,3808,3732
2706,0.86223,0.85791,0.05104,0.05422,222.93,431,715,1683,1786,1722,1928,1179,1739,1783,1885,2020,2020,2020,2018,2018,2018,2018,2140,2129,2134,2137,2981,2964,2980,3429,3417,3613,3736,3808,3732
2707,0.86224,0.85793,0.05104,0.05421,223.03,431,716,1683,1786,1723,1928,1179,1740,1783,1885,2020,2020,2020,2018,2018,2018,2018,2139,2129,2134,2137,2981,2964,2980,3429,3417,3613,3736,3808,3732
2708,0.86225,0.85793,0.05104,0.05421,223.12,431,716,1684,1787,1723,1928,1179,1740,1783,1885,2020,2020,2020,2018,2018,2018,2018,2139,2129,2134,2137,2981,2964,2980,3429,3417,3613,3736,3808,3732
2709,0.86226,0.85792,0.05104,0.05422,223.22,431,717,1684,1787,1724,1928,1179,1740,1784,1885,2020,2020,2020,2018,2018,2018,2018,2139,2129,2134,2137,2981,2964,2980,3429,3417,3613,3736,3808,3732
2710,0.86226,0.85799,0.05103,0.0542,223.32,431,717,1684,1788,1724,1928,1179,1741,1784,1885,2020,2020,2020,2018,2018,2018,2018,2139,2129,2134,2137,2981,2964,2980,3429,3417,3613,3736,3808,3732
2711,0.86227,0.85796,0.05103,0.05421,223.4,431,718,1685,1788,1725,1928,1179,1741,1784,1885,2020,2020,2020,2018,2018,2018,2018,2139,2130,2134,2137,2981,2964,2980,3429,3417,3613,3736,3808,3732
2712,0.86228,0.85802,0.05103,0.0542,223.49,431,718,1685,1788,1725,1928,1179,1742,1784,1885,2020,2020,2020,2018,2018,2018,2018,2139,2130,2134,2137,2981,2964,2980,3429,3417,3613,3736,3808,3732
2713,0.8623,0.85798,0.05103,0.0542,223.57,431,719,1685,1789,1726,1928,1179,1742,1785,1885,2020,2020,2020,2018,2018,2018,2018,2139,2130,2134,2137,2981,2964,2980,3429,3417,3613,3736,3808,3732
2714,0.86231,0.85804,0.05103,0.05419,223.65,431,719,1686,1789,1726,1928,1179,1742,1785,1885,2020,2020,2020,2018,2018,2018,2018,2139,2130,2134,2137,2981,2964,2980,3429,3417,3613,3736,3808,3732
2715,0.86232,0.85804,0.05102,0.05419,223.75,431,719,1686,1790,1726,1928,1179,1743,1785,1885,2020,2020,2020,2018,2018,2018,2018,2139,2130,2134,2137,2981,2964,2980,3429,3417,3613,3736,3808,3732
2716,0.86234,0.85807,0.05102,0.05419,223.83,431,720,1687,1790,1727,1928,1179,1743,1786,1885,2020,2020,2020,2018,2018,2018,2018,2138,2130,2134,2137,2981,2964,2980,3429,3417,3613,3736,3808,3732
2717,0.86235,0.85806,0.05102,0.05419,223.91,431,720,1687,1790,1727,1928,1179,1743,1786,1885,2020,2020,2020,2018,2018,2018,2018,2138,2130,2134,2137,2981,2964,2980,3429,3417,3613,3736,3808,3732
2718,0.86236,0.85805,0.05102,0.05419,223.99,431,721,1687,1791,1728,1928,1179,1744,1786,1885,2020,2020,2020,2018,2018,2018,2018,2138,2130,2134,2137,2981,2964,2980,3429,3417,3613,3736,3808,3732
2719,0.86237,0.8581,0.05102,0.05418,224.08,431,721,1688,1791,1728,1928,1179,1744,1787,1885,2020,2020,2020,2018,2018,2018,2018,2138,2130,2134,2137,2981,2964,2980,3429,3417,3613,3736,3808,3732
2720,0.86237,0.8581,0.05101,0.05418,224.16,431,722,1688,1791,1729,1928,1179,1744,1787,1885,2020,2020,2020,2018,2018,2018,2018,2138,2130,2134,2137,2981,2964,2980,3429,3417,3613,3736,3808,3732
2721,0.86238,0.85815,0.05101,0.05417,224.24,431,722,1688,1792,1729,1928,1179,1745,1787,1885,2020,2020,2020,2018,2018,2018,2018,2138,2130,2134,2137,2981,2964,2980,3429,3417,3613,3736,3808,3732
2722,0.86239,0.8581,0.05101,0.05418,224.32,431,723,1689,1792,1730,1928,1179,1745,1787,1885,2020,2020,2020,2018,2018,2018,2018,2138,2130,2134,2137,2981,2964,2980,3429,3417,3613,3736,3808,3732
2723,0.8624,0.85816,0.05101,0.05417,224.41,431,723,1689,1793,1730,1928,1179,1746,1788,1885,2020,2020,2020,2018,2018,2018,2018,2138,2130,2134,2137,2981,2964,2980,3429,3417,3613,3736,3808,3732
2724,0.86241,0.85814,0.05101,0.05417,224.49,431,724,1689,1793,1731,1928,1179,1746,1788,1885,2020,2020,2020,2018,2018,2018,2018,2138,2130,2134,2137,2981,2964,2980,3429,3417,3613,3736,3808,3732
2725,0.86242,0.85821,0.05101,0.05416,224.58,431,724,1690,1793,1731,1928,1179,1746,1788,1885,2020,2020,2020,2018,2018,2018,2018,2139,2130,2134,2137,2981,2964,2980,3429,3417,3613,3736,3808,3732
2726,0.86243,0.85817,0.051,0.05417,224.66,431,725,1690,1794,1731,1928,1179,1747,1788,1885,2020,2020,2020,2018,2018,2018,2018,2139,2130,2134,2137,2981,2964,2980,3429,3417,3613,3736,3808,3732
2727,0.86244,0.85822,0.051,0.05416,224.74,431,725,1690,1794,1732,1928,1179,1747,1789,1885,2020,2020,2020,2018,2018,2018,2018,2139,2130,2134,2137,2981,2964,2980,3429,3417,3613,3736,3808,3732
2728,0.86245,0.85819,0.051,0.05416,224.83,431,726,1691,1794,1732,1928,1179,1747,1789,1885,2020,2020,2020,2018,2018,2018,2018,2139,2130,2134,2137,2981,2964,2980,3429,3417,3613,3736,3808,3732
2729,0.86246,0.85826,0.051,0.05415,224.92,431,726,1691,1795,1733,1928,1179,1748,1789,1885,2020,2020,2020,2018,2018,2018,2018,2139,2130,2134,2137,2981,2964,2980,3429,3417,3613,3736,3808,3732
2730,0.86247,0.85823,0.051,0.05416,225.0,431,727,1692,1795,1733,1928,1179,1748,1790,1885,2020,2020,2020,2018,2018,2018,2018,2139,2130,2134,2137,2981,2964,2980,3429,3417,3613,3736,3808,3732
2731,0.86248,0.85828,0.05099,0.05415,225.08,431,727,1692,1796,1734,1928,1179,1749,1790,1885,2020,2020,2020,2018,2018,2018,2018,2139,2130,2134,2137,2981,2964,2980,3429,3417,3613,3736,3808,3732
2732,0.86249,0.85823,0.05099,0.05416,225.16,431,728,1692,1796,1734,1928,1179,1749,1790,1885,2020,2020,2020,2018,2018,2018,2018,2139,2130,2134,2137,2981,2964,2980,3429,3417,3613,3736,3808,3732
2733,0.8625,0.85829,0.05099,0.05414,225.25,431,728,1693,1796,1735,1928,1179,1749,1790,1885,2020,2020,2020,2018,2018,2018,2018,2139,2130,2134,2137,2981,2964,2980,3429,3417,3613,3736,3808,3732
2734,0.8625,0.85825,0.05099,0.05415,225.34,431,729,1693,1797,1735,1928,1179,1750,1791,1885,2020,2020,2020,2018,2018,2018,2018,2138,2130,2134,2137,2981,2964,2980,3429,3417,3613,3736,3808,3732
2735,0.86251,0.85834,0.05099,0.05414,225.44,431,729,1693,1797,1735,1928,1179,1750,1791,1885,2020,2020,2020,2018,2018,2018,2018,2138,2130,2134,2137,2981,2964,2980,3429,3417,3613,3736,3808,3732
2736,0.86251,0.85826,0.05099,0.05415,225.53,431,730,1694,1797,1736,1928,1179,1751,1791,1885,2020,2020,2020,2018,2018,2018,2018,2138,2130,2134,2137,2981,2964,2980,3429,3417,3613,3736,3808,3732
2737,0.86251,0.85835,0.05099,0.05413,225.63,431,730,1694,1798,1736,1928,1179,1751,1791,1885,2020,2020,2020,2018,2018,2018,2018,2138,2130,2134,2137,2981,2964,2980,3429,3417,3613,3736,3808,3732
2738,0.86251,0.85826,0.05099,0.05415,225.71,431,731,1694,1798,1737,1928,1179,1751,1792,1885,2020,2020,2020,2018,2018,2018,2018,2138,2130,2134,2137,2981,2964,2980,3429,3417,3613,3736,3808,3732
2739,0.86251,0.85838,0.05099,0.05413,225.79,431,731,1695,1799,1737,1928,1179,1752,1792,1885,2020,2020,2020,2018,2018,2018,2018,2139,2130,2134,2137,2981,2964,2980,3429,3417,3613,3736,3808,3732
2740,0.86251,0.85826,0.05099,0.05415,225.87,431,732,1695,1799,1738,1928,1179,1752,1792,1885,2020,2020,2020,2018,2018,2018,2018,2139,2130,2134,2137,2981,2964,2980,3429,3417,3613,3736,3808,3732
2741,0.8625,0.85837,0.05099,0.05413,225.95,431,732,1695,1799,1738,1928,1179,1753,1793,1885,2020,2020,2020,2018,2018,2018,2018,2139,2130,2134,2137,2981,2964,2980,3429,3417,3613,3736,3808,3732
2742,0.86249,0.85822,0.05099,0.05416,226.04,431,733,1696,1800,1739,1928,1179,1753,1793,1885,2020,2020,2020,2018,2018,2018,2018,2139,2130,2134,2137,2981,2964,2980,3429,3417,3613,3736,3808,3732
2743,0.86247,0.85839,0.051,0.05413,226.12,431,733,1696,1800,1739,1928,1179,1753,1793,1885,2020,2020,2020,2018,2018,2018,2018,2139,2130,2134,2137,2981,2964,2980,3429,3417,3613,3736,3808,3732
2744,0.86244,0.85822,0.051,0.05416,226.21,431,734,1696,1800,1739,1928,1179,1754,1793,1885,2020,2020,2020,2018,2018,2018,2018,2139,2130,2134,2137,2981,2964,2980,3429,3417,3613,3736,3808,3732
2745,0.86242,0.85838,0.05101,0.05413,226.29,431,734,1697,1801,1740,1928,1179,1754,1794,1885,2020,2020,2020,2018,2018,2018,2018,2139,2130,2134,2137,2981,2964,2980,3429,3417,3613,3736,3808,3732
2746,0.8624,0.85816,0.05101,0.05417,226.37,431,735,1697,1801,1740,1928,1179,1754,1794,1885,2020,2020,2020,2018,2018,2018,2018,2139,2130,2134,2137,2981,2964,2980,3429,3417,3613,3736,3808,3732
2747,0.86237,0.85838,0.05102,0.05413,226.45,431,735,1697,1801,1741,1928,1179,1755,1794,1885,2020,2020,2020,2018,2018,2018,2018,2139,2130,2134,2137,2981,2964,2980,3429,3417,3613,3736,3808,3732
2748,0.86236,0.85816,0.05102,0.05417,226.54,431,736,1698,1802,1741,1928,1179,1755,1795,1885,2020,2020,2020,2018,2018,2018,2018,2139,2130,2134,2137,2981,2964,2980,3429,3417,3613,3736,3808,3732
2749,0.86237,0.85837,0.05102,0.05413,226.63,431,736,1698,1802,1742,1928,1179,1755,1795,1885,2020,2020,2020,2018,2018,2018,2018,2139,2130,2134,2137,2981,2964,2980,3429,3417,3613,3736,3808,3732
2750,0.86239,0.85815,0.05101,0.05417,226.71,431,737,1699,1803,1742,1928,1179,1756,1795,1885,2020,2020,2020,2018,2018,2018,2018,2139,2130,2134,2137,2981,2964,2980,3429,3417,3613,3736,3808,3732
2751,0.86243,0.85839,0.051,0.05412,226.8,431,737,1699,1803,1743,1928,1179,1756,1795,1885,2020,2020,2020,2018,2018,2018,2018,2139,2130,2134,2137,2981,2964,2980,3429,3417,3613,3736,3808,3732
2752,0.86248,0.85824,0.05099,0.05415,226.88,431,738,1699,1803,1743,1928,1179,1757,1796,1885,2020,2020,2020,2018,2018,2018,2018,2139,2130,2134,2137,2981,2964,2980,3429,3417,3613,3736,3808,3732
2753,0.86254,0.85847,0.05098,0.05411,226.97,431,738,1700,1804,1743,1928,1179,1757,1796,1885,2020,2020,2020,2018,2018,2018,2018,2139,2130,2134,2137,2981,2964,2980,3429,3417,3613,3736,3808,3732
2754,0.86259,0.85837,0.05097,0.05413,227.07,431,739,1700,1804,1744,1928,1179,1757,1796,1885,2020,2020,2020,2018,2018,2017,2018,2139,2130,2134,2137,2981,2964,2980,3429,3417,3613,3736,3808,3732
2755,0.86265,0.85853,0.05096,0.0541,227.15,431,739,1700,1804,1744,1928,1179,1758,1796,1885,2020,2020,2020,2018,2018,2018,2018,2139,2130,2134,2137,2981,2964,2980,3429,3417,3613,3736,3808,3732
2756,0.8627,0.85848,0.05096,0.05411,227.25,431,740,1701,1805,1745,1928,1179,1758,1797,1885,2020,2020,2020,2018,2018,2018,2018,2139,2130,2134,2137,2981,2964,2980,3429,3417,3613,3736,3808,3732
2757,0.86273,0.85859,0.05095,0.05409,227.34,431,740,1701,1805,1745,1928,1179,1759,1797,1885,2020,2020,2020,2018,2018,2018,2018,2139,2130,2134,2137,2981,2964,2980,3429,3417,3613,3736,3808,3732
2758,0.86276,0.85857,0.05094,0.05409,227.42,431,741,1702,1805,1746,1928,1179,1759,1797,1885,2020,2020,2020,2018,2018,2018,2018,2139,2130,2134,2137,2981,2964,2980,3429,3417,3613,3736,3808,3732
2759,0.86277,0.85859,0.05094,0.05409,227.52,431,741,1702,1806,1746,1928,1179,1759,1797,1885,2020,2020,2020,2018,2018,2018,2018,2139,2130,2134,2137,2981,2964,2980,3429,3417,3613,3736,3808,3732
2760,0.86278,0.85859,0.05094,0.05409,227.61,431,742,1702,1806,1746,1928,1179,1760,1798,1885,2020,2020,2020,2018,2018,2018,2018,2139,2130,2134,2137,2981,2964,2980,3429,3417,3613,3736,3808,3732
2761,0.86278,0.85858,0.05094,0.05409,227.7,431,742,1703,1807,1747,1928,1179,1760,1798,1885,2020,2020,2020,2018,2018,2018,2018,2139,2130,2134,2137,2981,2964,2980,3429,3417,3613,3736,3808,3731
2762,0.86278,0.85863,0.05094,0.05408,227.8,431,743,1703,1807,1747,1928,1179,1760,1798,1885,2020,2020,2020,2018,2018,2018,2018,2139,2130,2134,2137,2981,2964,2980,3429,3417,3613,3736,3808,3731
2763,0.86277,0.85857,0.05094,0.05409,227.88,431,743,1703,1807,1748,1928,1179,1761,1798,1885,2020,2020,2020,2018,2018,2018,2018,2139,2130,2134,2137,2981,2964,2980,3429,3417,3613,3736,3808,3731
2764,0.86276,0.85864,0.05094,0.05408,227.97,431,744,1704,1808,1748,1928,1179,1761,1799,1885,2020,2020,2020,2018,2018,2018,2018,2139,2130,2134,2137,2981,2964,2980,3429,3417,3613,3736,3808,3731
2765,0.86275,0.8585,0.05095,0.0541,228.06,431,744,1704,1808,1749,1928,1179,1761,1799,1885,2020,2020,2020,2018,2018,2018,2018,2139,2130,2134,2137,2981,2964,2980,3429,3417,3613,3736,3808,3731
2766,0.86272,0.85862,0.05095,0.05408,228.15,431,745,1704,1808,1749,1928,1179,1762,1799,1885,2020,2020,2020,2018,2018,2018,2018,2139,2130,2134,2137,2981,2964,2980,3429,3417,3613,3736,3808,3731
2767,0.86268,0.85843,0.05096,0.05412,228.24,431,745,1705,1809,1750,1928,1179,1762,1800,1885,2020,2020,2020,2018,2018,2018,2018,2139,2130,2134,2137,2981,2964,2980,3429,3417,3613,3736,3808,3731
2768,0.86262,0.85855,0.05097,0.05409,228.32,431,746,1705,1809,1750,1928,1179,1762,1800,1885,2020,2020,2020,2018,2018,2018,2018,2139,2130,2134,2137,2981,2964,2980,3429,3417,3613,3736,3808,3731
2769,0.86254,0.85827,0.05098,0.05415,228.41,431,746,1706,1809,1750,1928,1179,1763,1800,1885,2020,2020,2020,2018,2018,2018,2018,2139,2130,2134,2137,2981,2964,2980,3429,3417,3613,3736,3808,3731
2770,0.86245,0.85844,0.051,0.05412,228.49,431,747,1706,1810,1751,1928,1179,1763,1800,1885,2020,2020,2020,2018,2018,2018,2018,2139,2130,2134,2137,2981,2964,2980,3429,3417,3613,3736,3808,3731
2771,0.86236,0.85812,0.05102,0.05418,228.58,431,747,1706,1810,1751,1928,1179,1763,1801,1885,2020,2020,2020,2018,2018,2018,2018,2139,2130,2134,2137,2981,2964,2980,3429,3417,3613,3736,3808,3731
2772,0.86228,0.85834,0.05103,0.05413,228.66,431,748,1707,1811,1752,1928,1179,1764,1801,1885,2020,2020,2020,2018,2018,2018,2018,2139,2130,2134,2137,2981,2964,2980,3429,3417,3613,3736,3808,3731
2773,0.86222,0.85798,0.05104,0.0542,228.75,431,748,1707,1811,1752,1928,1179,1764,1801,1885,2020,2020,2020,2018,2018,2018,2018,2139,2130,2134,2137,2981,2964,2980,3429,3417,3613,3736,3808,3731
2774,0.8622,0.85828,0.05105,0.05415,228.84,431,749,1707,1811,1753,1928,1179,1764,1801,1885,2020,2020,2020,2018,2018,2018,2018,2139,2130,2134,2137,2981,2964,2980,3429,3417,3613,3736,3808,3731
2775,0.86224,0.858,0.05104,0.0542,228.92,431,749,1708,1812,1753,1928,1179,1765,1802,1885,2020,2020,2020,2018,2018,2017,2017,2139,2130,2134,2137,2981,2964,2980,3428,3417,3613,3736,3808,3731
2776,0.86234,0.8584,0.05102,0.05412,229.01,431,750,1708,1812,1754,1928,1179,1765,1802,1885,2020,2020,2020,2018,2018,2018,2018,2139,2130,2134,2137,2981,2964,2980,3429,3417,3613,3736,3808,3731
2777,0.8625,0.8583,0.05099,0.05414,229.09,431,750,1708,1812,1754,1928,1179,1766,1802,1885,2020,2020,2020,2018,2017,2017,2017,2139,2130,2134,2137,2981,2964,2980,3428,3417,3613,3736,3807,3731
2778,0.86268,0.85867,0.05096,0.05407,229.17,431,751,1709,1813,1754,1928,1179,1766,1802,1885,2020,2020,2020,2018,2018,2017,2017,2139,2130,2134,2137,2981,2964,2980,3429,3417,3613,3736,3807,3731
2779,0.86282,0.85864,0.05093,0.05408,229.25,431,751,1709,1813,1755,1928,1179,1766,1803,1885,2020,2020,2020,2018,2017,2017,2017,2139,2130,2134,2137,2981,2964,2980,3429,3417,3613,3736,3807,3731
2780,0.86291,0.85882,0.05091,0.05404,229.33,431,752,1710,1813,1755,1928,1179,1767,1803,1885,2020,2020,2020,2018,2017,2017,2017,2139,2130,2134,2137,2981,2964,2980,3429,3417,3613,3736,3807,3731
2781,0.86294,0.85882,0.05091,0.05404,229.43,431,752,1710,1814,1756,1928,1179,1767,1803,1885,2020,2020,2020,2018,2017,2017,2017,2139,2130,2134,2137,2981,2964,2980,3429,3417,3613,3736,3807,3731
2782,0.86291,0.85874,0.05092,0.05406,229.51,431,752,1710,1814,1756,1928,1179,1767,1804,1885,2020,2020,2020,2018,2017,2017,2018,2139,2130,2134,2137,2981,2964,2980,3429,3417,3613,3736,3807,3731
2783,0.86285,0.85878,0.05093,0.05405,229.59,431,753,1711,1814,1757,1928,1179,1768,1804,1885,2020,2020,2020,2018,2018,2018,2018,2139,2130,2134,2137,2981,2964,2980,3429,3417,3613,3736,3807,3731
2784,0.86276,0.85854,0.05094,0.0541,229.67,431,753,1711,1815,1757,1928,1179,1768,1804,1885,2020,2020,2020,2018,2018,2018,2018,2138,2130,2134,2137,2981,2964,2980,3429,3417,3613,3736,3807,3731
2785,0.86266,0.85866,0.05096,0.05407,229.76,431,754,1711,1815,1757,1928,1179,1768,1804,1885,2020,2020,2020,2018,2018,2018,2018,2139,2130,2134,2137,2981,2964,2980,3429,3417,3613,3736,3807,3731
2786,0.86258,0.85838,0.05098,0.05413,229.84,431,754,1712,1815,1758,1928,1179,1769,1805,1885,2020,2020,2020,2018,2018,2018,2018,2139,2130,2134,2137,2981,2964,2980,3429,3417,3613,3736,3807,3731
2787,0.86251,0.85858,0.05099,0.05409,229.93,431,755,1712,1816,1758,1928,1179,1769,1805,1885,2020,2020,2020,2018,2018,2018,2018,2139,2130,2134,2137,2981,2964,2980,3429,3417,3613,3736,3806,3731
2788,0.86249,0.8583,0.05099,0.05414,230.02,431,755,1712,1816,1759,1928,1179,1770,1805,1885,2020,2020,2020,2018,2018,2018,2018,2139,2130,2134,2137,2981,2964,2980,3429,3417,3613,3736,3806,3731
2789,0.86253,0.85859,0.05099,0.05409,230.1,431,756,1713,1817,1759,1928,1179,1770,1805,1885,2020,2020,2020,2018,2018,2018,2018,2139,2130,2134,2137,2981,2964,2980,3429,3417,3613,3736,3806,3731
2790,0.86263,0.85844,0.05097,0.05412,230.18,431,756,1713,1817,1760,1928,1179,1770,1806,1885,2020,2020,2020,2018,2018,2018,2018,2139,2130,2134,2137,2981,2964,2980,3428,3417,3613,3736,3806,3731
2791,0.86276,0.85877,0.05094,0.05405,230.27,431,757,1714,1817,1760,1928,1179,1771,1806,1885,2020,2020,2020,2018,2018,2018,2018,2139,2130,2134,2137,2981,2964,2980,3428,3417,3613,3736,3806,3731
2792,0.86289,0.85874,0.05092,0.05406,230.36,431,757,1714,1818,1761,1928,1179,1771,1806,1885,2020,2020,2020,2018,2018,2018,2018,2139,2130,2134,2137,2981,2964,2980,3428,3417,3613,3736,3806,3731
2793,0.86298,0.8589,0.0509,0.05403,230.46,431,758,1714,1818,1761,1928,1179,1771,1806,1885,2020,2020,2020,2018,2018,2018,2018,2139,2130,2134,2137,2981,2964,2980,3429,3417,3613,3736,3805,3731
2794,0.86301,0.85887,0.0509,0.05403,230.54,431,758,1715,1818,1761,1928,1179,1772,1807,1885,2020,2020,2020,2018,2018,2018,2018,2138,2130,2134,2137,2981,2964,2980,3429,3417,3613,3736,3805,3731
2795,0.86299,0.85884,0.0509,0.05404,230.62,431,759,1715,1819,1762,1928,1179,1772,1807,1885,2020,2020,2020,2018,2018,2018,2018,2138,2130,2134,2137,2980,2964,2980,3429,3417,3613,3736,3805,3731
2796,0.86295,0.8589,0.05091,0.05403,230.71,431,759,1715,1819,1762,1928,1179,1772,1807,1885,2020,2020,2020,2018,2018,2018,2018,2139,2130,2134,2137,2981,2964,2980,3429,3417,3613,3736,3805,3731
2797,0.86289,0.85871,0.05092,0.05406,230.8,431,760,1716,1819,1763,1928,1179,1773,1808,1885,2020,2020,2020,2018,2018,2018,2018,2138,2130,2134,2137,2980,2964,2980,3429,3417,3613,3736,3805,3731
2798,0.86284,0.8588,0.05093,0.05405,230.88,431,760,1716,1820,1763,1928,1179,1773,1808,1885,2020,2020,2020,2018,2018,2018,2018,2139,2130,2134,2137,2981,2964,2980,3429,3417,3613,3736,3805,3731
2799,0.86278,0.85856,0.05094,0.05409,230.98,431,761,1716,1820,1764,1928,1179,1773,1808,1885,2020,2020,2020,2018,2018,2017,2018,2139,2130,2134,2137,2980,2964,2980,3429,3417,3613,3736,3805,3731
2800,0.86276,0.85876,0.05094,0.05405,231.07,431,761,1717,1821,1764,1928,1179,1774,1808,1885,2020,2020,2020,2018,2018,2018,2018,2139,2130,2134,2137,2981,2964,2980,3429,3417,3613,3736,3805,3731
2801,0.86276,0.85858,0.05094,0.05409,231.15,431,761,1717,1821,1764,1928,1179,1774,1809,1885,2020,2020,2020,2018,2018,2017,2018,2139,2130,2134,2137,2980,2964,2980,3429,3417,3613,3736,3805,3731
2802,0.86279,0.85882,0.05094,0.05404,231.23,431,762,1718,1821,1765,1928,1179,1774,1809,1885,2020,2020,2020,2018,2018,2018,2018,2139,2130,2134,2137,2980,2964,2980,3429,3417,3613,3736,3805,3731
2803,0.86284,0.85867,0.05093,0.05407,231.32,431,762,1718,1822,1765,1928,1179,1775,1809,1885,2020,2020,2020,2018,2018,2017,2018,2139,2130,2134,2137,2980,2964,2980,3428,3417,3613,3736,3805,3731
2804,0.86292,0.85891,0.05091,0.05403,231.4,431,763,1718,1822,1766,1928,1179,1775,1810,1885,2020,2020,2020,2018,2018,2018,2018,2139,2130,2134,2137,2980,2964,2980,3429,3417,3613,3736,3805,3731
2805,0.86299,0.85883,0.0509,0.05404,231.48,431,763,1719,1822,1766,1928,1179,1776,1810,1885,2020,2020,2020,2018,2018,2018,2018,2139,2130,2134,2137,2980,2964,2980,3428,3417,3613,3736,3805,3731
2806,0.86306,0.85901,0.05089,0.05401,231.57,431,764,1719,1823,1767,1928,1179,1776,1810,1885,2020,2020,2020,2018,2018,2018,2018,2139,2130,2134,2137,2980,2964,2980,3429,3417,3613,3736,3805,3731
2807,0.8631,0.85898,0.05088,0.05401,231.66,431,764,1719,1823,1767,1928,1179,1776,1810,1885,2020,2020,2020,2018,2018,2018,2018,2138,2130,2134,2137,2980,2964,2980,3429,3417,3613,3736,3805,3731
2808,0.86313,0.85904,0.05087,0.054,231.73,431,765,1720,1823,1767,1928,1179,1777,1811,1885,2020,2020,2020,2018,2018,2018,2018,2138,2130,2134,2137,2980,2964,2980,3429,3417,3613,3736,3805,3731
2809,0.86314,0.85904,0.05087,0.054,231.83,431,765,1720,1824,1768,1928,1179,1777,1811,1885,2020,2020,2020,2018,2018,2018,2018,2138,2130,2134,2137,2980,2964,2980,3429,3417,3613,3736,3805,3731
2810,0.86314,0.85902,0.05087,0.054,231.91,431,766,1720,1824,1768,1928,1179,1777,1811,1885,2020,2020,2020,2018,2018,2018,2018,2138,2130,2134,2137,2980,2964,2980,3429,3417,3613,3736,3805,3731
2811,0.86313,0.8591,0.05087,0.05399,231.98,431,766,1721,1824,1769,1928,1179,1778,1812,1885,2020,2020,2020,2018,2018,2018,2018,2139,2130,2134,2137,2980,2964,2980,3429,3417,3613,3736,3805,3731
2812,0.86312,0.85901,0.05088,0.05401,232.06,431,767,1721,1825,1769,1928,1179,1778,1812,1885,2020,2020,2020,2018,2018,2018,2018,2139,2130,2134,2137,2980,2964,2980,3429,3417,3613,3736,3805,3731
2813,0.8631,0.85909,0.05088,0.05399,232.15,431,767,1721,1825,1770,1928,1179,1778,1812,1885,2020,2020,2020,2018,2018,2018,2018,2139,2130,2134,2137,2980,2964,2980,3429,3417,3613,3736,3805,3731
2814,0.86308,0.85894,0.05088,0.05402,232.23,431,768,1722,1826,1770,1928,1179,1779,1812,1885,2020,2020,2020,2018,2018,2018,2018,2139,2130,2134,2137,2980,2964,2980,3429,3417,3613,3735,3805,3731
2815,0.86306,0.85908,0.05089,0.05399,232.32,431,768,1722,1826,1770,1928,1179,1779,1813,1885,2020,2020,2020,2018,2018,2018,2018,2139,2130,2134,2137,2980,2964,2980,3429,3417,3613,3735,3805,3731
2816,0.86304,0.85893,0.05089,0.05402,232.41,431,769,1722,1826,1771,1928,1179,1780,1813,1885,2020,2020,2020,2018,2018,2018,2018,2139,2130,2134,2137,2980,2964,2980,3429,3417,3613,3735,3805,3731
2817,0.86303,0.85908,0.05089,0.05399,232.49,431,769,1723,1827,1771,1928,1179,1780,1813,1885,2020,2020,2020,2018,2018,2018,2018,2139,2130,2134,2137,2980,2964,2980,3429,3417,3613,3735,3805,3731
2818,0.86303,0.85891,0.05089,0.05403,232.58,431,770,1723,1827,1772,1928,1179,1780,1813,1885,2020,2020,2020,2018,2018,2018,2018,2139,2130,2134,2137,2980,2964,2980,3429,3417,3613,3735,3805,3731
2819,0.86305,0.8591,0.05089,0.05399,232.66,431,770,1724,1827,1772,1928,1179,1781,1814,1885,2020,2020,2020,2018,2018,2018,2018,2139,2130,2134,2137,2980,2964,2980,3429,3417,3613,3735,3805,3731
2820,0.86307,0.85898,0.05089,0.05401,232.75,431,771,1724,1828,1773,1928,1179,1781,1814,1885,2020,2020,2020,2018,2018,2018,2018,2139,2130,2134,2137,2980,2964,2980,3429,3417,3613,3735,3805,3731
2821,0.86311,0.85915,0.05088,0.05398,232.85,431,771,1724,1828,1773,1928,1179,1781,1814,1885,2020,2020,2020,2018,2018,2018,2018,2139,2130,2134,2137,2980,2964,2980,3429,3417,3613,3735,3805,3731
2822,0.86316,0.85906,0.05087,0.054,232.94,431,772,1725,1828,1773,1928,1179,1782,1815,1885,2020,2020,2020,2018,2018,2018,2018,2139,2130,2134,2137,2980,2964,2980,3429,3417,3613,3735,3805,3731
2823,0.86321,0.85923,0.05086,0.05396,233.02,431,772,1725,1829,1774,1928,1179,1782,1815,1885,2020,2020,2020,2018,2018,2018,2018,2139,2130,2134,2137,2980,2964,2980,3429,3417,3613,3735,3805,3731
2824,0.86325,0.85919,0.05085,0.05397,233.1,431,773,1725,1829,1774,1928,1179,1782,1815,1885,2020,2020,2020,2018,2018,2018,2018,2139,2130,2134,2137,2980,2964,2980,3429,3417,3613,3735,3805,3731
2825,0.86328,0.85932,0.05085,0.05395,233.18,431,773,1726,1829,1775,1928,1179,1783,1815,1885,2020,2020,2020,2018,2018,2018,2018,2139,2130,2134,2137,2980,2964,2980,3429,3417,3613,3735,3805,3731
2826,0.86331,0.8593,0.05084,0.05395,233.26,431,773,1726,1830,1775,1928,1179,1783,1816,1885,2020,2020,2020,2018,2018,2018,2018,2139,2130,2134,2137,2980,2964,2980,3429,3417,3613,3735,3805,3731
2827,0.86332,0.85933,0.05084,0.05394,233.35,431,774,1726,1830,1776,1928,1179,1783,1816,1885,2020,2020,2020,2018,2018,2018,2018,2139,2130,2134,2137,2980,2964,2980,3429,3417,3613,3735,3805,3731
2828,0.86333,0.85932,0.05084,0.05395,233.44,431,774,1727,1831,1776,1928,1179,1784,1816,1885,2020,2020,2020,2018,2018,2018,2018,2139,2130,2134,2137,2980,2964,2980,3429,3417,3613,3735,3805,3731
2829,0.86335,0.85936,0.05083,0.05394,233.53,431,775,1727,1831,1776,1928,1179,1784,1816,1885,2020,2020,2020,2018,2018,2018,2018,2139,2130,2134,2137,2980,2964,2980,3429,3417,3613,3735,3805,3731
2830,0.86335,0.85938,0.05083,0.05394,233.62,431,775,1727,1831,1777,1928,1179,1784,1817,1885,2020,2020,2020,2018,2018,2018,2018,2139,2130,2134,2137,2980,2964,2980,3429,3417,3613,3735,3805,3731
2831,0.86336,0.85937,0.05083,0.05394,233.7,431,776,1728,1832,1777,1928,1179,1785,1817,1885,2020,2020,2020,2018,2018,2018,2018,2138,2130,2134,2137,2980,2964,2980,3429,3417,3613,3735,3805,3731
2832,0.86337,0.85941,0.05083,0.05393,233.78,431,776,1728,1832,1778,1928,1179,1785,1817,1885,2020,2020,2020,2018,2018,2018,2018,2138,2130,2134,2137,2980,2964,2980,3429,3417,3613,3735,3805,3731
2833,0.86338,0.85939,0.05083,0.05393,233.87,431,777,1728,1832,1778,1928,1179,1785,1818,1885,2020,2020,2020,2018,2018,2018,2018,2138,2130,2134,2137,2980,2964,2980,3429,3417,3613,3735,3805,3731
2834,0.86338,0.85946,0.05083,0.05392,233.96,431,777,1729,1833,1779,1928,1179,1786,1818,1885,2020,2020,2020,2018,2018,2018,2018,2139,2130,2134,2137,2980,2964,2980,3429,3417,3613,3735,3805,3731
2835,0.86339,0.85942,0.05083,0.05393,234.04,431,778,1729,1833,1779,1928,1179,1786,1818,1885,2020,2020,2020,2018,2018,2018,2018,2139,2130,2134,2137,2980,2964,2980,3429,3417,3613,3735,3805,3731
2836,0.86339,0.85947,0.05083,0.05392,234.14,431,778,1729,1833,1779,1928,1179,1787,1818,1885,2020,2020,2020,2018,2018,2018,2018,2139,2130,2134,2137,2980,2964,2980,3429,3417,3613,3735,3805,3731
2837,0.86339,0.8594,0.05083,0.05393,234.23,431,779,1730,1834,1780,1928,1179,1787,1819,1885,2020,2020,2020,2018,2018,2018,2018,2139,2130,2134,2137,2980,2964,2980,3429,3417,3613,3735,3805,3731
2838,0.86339,0.8595,0.05083,0.05391,234.32,431,779,1730,1834,1780,1928,1179,1787,1819,1885,2020,2020,2020,2018,2018,2018,2018,2139,2130,2134,2137,2980,2964,2980,3429,3417,3613,3735,3805,3731
2839,0.86338,0.85943,0.05083,0.05393,234.4,431,780,1730,1834,1781,1928,1179,1788,1819,1885,2020,2020,2020,2018,2018,2018,2018,2139,2130,2134,2137,2980,2964,2980,3429,3417,3613,3735,3805,3731
2840,0.86338,0.85952,0.05083,0.05391,234.48,431,780,1731,1835,1781,1928,1179,1788,1819,1885,2020,2020,2020,2018,2018,2018,2018,2139,2130,2134,2137,2980,2964,2980,3429,3417,3613,3735,3806,3731
2841,0.86336,0.8594,0.05083,0.05393,234.57,431,781,1731,1835,1782,1928,1179,1788,1820,1885,2020,2020,2020,2018,2018,2018,2018,2139,2130,2134,2137,2980,2964,2980,3429,3417,3613,3735,3806,3731
2842,0.86334,0.85953,0.05083,0.05391,234.65,431,781,1732,1835,1782,1928,1179,1789,1820,1885,2020,2020,2020,2018,2018,2018,2018,2139,2130,2134,2137,2980,2964,2980,3429,3417,3613,3735,3806,3731
2843,0.86332,0.85938,0.05084,0.05394,234.73,431,782,1732,1836,1782,1928,1179,1789,1820,1885,2020,2020,2020,2018,2018,2018,2018,2139,2130,2134,2137,2980,2964,2980,3429,3417,3613,3735,3806,3731
2844,0.86329,0.8595,0.05084,0.05391,234.81,431,782,1732,1836,1783,1928,1179,1789,1820,1885,2020,2020,2020,2018,2018,2018,2018,2139,2130,2134,2137,2980,2964,2980,3429,3417,3613,3735,3806,3731
2845,0.86325,0.85927,0.05085,0.05396,234.9,431,783,1733,1836,1783,1928,1179,1790,1821,1885,2020,2020,2020,2018,2018,2018,2018,2139,2130,2134,2137,2980,2964,2979,3429,3417,3613,3735,3806,3731
2846,0.86321,0.85942,0.05086,0.05393,234.98,431,783,1733,1837,1784,1928,1179,1790,1821,1885,2020,2020,2020,2018,2018,2018,2018,2139,2130,2134,2137,2980,2964,2980,3429,3417,3613,3735,3806,3731
2847,0.86316,0.85919,0.05087,0.05397,235.06,431,784,1733,1837,1784,1928,1179,1790,1821,1885,2020,2020,2020,2018,2018,2018,2018,2139,2130,2134,2137,2980,2964,2979,3429,3417,3613,3735,3806,3731
2848,0.86312,0.8594,0.05088,0.05393,235.15,431,784,1734,1837,1784,1928,1179,1791,1821,1885,2020,2020,2020,2018,2018,2018,2018,2139,2130,2134,2137,2980,2964,2980,3429,3417,3613,3735,3806,3731
2849,0.86309,0.85916,0.05088,0.05398,235.24,431,785,1734,1838,1785,1928,1179,1791,1822,1885,2020,2020,2020,2018,2018,2018,2018,2139,2130,2134,2137,2980,2964,2979,3429,3417,3613,3735,3806,3731
2850,0.8631,0.85939,0.05088,0.05393,235.33,431,785,1734,1838,1785,1928,1179,1791,1822,1885,2020,2020,2020,2018,2018,2018,2018,2139,2130,2134,2137,2980,2964,2980,3429,3417,3613,3735,3806,3731
2851,0.86312,0.85917,0.05088,0.05398,235.42,431,786,1735,1838,1786,1928,1179,1792,1822,1885,2020,2020,2020,2018,2018,2017,2018,2139,2130,2134,2137,2980,2964,2979,3429,3417,3613,3735,3806,3731
2852,0.86319,0.85946,0.05086,0.05392,235.52,431,786,1735,1839,1786,1928,1179,1792,1822,1885,2020,2020,2020,2018,2018,2018,2018,2139,2130,2134,2137,2980,2964,2980,3429,3417,3613,3735,3806,3731
2853,0.86327,0.85935,0.05085,0.05394,235.6,431,787,1735,1839,1787,1928,1179,1792,1823,1885,2020,2020,2020,2018,2018,2017,2018,2139,2130,2134,2137,2980,2964,2979,3429,3417,3613,3735,3806,3731
2854,0.86338,0.85963,0.05083,0.05389,235.68,431,787,1736,1839,1787,1928,1179,1793,1823,1885,2020,2020,2020,2018,2018,2018,2018,2139,2130,2134,2137,2980,2964,2980,3429,3417,3613,3735,3806,3731
2855,0.86347,0.85959,0.05081,0.0539,235.76,431,788,1736,1840,1787,1928,1179,1793,1823,1885,2020,2020,2020,2018,2018,2017,2018,2139,2130,2134,2137,2980,2964,2979,3429,3417,3613,3735,3806,3731
2856,0.86355,0.85978,0.0508,0.05386,235.85,431,788,1736,1840,1788,1928,1179,1794,1823,1885,2020,2020,2020,2018,2018,2018,2018,2139,2130,2134,2137,2980,2964,2980,3429,3417,3613,3735,3806,3731
2857,0.86361,0.85977,0.05079,0.05386,235.93,431,789,1737,1840,1788,1928,1179,1794,1824,1885,2020,2020,2020,2018,2018,2017,2018,2139,2130,2134,2137,2980,2964,2979,3429,3417,3613,3735,3806,3731
2858,0.86363,0.85982,0.05078,0.05385,236.01,431,789,1737,1841,1789,1928,1179,1794,1824,1885,2020,2020,2020,2018,2018,2018,2018,2139,2130,2134,2137,2980,2964,2979,3429,3417,3613,3735,3806,3731
2859,0.86364,0.85982,0.05078,0.05385,236.09,431,790,1737,1841,1789,1928,1179,1795,1824,1885,2020,2020,2020,2018,2018,2018,2018,2139,2130,2134,2137,2980,2964,2979,3429,3417,3613,3735,3806,3731
2860,0.86363,0.85977,0.05078,0.05386,236.17,431,790,1738,1841,1789,1928,1179,1795,1824,1885,2020,2020,2020,2018,2018,2018,2018,2138,2130,2134,2137,2980,2964,2979,3429,3417,3613,3735,3806,3731
2861,0.86361,0.85984,0.05078,0.05385,236.24,431,791,1738,1842,1790,1928,1179,1795,1825,1885,2020,2020,2020,2018,2018,2018,2018,2138,2130,2134,2137,2980,2964,2979,3429,3417,3613,3735,3806,3731
2862,0.86358,0.85972,0.05079,0.05387,236.32,430,791,1738,1842,1790,1928,1179,1796,1825,1885,2020,2020,2020,2018,2018,2018,2018,2138,2130,2134,2137,2980,2964,2979,3429,3417,3613,3735,3806,3731
2863,0.86353,0.8598,0.0508,0.05385,236.41,431,792,1739,1842,1791,1928,1179,1796,1825,1885,2020,2020,2020,2018,2018,2018,2018,2139,2130,2134,2137,2980,2964,2979,3429,3417,3613,3735,3806,3731
2864,0.86349,0.85962,0.05081,0.05389,236.49,430,792,1739,1843,1791,1928,1179,1796,1825,1885,2020,2020,2020,2018,2018,2018,2018,2139,2130,2134,2137,2980,2964,2979,3429,3417,3613,3735,3806,3731
2865,0.86343,0.85975,0.05082,0.05386,236.57,431,792,1739,1843,1792,1928,1179,1796,1826,1885,2020,2020,2020,2018,2018,2018,2018,2139,2130,2134,2137,2980,2964,2979,3429,3417,3613,3735,3806,3731
2866,0.86338,0.85952,0.05083,0.05391,236.67,430,793,1740,1844,1792,1928,1179,1797,1826,1885,2020,2020,2020,2018,2018,2018,2018,2139,2130,2134,2137,2980,2964,2979,3429,3417,3613,3735,3806,3731
2867,0.86335,0.8597,0.05083,0.05388,236.75,431,793,1740,1844,1792,1928,1179,1797,1826,1885,2020,2020,2020,2018,2018,2018,2018,2139,2130,2134,2137,2980,2964,2979,3429,3417,3613,3735,3806,3731
2868,0.86335,0.85949,0.05083,0.05392,236.83,430,794,1740,1844,1793,1928,1179,1798,1826,1885,2020,2020,2020,2018,2018,2018,2018,2139,2130,2134,2137,2980,2964,2979,3429,3417,3613,3735,3806,3731
2869,0.86339,0.85976,0.05083,0.05386,236.92,431,794,1741,1845,1793,1928,1179,1798,1827,1885,2020,2020,2020,2018,2018,2018,2018,2139,2130,2134,2137,2980,2964,2979,3429,3417,3613,3735,3806,3731
2870,0.86345,0.85965,0.05081,0.05388,237.0,430,795,1741,1845,1794,1928,1179,1798,1827,1885,2020,2020,2020,2018,2018,2018,2018,2139,2130,2134,2137,2980,2964,2979,3429,3417,3613,3735,3806,3731
2871,0.86355,0.85992,0.0508,0.05383,237.09,431,795,1741,1845,1794,1928,1179,1799,1827,1885,2020,2020,2020,2018,2018,2018,2018,2139,2130,2134,2137,2980,2964,2979,3429,3417,3613,3735,3806,3731
2872,0.86365,0.85987,0.05078,0.05384,237.17,430,796,1742,1846,1794,1928,1179,1799,1827,1885,2020,2020,2020,2018,2018,2018,2018,2139,2130,2134,2137,2980,2964,2979,3429,3417,3613,3734,3806,3731
2873,0.86372,0.86005,0.05076,0.05381,237.25,430,796,1742,1846,1795,1928,1179,1799,1828,1885,2020,2020,2020,2018,2018,2018,2018,2139,2130,2134,2137,2980,2964,2979,3429,3417,3613,3735,3806,3731
2874,0.86378,0.86002,0.05075,0.05381,237.33,430,797,1742,1846,1795,1928,1179,1800,1828,1885,2020,2020,2020,2018,2018,2018,2018,2139,2130,2134,2137,2980,2964,2979,3429,3417,3613,3734,3806,3731
2875,0.8638,0.86004,0.05075,0.05381,237.42,430,797,1743,1847,1796,1928,1179,1800,1828,1885,2020,2020,2020,2018,2018,2018,2018,2139,2130,2134,2137,2980,2964,2979,3429,3417,3613,3734,3806,3731
2876,0.8638,0.86005,0.05075,0.05381,237.5,430,798,1743,1847,1796,1928,1179,1800,1828,1885,2020,2020,2020,2018,2018,2018,2018,2139,2130,2134,2137,2980,2964,2979,3429,3417,3613,3734,3806,3731
2877,0.86378,0.85999,0.05075,0.05382,237.58,430,798,1743,1847,1796,1928,1179,1801,1829,1885,2020,2020,2020,2018,2018,2018,2018,2138,2130,2134,2137,2980,2964,2979,3429,3417,3613,3734,3806,3731
2878,0.86375,0.86005,0.05076,0.05381,237.66,430,799,1744,1848,1797,1928,1179,1801,1829,1885,2020,2020,2020,2018,2018,2018,2018,2139,2130,2134,2137,2980,2964,2979,3429,3417,3613,3734,3806,3731
2879,0.86371,0.85991,0.05077,0.05383,237.75,430,799,1744,1848,1797,1928,1179,1801,1829,1885,2020,2020,2020,2018,2018,2018,2018,2138,2130,2134,2137,2980,2964,2979,3429,3417,3613,3734,3806,3731
2880,0.86365,0.86001,0.05078,0.05381,237.84,430,800,1744,1848,1798,1928,1179,1802,1829,1885,2020,2020,2020,2018,2018,2018,2018,2139,2130,2134,2137,2980,2964,2979,3429,3417,3613,3734,3806,3731
2881,0.8636,0.85982,0.05079,0.05385,237.92,430,800,1745,1849,1798,1928,1179,1802,1830,1885,2020,2020,2020,2018,2018,2018,2018,2139,2130,2134,2137,2980,2964,2979,3429,3417,3613,3734,3806,3731
2882,0.86354,0.85997,0.0508,0.05382,238.01,430,801,1745,1849,1799,1928,1179,1802,1830,1885,2020,2020,2020,2018,2018,2018,2018,2139,2130,2134,2137,2980,2964,2979,3429,3417,3612,3734,3806,3731
2883,0.86351,0.85974,0.0508,0.05387,238.1,430,801,1745,1849,1799,1928,1179,1803,1830,1885,2020,2020,2020,2018,2018,2018,2018,2139,2130,2134,2137,2980,2964,2979,3429,3417,3613,3734,3806,3731
2884,0.86349,0.85994,0.05081,0.05383,238.18,430,801,1746,1850,1799,1928,1179,1803,1830,1885,2020,2020,2020,2018,2018,2018,2018,2139,2130,2134,2137,2980,2964,2979,3429,3417,3613,3734,3806,3731
2885,0.86352,0.85974,0.0508,0.05387,238.28,430,802,1746,1850,1800,1928,1179,1804,1831,1885,2020,2020,2020,2018,2018,2018,2018,2139,2130,2134,2137,2980,2964,2979,3429,3417,3613,3734,3806,3731
2886,0.86359,0.86001,0.05079,0.05382,238.36,430,802,1746,1850,1800,1928,1179,1804,1831,1885,2020,2020,2020,2018,2018,2018,2018,2139,2130,2134,2137,2980,2964,2979,3429,3417,3613,3734,3806,3731
2887,0.86368,0.85994,0.05077,0.05383,238.44,430,803,1747,1851,1800,1928,1179,1804,1831,1885,2020,2020,2020,2018,2018,2018,2018,2139,2130,2134,2137,2980,2964,2979,3429,3417,3613,3734,3806,3731
2888,0.86379,0.86021,0.05075,0.05378,238.52,430,803,1747,1851,1801,1928,1179,1804,1831,1885,2020,2020,2020,2018,2018,2018,2018,2139,2130,2134,2137,2980,2964,2979,3429,3417,3613,3734,3806,3731
2889,0.86388,0.86021,0.05074,0.05378,238.62,430,804,1747,1851,1801,1928,1179,1805,1832,1885,2020,2020,2020,2018,2018,2018,2018,2139,2130,2134,2137,2980,2964,2979,3429,3417,3613,3734,3806,3731
2890,0.86394,0.86032,0.05072,0.05376,238.71,430,804,1748,1852,1802,1928,1179,1805,1832,1885,2020,2020,2020,2018,2018,2018,2018,2139,2130,2134,2137,2980,2964,2979,3429,3417,3613,3734,3806,3731
2891,0.86396,0.86034,0.05072,0.05375,238.81,430,805,1748,1852,1802,1928,1179,1805,1832,1885,2020,2020,2020,2018,2018,2018,2018,2139,2130,2134,2137,2980,2964,2979,3429,3417,3613,3734,3806,3731
2892,0.86395,0.86034,0.05072,0.05375,238.9,430,805,1748,1853,1803,1928,1179,1806,1832,1885,2020,2020,2020,2018,2018,2018,2018,2139,2130,2134,2137,2980,2964,2979,3429,3417,3613,3734,3806,3731
2893,0.86391,0.86043,0.05073,0.05373,238.99,430,806,1749,1853,1803,1928,1179,1806,1833,1885,2020,2020,2020,2018,2018,2018,2018,2139,2130,2134,2137,2980,2964,2979,3429,3417,3613,3734,3806,3731
2894,0.86386,0.86032,0.05074,0.05376,239.07,430,806,1749,1853,1803,1928,1179,1806,1833,1885,2020,2020,2020,2018,2018,2018,2018,2138,2130,2134,2137,2980,2964,2979,3429,3417,3613,3734,3806,3731
2895,0.86381,0.86043,0.05075,0.05373,239.16,430,807,1749,1854,1804,1928,1179,1807,1833,1885,2020,2020,2020,2018,2018,2018,2018,2139,2130,2134,2137,2980,2964,2979,3429,3417,3613,3734,3806,3731
2896,0.86375,0.86026,0.05076,0.05377,239.25,430,807,1750,1854,1804,1928,1179,1807,1833,1885,2020,2020,2020,2018,2018,2018,2018,2138,2130,2134,2137,2980,2964,2979,3429,3417,3613,3734,3806,3731
2897,0.8637,0.86043,0.05077,0.05373,239.33,430,808,1750,1854,1805,1928,1179,1807,1834,1885,2020,2020,2020,2018,2018,2018,2018,2139,2130,2134,2137,2980,2964,2979,3429,3417,3613,3734,3806,3731
2898,0.86366,0.86027,0.05078,0.05377,239.42,430,808,1750,1855,1805,1928,1179,1808,1834,1885,2020,2020,2020,2018,2018,2017,2018,2139,2130,2134,2137,2980,2964,2979,3429,3417,3613,3734,3806,3731
2899,0.86366,0.86048,0.05078,0.05372,239.51,430,808,1751,1855,1805,1928,1179,1808,1834,1885,2020,2020,2020,2018,2018,2018,2018,2139,2130,2134,2137,2980,2964,2979,3429,3417,3613,3734,3806,3731
2900,0.8637,0.86036,0.05077,0.05375,239.59,430,809,1751,1855,1806,1928,1179,1809,1834,1885,2020,2020,2020,2018,2018,2017,2018,2139,2130,2134,2137,2980,2964,2979,3429,3417,3613,3734,3806,3731
2901,0.86378,0.86065,0.05075,0.05369,239.68,430,809,1751,1856,1806,1928,1179,1809,1834,1885,2020,2020,2020,2018,2018,2018,2018,2139,2130,2134,2137,2980,2964,2979,3429,3417,3613,3734,3806,3731
2902,0.86389,0.86067,0.05073,0.05369,239.76,430,810,1752,1856,1807,1928,1179,1809,1835,1885,2020,2020,2020,2018,2017,2017,2017,2138,2130,2134,2137,2980,2964,2979,3429,3417,3613,3734,3806,3731
2903,0.864,0.86095,0.05071,0.05363,239.84,430,810,1752,1857,1807,1928,1179,1810,1835,1885,2020,2020,2020,2018,2018,2018,2018,2139,2130,2134,2137,2980,2964,2979,3429,3417,3613,3734,3806,3731
2904,0.86408,0.861,0.0507,0.05362,239.93,430,811,1752,1857,1807,1928,1179,1810,1835,1885,2020,2020,2020,2018,2018,2017,2018,2138,2130,2134,2137,2980,2964,2979,3429,3417,3613,3734,3806,3731
2905,0.86413,0.8611,0.05069,0.05361,240.01,430,811,1753,1857,1808,1928,1179,1810,1835,1885,2020,2020,2020,2018,2018,2017,2018,2138,2130,2134,2137,2980,2964,2979,3429,3417,3613,3734,3806,3731
2906,0.86414,0.86112,0.05069,0.0536,240.09,430,812,1753,1858,1808,1928,1179,1811,1836,1885,2020,2020,2020,2018,2018,2017,2018,2138,2130,2134,2137,2980,2964,2979,3429,3417,3613,3734,3806,3731
2907,0.86412,0.8611,0.05069,0.0536,240.18,430,812,1753,1858,1809,1928,1179,1811,1836,1885,2020,2020,2020,2018,2018,2017,2018,2138,2130,2134,2137,2980,2964,2979,3429,3417,3613,3734,3806,3731
2908,0.8641,0.86116,0.05069,0.05359,240.27,430,813,1754,1858,1809,1928,1179,1811,1836,1885,2020,2020,2020,2018,2018,2018,2018,2138,2130,2134,2137,2980,2964,2979,3429,3417,3613,3734,3806,3731
2909,0.86406,0.86102,0.0507,0.05362,240.37,430,813,1754,1859,1809,1928,1179,1812,1836,1885,2020,2020,2020,2018,2018,2017,2018,2138,2130,2134,2137,2980,2964,2979,3429,3417,3613,3734,3806,3731
2910,0.86404,0.86108,0.05071,0.05361,240.45,430,814,1754,1859,1810,1928,1179,1812,1837,1885,2020,2020,2020,2018,2018,2018,2018,2139,2130,2134,2137,2980,2964,2979,3429,3417,3613,3734,3806,3731
2911,0.86401,0.8609,0.05071,0.05364,240.55,430,814,1755,1859,1810,1928,1179,1813,1837,1885,2020,2020,2020,2018,2018,2018,2018,2139,2130,2133,2137,2980,2964,2979,3429,3417,3613,3734,3806,3731
2912,0.86399,0.86101,0.05071,0.05362,240.64,430,814,1755,1860,1811,1928,1179,1813,1837,1885,2020,2020,2020,2018,2018,2018,2018,2139,2130,2134,2137,2980,2964,2979,3429,3417,3613,3734,3806,3731
2913,0.86398,0.86084,0.05072,0.05366,240.73,430,815,1755,1860,1811,1928,1179,1813,1837,1885,2020,2020,2020,2018,2018,2018,2018,2139,2130,2134,2137,2980,2964,2979,3429,3417,3613,3734,3806,3731
2914,0.864,0.86098,0.05071,0.05363,240.81,430,815,1756,1860,1811,1928,1179,1813,1838,1885,2020,2020,2020,2018,2018,2018,2018,2139,2130,2134,2137,2980,2964,2979,3429,3417,3613,3734,3806,3731
2915,0.86403,0.86084,0.05071,0.05365,240.9,430,816,1756,1861,1812,1928,1179,1814,1838,1885,2020,2020,2020,2018,2018,2018,2018,2139,2130,2134,2137,2980,2964,2979,3429,3417,3613,3734,3806,3731
2916,0.86408,0.86101,0.0507,0.05362,240.99,430,816,1756,1861,1812,1928,1179,1814,1838,1885,2020,2020,2020,2018,2018,2018,2018,2139,2130,2134,2137,2980,2964,2979,3429,3417,3613,3734,3806,3731
2917,0.86414,0.86096,0.05069,0.05363,241.09,430,817,1757,1861,1812,1928,1179,1815,1838,1885,2020,2020,2020,2018,2018,2018,2018,2138,2130,2134,2137,2980,2964,2979,3429,3417,3613,3734,3806,3731
2918,0.8642,0.8611,0.05067,0.05361,241.17,430,817,1757,1862,1813,1928,1179,1815,1839,1885,2020,2020,2020,2018,2018,2018,2018,2139,2130,2134,2137,2980,2964,2979,3429,3417,3613,3734,3806,3731
2919,0.86425,0.86107,0.05067,0.05361,241.26,430,818,1757,1862,1813,1928,1179,1815,1839,1885,2020,2020,2020,2018,2018,2018,2018,2138,2130,2134,2137,2980,2964,2979,3429,3417,3613,3734,3806,3731
2920,0.86429,0.86113,0.05066,0.0536,241.36,430,818,1758,1862,1814,1928,1179,1816,1839,1885,2020,2020,2020,2018,2018,2018,2018,2138,2130,2134,2137,2980,2964,2979,3429,3417,3613,3734,3806,3731
2921,0.8643,0.86115,0.05066,0.05359,241.44,430,819,1758,1863,1814,1928,1179,1816,1839,1885,2020,2020,2020,2018,2018,2018,2018,2138,2130,2134,2137,2980,2964,2979,3429,3417,3613,3734,3806,3731
2922,0.8643,0.86117,0.05066,0.05359,241.52,430,819,1758,1863,1814,1928,1179,1816,1840,1885,2020,2020,2020,2018,2018,2018,2018,2138,2130,2134,2137,2980,2964,2979,3429,3417,3613,3734,3806,3731
2923,0.86429,0.86122,0.05066,0.05358,241.61,430,819,1759,1863,1815,1928,1179,1817,1840,1885,2020,2020,2020,2018,2018,2018,2018,2138,2130,2134,2137,2980,2964,2979,3429,3417,3613,3734,3806,3731
2924,0.86426,0.86113,0.05066,0.0536,241.69,430,820,1759,1864,1815,1928,1179,1817,1840,1885,2020,2020,2020,2018,2018,2018,2018,2138,2130,2134,2137,2980,2964,2979,3429,3417,3613,3734,3806,3731
2925,0.86423,0.86118,0.05067,0.05359,241.77,430,820,1759,1864,1816,1928,1179,1817,1840,1885,2020,2020,2020,2018,2018,2018,2018,2139,2130,2134,2137,2980,2964,2979,3429,3417,3613,3734,3806,3731
2926,0.86419,0.86106,0.05068,0.05361,241.85,430,821,1760,1864,1816,1928,1179,1818,1841,1885,2020,2020,2020,2018,2018,2018,2018,2139,2130,2134,2137,2980,2964,2979,3429,3417,3613,3734,3806,3731
2927,0.86414,0.86117,0.05069,0.05359,241.94,430,821,1760,1865,1816,1928,1179,1818,1841,1885,2020,2020,2020,2018,2018,2018,2018,2139,2130,2134,2137,2980,2964,2979,3429,3417,3613,3734,3806,3731
2928,0.8641,0.86099,0.05069,0.05363,242.02,430,822,1760,1865,1817,1928,1179,1818,1841,1885,2020,2020,2020,2018,2018,2018,2018,2139,2130,2134,2137,2980,2964,2979,3429,3417,3613,3734,3805,3731
2929,0.86407,0.8611,0.0507,0.0536,242.11,430,822,1761,1865,1817,1928,1179,1819,1841,1885,2020,2020,2020,2018,2018,2018,2018,2139,2130,2134,2137,2980,2964,2979,3429,3417,3613,3734,3806,3731
2930,0.86406,0.86093,0.0507,0.05364,242.19,430,823,1761,1866,1817,1928,1179,1819,1841,1885,2020,2020,2020,2018,2018,2018,2018,2139,2130,2134,2137,2980,2964,2979,3429,3417,3613,3734,3805,3731
2931,0.86408,0.86114,0.0507,0.0536,242.27,430,823,1761,1866,1818,1928,1179,1819,1842,1885,2020,2020,2020,2018,2018,2018,2018,2139,2130,2134,2137,2980,2964,2979,3429,3417,3613,3734,3805,3731
2932,0.86413,0.86106,0.05069,0.05361,242.36,430,824,1762,1866,1818,1928,1179,1819,1842,1885,2020,2020,2020,2018,2018,2018,2018,2139,2130,2134,2137,2980,2964,2979,3429,3417,3613,3734,3805,3731
2933,0.86421,0.86128,0.05067,0.05357,242.44,430,824,1762,1867,1819,1928,1179,1820,1842,1885,2020,2020,2020,2018,2018,2018,2018,2139,2130,2134,2137,2980,2964,2979,3429,3417,3613,3734,3805,3731
2934,0.86429,0.86124,0.05066,0.05358,242.53,430,825,1762,1867,1819,1928,1179,1820,1842,1885,2020,2020,2020,2018,2018,2017,2018,2139,2130,2134,2137,2980,2964,2979,3429,3417,3613,3734,3805,3731
2935,0.86437,0.8614,0.05064,0.05355,242.62,430,825,1763,1868,1819,1928,1179,1820,1843,1885,2020,2020,2020,2018,2018,2018,2018,2139,2130,2134,2137,2980,2964,2979,3429,3417,3613,3734,3805,3731
2936,0.86442,0.8614,0.05063,0.05355,242.71,430,826,1763,1868,1820,1928,1179,1821,1843,1885,2020,2020,2020,2018,2018,2017,2018,2139,2130,2134,2137,2980,2964,2979,3429,3417,3613,3734,3805,3731
2937,0.86445,0.86149,0.05063,0.05353,242.8,430,826,1763,1868,1820,1928,1179,1821,1843,1885,2020,2020,2020,2018,2018,2017,2018,2139,2130,2134,2137,2980,2964,2979,3429,3417,3613,3734,3805,3731
2938,0.86447,0.86152,0.05063,0.05352,242.88,430,826,1764,1869,1820,1928,1179,1821,1843,1885,2020,2020,2020,2018,2018,2018,2018,2138,2130,2134,2137,2980,2964,2979,3429,3417,3613,3734,3805,3731
2939,0.86447,0.86151,0.05063,0.05353,242.97,430,827,1764,1869,1821,1928,1179,1822,1843,1885,2020,2020,2020,2018,2018,2018,2018,2138,2130,2134,2137,2980,2964,2979,3429,3417,3613,3734,3805,3731
2940,0.86445,0.86155,0.05063,0.05352,243.07,430,827,1764,1869,1821,1928,1179,1822,1844,1885,2020,2020,2020,2018,2018,2018,2018,2138,2130,2134,2137,2980,2964,2979,3429,3417,3613,3734,3805,3731
2941,0.86442,0.86147,0.05063,0.05353,243.16,430,828,1764,1870,1822,1928,1179,1822,1844,1885,2020,2020,2020,2018,2018,2018,2018,2138,2130,2134,2137,2980,2964,2979,3429,3417,3613,3734,3805,3731
2942,0.86439,0.86153,0.05064,0.05352,243.25,430,828,1765,1870,1822,1928,1179,1823,1844,1885,2020,2020,2020,2018,2018,2018,2018,2138,2130,2134,2137,2980,2964,2979,3429,3417,3613,3734,3805,3731
2943,0.86433,0.86135,0.05065,0.05356,243.34,430,829,1765,1870,1822,1928,1179,1823,1844,1885,2020,2020,2020,2018,2018,2018,2018,2138,2130,2134,2137,2980,2964,2979,3429,3417,3613,3734,3805,3731
2944,0.86426,0.8614,0.05066,0.05355,243.43,430,829,1765,1871,1823,1928,1179,1823,1844,1885,2020,2020,2020,2018,2018,2018,2018,2139,2130,2134,2137,2980,2964,2979,3429,3417,3613,3734,3806,3731
2945,0.86418,0.86115,0.05068,0.0536,243.52,430,830,1766,1871,1823,1928,1179,1824,1845,1885,2020,2020,2020,2018,2018,2018,2018,2139,2130,2134,2137,2980,2964,2979,3429,3417,3613,3734,3805,3731
2946,0.86413,0.86126,0.05069,0.05357,243.6,430,830,1766,1872,1824,1928,1179,1824,1845,1885,2020,2020,2020,2018,2018,2018,2018,2139,2130,2134,2137,2980,2964,2979,3429,3417,3613,3734,3806,3731
2947,0.86407,0.86103,0.0507,0.05362,243.68,430,831,1766,1872,1824,1928,1179,1824,1845,1885,2020,2020,2020,2018,2018,2018,2018,2139,2130,2134,2137,2980,2964,2979,3429,3417,3613,3734,3805,3731
2948,0.86408,0.86125,0.0507,0.05358,243.77,430,831,1767,1872,1824,1928,1179,1824,1845,1885,2020,2020,2020,2018,2018,2018,2018,2139,2130,2134,2137,2980,2964,2979,3429,3417,3613,3734,3805,3731
2949,0.86413,0.86113,0.05069,0.0536,243.86,430,832,1767,1873,1825,1928,1179,1825,1846,1885,2020,2020,2020,2018,2018,2018,2018,2138,2130,2134,2137,2980,2964,2979,3429,3417,3613,3734,3805,3731
2950,0.86423,0.86142,0.05067,0.05354,243.94,430,832,1767,1873,1825,1928,1179,1825,1846,1885,2020,2020,2020,2018,2018,2018,2018,2139,2130,2134,2137,2980,2964,2979,3429,3417,3613,3734,3805,3731
2951,0.86435,0.8614,0.05065,0.05355,244.04,430,833,1768,1873,1825,1928,1179,1825,1846,1885,2020,2020,2020,2018,2018,2018,2018,2139,2129,2134,2137,2980,2964,2979,3429,3417,3613,3734,3805,3731
2952,0.86447,0.86163,0.05062,0.0535,244.12,430,833,1768,1874,1826,1928,1179,1826,1846,1885,2020,2020,2020,2018,2018,2018,2018,2139,2130,2134,2137,2980,2964,2979,3429,3417,3613,3734,3805,3731
2953,0.86456,0.86163,0.05061,0.0535,244.2,430,834,1768,1874,1826,1928,1179,1826,1846,1885,2020,2020,2020,2018,2018,2018,2018,2139,2130,2134,2137,2980,2964,2979,3429,3417,3613,3734,3805,3731
2954,0.86461,0.86173,0.0506,0.05348,244.28,430,834,1769,1874,1827,1928,1179,1826,1847,1885,2020,2020,2020,2018,2018,2018,2018,2139,2130,2134,2137,2980,2964,2979,3429,3417,3613,3734,3805,3731
2955,0.86462,0.86175,0.0506,0.05348,244.37,430,835,1769,1875,1827,1928,1179,1826,1847,1885,2020,2020,2020,2018,2018,2018,2018,2139,2130,2134,2137,2980,2964,2979,3429,3417,3613,3734,3805,3731
2956,0.8646,0.86172,0.0506,0.05348,244.45,430,835,1769,1875,1827,1928,1179,1827,1847,1885,2020,2020,2020,2018,2018,2018,2018,2138,2130,2134,2137,2980,2964,2979,3429,3417,3613,3734,3805,3731
2957,0.86457,0.86177,0.05061,0.05348,244.53,430,836,1770,1875,1828,1928,1179,1827,1847,1885,2020,2020,2020,2018,2018,2018,2018,2138,2130,2134,2137,2980,2964,2979,3429,3417,3613,3734,3805,3731
2958,0.86451,0.86163,0.05062,0.0535,244.61,430,836,1770,1876,1828,1928,1179,1827,1848,1885,2020,2020,2020,2018,2018,2017,2018,2138,2130,2133,2137,2980,2964,2979,3429,3417,3613,3734,3805,3731
2959,0.86446,0.86174,0.05063,0.05348,244.72,430,837,1770,1876,1829,1928,1179,1828,1848,1885,2020,2020,2020,2018,2018,2018,2018,2138,2130,2134,2137,2980,2964,2979,3429,3417,3613,3734,3805,3731
2960,0.8644,0.86154,0.05064,0.05352,244.8,430,837,1771,1877,1829,1928,1179,1828,1848,1885,2020,2020,2020,2018,2018,2017,2018,2138,2130,2133,2137,2980,2964,2979,3429,3417,3613,3734,3805,3731
2961,0.86434,0.86167,0.05065,0.0535,244.89,430,837,1771,1877,1829,1928,1179,1828,1848,1885,2020,2020,2020,2018,2018,2018,2018,2139,2130,2134,2137,2980,2964,2979,3429,3417,3613,3734,3805,3731
2962,0.8643,0.86144,0.05066,0.05354,244.97,430,838,1771,1877,1830,1928,1179,1829,1848,1885,2020,2020,2020,2018,2018,2017,2018,2139,2130,2134,2137,2980,2964,2979,3429,3417,3613,3734,3805,3731
2963,0.8643,0.86162,0.05066,0.05351,245.07,430,838,1771,1878,1830,1928,1179,1829,1849,1885,2020,2020,2020,2018,2018,2018,2018,2139,2130,2134,2137,2980,2964,2979,3429,3417,3613,3734,3805,3731
2964,0.86434,0.86146,0.05065,0.05354,245.16,430,839,1772,1878,1830,1928,1179,1829,1849,1885,2020,2020,2020,2018,2018,2017,2018,2139,2130,2134,2137,2980,2964,2979,3429,3417,3613,3734,3805,3731
2965,0.86443,0.86173,0.05063,0.05348,245.24,430,839,1772,1879,1831,1928,1179,1829,1849,1885,2020,2020,2020,2018,2018,2018,2018,2139,2130,2134,2137,2980,2964,2979,3429,3417,3613,3734,3805,3731
2966,0.86453,0.86171,0.05061,0.05349,245.33,430,840,1772,1879,1831,1928,1179,1830,1849,1885,2020,2020,2020,2018,2018,2017,2018,2139,2129,2134,2137,2980,2964,2979,3429,3417,3613,3734,3805,3731
2967,0.86463,0.86195,0.05059,0.05344,245.41,430,840,1773,1879,1832,1928,1179,1830,1849,1885,2020,2020,2020,2018,2018,2018,2018,2139,2129,2134,2137,2980,2964,2979,3429,3417,3613,3734,3805,3731
2968,0.86471,0.86195,0.05058,0.05344,245.5,430,841,1773,1880,1832,1928,1179,1830,1850,1885,2020,2020,2020,2018,2018,2017,2018,2138,2129,2134,2137,2980,2964,2979,3429,3417,3613,3734,3805,3731
2969,0.86475,0.862,0.05057,0.05343,245.61,430,841,1773,1880,1832,1928,1179,1831,1850,1885,2020,2020,2020,2018,2018,2018,2018,2138,2130,2134,2137,2980,2964,2979,3429,3417,3613,3734,3805,3731
2970,0.86475,0.86201,0.05057,0.05343,245.7,430,842,1774,1880,1833,1928,1179,1831,1850,1885,2020,2020,2020,2018,2018,2018,2018,2138,2130,2134,2137,2980,2964,2979,3429,3417,3613,3734,3805,3731
2971,0.86473,0.86197,0.05058,0.05344,245.78,430,842,1774,1881,1833,1928,1179,1831,1850,1885,2020,2020,2020,2018,2018,2018,2018,2138,2130,2134,2137,2980,2964,2979,3429,3417,3613,3734,3805,3731
2972,0.8647,0.86203,0.05058,0.05343,245.86,430,843,1774,1881,1833,1928,1179,1831,1850,1885,2020,2020,2020,2018,2018,2018,2018,2138,2130,2134,2137,2980,2964,2979,3429,3417,3613,3734,3805,3731
2973,0.86466,0.8619,0.05059,0.05345,245.94,430,843,1775,1882,1834,1928,1179,1832,1851,1885,2020,2020,2020,2018,2018,2018,2018,2138,2130,2134,2137,2980,2964,2979,3429,3417,3613,3734,3805,3731
2974,0.86464,0.86199,0.05059,0.05343,246.01,430,844,1775,1882,1834,1928,1179,1832,1851,1885,2020,2020,2020,2018,2018,2018,2018,2139,2130,2134,2137,2980,2964,2979,3429,3417,3613,3734,3805,3731
2975,0.86463,0.86184,0.0506,0.05346,246.09,430,844,1775,1882,1834,1928,1179,1832,1851,1885,2020,2020,2020,2018,2018,2018,2018,2139,2130,2133,2137,2980,2964,2979,3429,3417,3613,3734,3805,3731
2976,0.86463,0.86198,0.0506,0.05343,246.16,430,845,1776,1883,1835,1928,1179,1833,1851,1885,2020,2020,2020,2018,2018,2018,2018,2139,2130,2134,2137,2980,2964,2979,3429,3417,3613,3734,3805,3731
2977,0.86463,0.86185,0.05059,0.05346,246.25,430,845,1776,1883,1835,1928,1179,1833,1851,1885,2020,2020,2020,2018,2018,2018,2018,2139,2130,2134,2137,2980,2964,2979,3429,3417,3613,3734,3805,3731
2978,0.86466,0.86199,0.05059,0.05343,246.34,430,846,1776,1884,1836,1928,1179,1833,1852,1885,2020,2020,2020,2018,2018,2018,2018,2139,2130,2134,2137,2980,2964,2979,3429,3417,3613,3734,3805,3731
2979,0.86469,0.86189,0.05058,0.05345,246.42,430,846,1776,1884,1836,1928,1179,1833,1852,1885,2020,2020,2020,2018,2018,2018,2018,2139,2130,2134,2137,2980,2964,2979,3429,3417,3613,3734,3805,3731
2980,0.86474,0.86205,0.05058,0.05342,246.52,430,847,1777,1884,1836,1928,1179,1834,1852,1885,2020,2020,2020,2018,2018,2018,2018,2139,2130,2134,2137,2980,2964,2979,3429,3417,3613,3734,3805,3731
2981,0.86478,0.86201,0.05057,0.05343,246.6,430,848,1777,1885,1837,1928,1179,1834,1852,1885,2020,2020,2020,2018,2018,2018,2018,2138,2130,2134,2137,2980,2964,2979,3429,3417,3613,3734,3805,3731
2982,0.86482,0.86213,0.05056,0.05341,246.69,430,848,1777,1885,1837,1928,1179,1834,1852,1885,2020,2020,2020,2018,2018,2018,2018,2138,2130,2134,2137,2980,2964,2979,3429,3417,3613,3734,3805,3731
2983,0.86486,0.86211,0.05055,0.05341,246.77,430,849,1778,1886,1837,1928,1179,1835,1853,1885,2020,2020,2020,2018,2018,2018,2018,2138,2130,2134,2137,2980,2964,2979,3429,3417,3613,3734,3805,3731
2984,0.86488,0.86216,0.05055,0.0534,246.85,430,849,1778,1886,1838,1928,1179,1835,1853,1885,2020,2020,2020,2018,2018,2018,2018,2138,2130,2134,2137,2980,2964,2979,3429,3417,3613,3734,3805,3731
2985,0.86489,0.86217,0.05055,0.0534,246.94,431,850,1778,1886,1838,1928,1179,1835,1853,1885,2020,2020,2020,2018,2018,2018,2018,2138,2130,2134,2137,2980,2964,2979,3429,3417,3613,3734,3805,3731
2986,0.86489,0.86216,0.05055,0.0534,247.03,431,850,1779,1887,1839,1928,1179,1836,1853,1885,2020,2020,2020,2018,2018,2018,2018,2138,2130,2134,2137,2980,2964,2979,3429,3417,3613,3734,3805,3731
2987,0.86489,0.8622,0.05055,0.05339,247.1,431,851,1779,1887,1839,1928,1179,1836,1853,1885,2020,2020,2020,2018,2018,2018,2018,2139,2130,2134,2137,2980,2964,2979,3429,3417,3613,3734,3805,3731
2988,0.86489,0.86215,0.05055,0.0534,247.18,431,851,1779,1888,1839,1928,1179,1836,1854,1885,2020,2020,2020,2018,2018,2018,2018,2139,2130,2134,2137,2980,2964,2979,3429,3417,3613,3734,3805,3731
2989,0.86488,0.86224,0.05055,0.05339,247.26,431,852,1780,1888,1840,1928,1179,1836,1854,1885,2020,2020,2020,2018,2018,2018,2018,2139,2130,2134,2137,2980,2964,2979,3429,3417,3613,3734,3805,3731
2990,0.86487,0.86218,0.05055,0.0534,247.35,431,852,1780,1889,1840,1928,1179,1837,1854,1885,2020,2020,2020,2018,2018,2018,2018,2139,2130,2134,2137,2980,2964,2979,3429,3417,3613,3734,3805,3731
2991,0.86487,0.86226,0.05055,0.05338,247.43,431,853,1780,1889,1840,1928,1179,1837,1854,1885,2020,2020,2020,2018,2018,2018,2018,2139,2130,2134,2137,2980,2964,2979,3429,3417,3613,3734,3805,3731
2992,0.86486,0.86214,0.05055,0.0534,247.52,431,853,1781,1890,1841,1928,1179,1837,1854,1885,2020,2020,2020,2018,2018,2018,2018,2138,2130,2134,2137,2980,2964,2979,3429,3417,3613,3734,3805,3731
2993,0.86484,0.86223,0.05055,0.05339,247.59,431,854,1781,1890,1841,1928,1179,1838,1855,1885,2020,2020,2020,2018,2018,2018,2018,2139,2130,2134,2137,2980,2964,2979,3429,3417,3613,3734,3805,3731
2994,0.86483,0.86211,0.05056,0.05341,247.67,431,854,1781,1890,1841,1928,1179,1838,1855,1885,2020,2020,2020,2018,2018,2018,2018,2138,2130,2134,2137,2980,2964,2979,3429,3417,3613,3734,3805,3731
2995,0.86481,0.86221,0.05056,0.05339,247.75,431,855,1782,1891,1842,1928,1179,1838,1855,1885,2020,2020,2020,2018,2018,2018,2018,2139,2130,2134,2137,2980,2964,2979,3429,3417,3613,3734,3805,3731
2996,0.86479,0.86205,0.05056,0.05342,247.84,431,855,1782,1891,1842,1928,1179,1838,1855,1885,2020,2020,2020,2018,2018,2018,2018,2139,2130,2134,2137,2980,2964,2979,3429,3417,3613,3734,3805,3731
2997,0.86477,0.86217,0.05057,0.0534,247.92,431,856,1782,1892,1843,1928,1179,1839,1855,1885,2020,2020,2020,2018,2018,2018,2018,2139,2130,2134,2137,2980,2964,2979,3429,3417,3613,3734,3805,3731
2998,0.86476,0.86202,0.05057,0.05343,248.0,431,856,1782,1892,1843,1928,1179,1839,1856,1885,2020,2020,2020,2018,2018,2018,2018,2139,2130,2134,2137,2980,2964,2979,3429,3417,3613,3734,3805,3731
2999,0.86474,0.86218,0.05057,0.0534,248.08,431,857,1783,1893,1843,1928,1179,1839,1856,1885,2020,2020,2020,2018,2018,2018,2018,2139,2130,2134,2137,2980,2964,2979,3429,3417,3613,3734,3805,3731
3000,0.86474,0.86205,0.05057,0.05342,248.17,431,858,1783,1893,1844,1928,1179,1839,1856,1885,2020,2020,2020,2018,2018,2018,2018,2139,2130,2134,2137,2980,2964,2979,3429,3417,3613,3734,3805,3731
3001,0.86474,0.86222,0.05057,0.05339,248.26,431,858,1783,1894,1844,1928,1179,1840,1856,1885,2020,2020,2020,2018,2018,2018,2018,2139,2130,2134,2137,2980,2964,2979,3429,3417,3613,3734,3805,3731
3002,0.86477,0.8621,0.05057,0.05341,248.34,431,859,1784,1894,1844,1928,1179,1840,1856,1885,2020,2020,2020,2018,2018,2017,2018,2139,2130,2134,2137,2980,2964,2979,3429,3417,3613,3734,3805,3731
3003,0.8648,0.86229,0.05056,0.05337,248.42,431,859,1784,1895,1845,1928,1179,1840,1856,1885,2020,2020,2020,2018,2018,2018,2018,2139,2130,2134,2137,2980,2964,2979,3429,3417,3613,3734,3805,3731
3004,0.86484,0.86219,0.05055,0.05339,248.51,431,860,1784,1895,1845,1928,1179,1841,1857,1885,2020,2020,2020,2018,2018,2017,2018,2139,2130,2134,2137,2980,2964,2979,3429,3417,3613,3734,3805,3731
3005,0.86489,0.86236,0.05055,0.05336,248.58,431,860,1785,1896,1846,1928,1179,1841,1857,1885,2020,2020,2020,2018,2018,2018,2018,2139,2130,2134,2137,2980,2964,2979,3429,3417,3613,3734,3805,3731
3006,0.86494,0.8623,0.05054,0.05337,248.66,431,861,1785,1896,1846,1928,1179,1841,1857,1885,2020,2020,2020,2018,2018,2017,2018,2139,2130,2134,2137,2980,2964,2979,3429,3417,3613,3734,3805,3731
3007,0.86499,0.86245,0.05053,0.05334,248.74,431,861,1785,1897,1846,1928,1179,1841,1857,1885,2020,2020,2020,2018,2018,2018,2018,2139,2130,2134,2137,2980,2964,2979,3429,3417,3613,3734,3805,3731
3008,0.86503,0.86241,0.05052,0.05335,248.82,431,862,1786,1897,1847,1928,1179,1842,1857,1885,2020,2020,2020,2018,2018,2017,2018,2138,2130,2134,2137,2980,2964,2979,3429,3417,3613,3734,3805,3731
3009,0.86506,0.86252,0.05051,0.05333,248.9,431,863,1786,1898,1847,1928,1179,1842,1858,1885,2020,2020,2020,2018,2018,2018,2018,2139,2130,2134,2137,2980,2964,2979,3429,3417,3613,3734,3805,3731
3010,0.86509,0.86248,0.05051,0.05334,248.99,431,863,1786,1898,1847,1928,1179,1842,1858,1885,2020,2020,2020,2018,2018,2017,2018,2138,2130,2134,2137,2980,2964,2979,3429,3417,3613,3734,3805,3731
3011,0.86511,0.86252,0.0505,0.05333,249.07,431,864,1786,1899,1848,1928,1179,1842,1858,1885,2020,2020,2020,2018,2018,2018,2018,2138,2130,2134,2137,2980,2964,2979,3429,3417,3613,3734,3805,3731
3012,0.86513,0.86248,0.0505,0.05334,249.15,431,864,1787,1899,1848,1928,1179,1843,1858,1885,2020,2020,2020,2018,2018,2018,2018,2138,2130,2134,2137,2980,2964,2979,3429,3417,3613,3734,3805,3731
3013,0.86514,0.86253,0.0505,0.05333,249.24,431,865,1787,1900,1849,1928,1179,1843,1858,1885,2020,2020,2020,2018,2018,2018,2018,2138,2130,2134,2137,2980,2964,2979,3429,3417,3613,3734,3805,3731
3014,0.86515,0.86254,0.0505,0.05333,249.32,431,865,1787,1901,1849,1928,1179,1843,1859,1885,2020,2020,2020,2018,2018,2018,2018,2138,2130,2134,2137,2979,2964,2979,3429,3417,3613,3734,3805,3731
3015,0.86516,0.86255,0.0505,0.05332,249.4,431,866,1788,1901,1849,1928,1179,1843,1859,1885,2020,2020,2020,2018,2018,2018,2018,2138,2130,2134,2137,2979,2964,2979,3429,3417,3613,3734,3805,3731
3016,0.86517,0.86256,0.05049,0.05332,249.48,431,866,1788,1902,1850,1928,1179,1843,1859,1885,2020,2020,2020,2018,2018,2018,2018,2138,2130,2134,2137,2979,2964,2979,3429,3417,3613,3734,3805,3731
3017,0.86517,0.86254,0.05049,0.05333,249.55,431,867,1788,1902,1850,1928,1179,1843,1859,1885,2020,2020,2020,2018,2018,2018,2018,2138,2130,2134,2137,2979,2964,2979,3429,3417,3613,3734,3805,3731
3018,0.86518,0.86257,0.05049,0.05332,249.63,431,868,1789,1903,1850,1928,1179,1843,1859,1885,2020,2020,2020,2018,2018,2018,2018,2138,2130,2134,2137,2979,2964,2979,3429,3417,3613,3734,3805,3731
3019,0.86518,0.86255,0.05049,0.05332,249.7,431,868,1789,1903,1851,1928,1179,1843,1860,1885,2020,2020,2020,2018,2018,2018,2018,2138,2130,2134,2137,2979,2964,2979,3429,3417,3613,3734,3805,3731
3020,0.86518,0.8626,0.05049,0.05332,249.78,431,869,1789,1904,1851,1928,1179,1844,1860,1885,2020,2020,2020,2018,2018,2018,2018,2138,2130,2134,2137,2979,2964,2979,3429,3417,3613,3734,3805,3731
3021,0.86518,0.86256,0.05049,0.05332,249.87,431,869,1790,1905,1851,1928,1179,1844,1860,1885,2020,2020,2020,2018,2018,2018,2018,2138,2130,2134,2137,2979,2964,2979,3429,3417,3613,3734,3805,3731
3022,0.86517,0.86263,0.05049,0.05331,249.96,431,870,1790,1905,1852,1928,1179,1844,1860,1885,2020,2020,2020,2018,2018,2018,2018,2139,2130,2134,2137,2979,2964,2979,3429,3417,3613,3734,3805,3731
3023,0.86515,0.86256,0.0505,0.05332,250.05,431,870,1790,1906,1852,1928,1179,1844,1860,1885,2020,2020,2020,2018,2018,2018,2018,2138,2130,2134,2137,2979,2964,2979,3429,3417,3613,3734,3805,3731
3024,0.86514,0.86261,0.0505,0.05331,250.13,431,871,1790,1906,1853,1928,1179,1845,1861,1885,2020,2020,2020,2018,2018,2018,2018,2139,2130,2134,2137,2979,2964,2979,3429,3417,3613,3734,3805,3731
3025,0.86511,0.86248,0.05051,0.05334,250.22,431,872,1791,1907,1853,1928,1179,1845,1861,1885,2020,2020,2020,2018,2018,2018,2018,2138,2130,2134,2137,2979,2964,2979,3429,3417,3613,3734,3805,3731
3026,0.86507,0.86255,0.05051,0.05332,250.3,431,872,1791,1907,1853,1928,1179,1845,1861,1885,2020,2020,2020,2018,2018,2018,2018,2139,2130,2134,2137,2979,2964,2979,3429,3417,3613,3734,3805,3731
3027,0.865,0.86238,0.05053,0.05336,250.4,431,873,1791,1908,1854,1928,1179,1845,1861,1885,2020,2020,2020,2018,2018,2018,2018,2139,2130,2134,2137,2979,2964,2979,3429,3417,3613,3734,3805,3731
3028,0.86491,0.86247,0.05054,0.05334,250.49,431,873,1792,1909,1854,1928,1179,1846,1861,1885,2020,2020,2020,2018,2018,2018,2018,2139,2130,2134,2137,2979,2964,2979,3429,3417,3613,3734,3805,3731
3029,0.86479,0.8622,0.05056,0.05339,250.57,431,874,1792,1909,1854,1928,1179,1846,1862,1885,2020,2020,2020,2018,2018,2017,2018,2139,2130,2134,2137,2979,2964,2979,3429,3417,3613,3734,3805,3731
3030,0.86465,0.86228,0.05059,0.05338,250.66,431,874,1792,1910,1855,1928,1179,1846,1862,1885,2020,2020,2020,2018,2018,2018,2018,2139,2130,2134,2137,2979,2964,2979,3429,3417,3613,3734,3805,3731
3031,0.8645,0.86193,0.05062,0.05344,250.75,431,875,1793,1910,1855,1928,1179,1846,1862,1885,2020,2020,2020,2018,2017,2017,2018,2139,2130,2134,2137,2979,2964,2979,3429,3417,3613,3734,3805,3731
3032,0.8644,0.86209,0.05064,0.05341,250.83,431,876,1793,1911,1855,1928,1179,1846,1862,1885,2020,2020,2020,2018,2018,2018,2018,2139,2130,2134,2137,2979,2964,2979,3429,3417,3613,3734,3805,3731
3033,0.86436,0.86181,0.05064,0.05347,250.91,431,876,1793,1912,1856,1928,1179,1847,1862,1885,2020,2020,2020,2018,2017,2017,2017,2139,2129,2134,2137,2979,2964,2979,3428,3417,3613,3734,3805,3731
3034,0.86446,0.86218,0.05063,0.0534,251.0,431,877,1793,1912,1856,1928,1179,1847,1862,1885,2020,2020,2020,2018,2017,2017,2018,2139,2129,2134,2137,2979,2964,2979,3429,3417,3613,3734,3805,3731
3035,0.86468,0.86218,0.05059,0.0534,251.08,431,877,1794,1913,1857,1928,1179,1847,1862,1885,2020,2020,2020,2018,2017,2017,2017,2138,2129,2134,2137,2979,2964,2979,3428,3417,3613,3734,3805,3731
3036,0.86497,0.86265,0.05053,0.05331,251.16,431,878,1794,1913,1857,1928,1179,1847,1862,1885,2020,2020,2020,2018,2017,2017,2017,2139,2130,2134,2137,2979,2964,2979,3429,3417,3613,3734,3805,3731
3037,0.86523,0.86278,0.05048,0.05328,251.25,431,878,1794,1914,1857,1928,1179,1848,1863,1886,2020,2020,2020,2018,2017,2017,2017,2139,2130,2134,2137,2979,2964,2979,3429,3417,3613,3734,3805,3731
3038,0.86535,0.86297,0.05046,0.05324,251.33,431,879,1795,1915,1858,1928,1179,1848,1863,1886,2020,2020,2020,2018,2017,2017,2017,2139,2130,2134,2137,2979,2964,2979,3429,3417,3613,3734,3805,3731
3039,0.86533,0.86295,0.05046,0.05325,251.42,431,880,1795,1915,1858,1928,1179,1848,1863,1886,2020,2020,2020,2018,2017,2017,2017,2139,2130,2134,2137,2979,2964,2979,3429,3417,3613,3734,3805,3731
3040,0.86522,0.86272,0.05048,0.05329,251.5,431,880,1795,1916,1858,1928,1179,1848,1863,1886,2020,2020,2020,2018,2017,2017,2017,2138,2130,2134,2137,2979,2964,2979,3429,3417,3613,3734,3805,3731
3041,0.86507,0.86269,0.05051,0.0533,251.59,431,881,1796,1916,1859,1928,1179,1849,1863,1886,2020,2020,2020,2018,2017,2017,2018,2139,2130,2134,2137,2979,2964,2979,3429,3417,3613,3734,3805,3731
3042,0.86491,0.86237,0.05054,0.05336,251.67,431,881,1796,1917,1859,1928,1179,1849,1864,1886,2020,2020,2020,2018,2017,2017,2017,2138,2130,2133,2137,2979,2964,2979,3429,3417,3613,3734,3805,3731
3043,0.86479,0.86249,0.05057,0.05334,251.75,431,882,1796,1917,1859,1928,1179,1849,1864,1886,2020,2020,2020,2018,2018,2017,2018,2139,2130,2134,2137,2979,2964,2979,3429,3417,3613,3734,3805,3731
3044,0.86473,0.86226,0.05058,0.05338,251.83,431,882,1797,1918,1860,1928,1179,1850,1864,1886,2020,2020,2020,2018,2017,2017,2018,2139,2130,2133,2137,2979,2964,2979,3429,3417,3613,3734,3805,3731
3045,0.86478,0.86253,0.05057,0.05333,251.91,431,883,1797,1918,1860,1928,1179,1850,1864,1886,2020,2020,2020,2018,2018,2018,2018,2139,2130,2134,2137,2979,2964,2979,3429,3417,3613,3734,3805,3731
3046,0.8649,0.86244,0.05054,0.05335,252.0,431,884,1797,1919,1860,1928,1179,1850,1864,1886,2020,2020,2020,2018,2017,2017,2018,2139,2129,2134,2137,2979,2964,2979,3428,3417,3613,3734,3805,3731
3047,0.86511,0.86277,0.05051,0.05328,252.08,431,884,1798,1919,1861,1928,1179,1850,1864,1886,2020,2020,2020,2018,2018,2018,2018,2139,2129,2134,2137,2979,2964,2979,3428,3417,3613,3734,3805,3731
3048,0.8653,0.86284,0.05047,0.05327,252.15,431,885,1798,1920,1861,1928,1179,1850,1865,1886,2020,2020,2020,2018,2017,2017,2018,2139,2129,2134,2137,2979,2964,2979,3428,3417,3613,3734,3805,3731
3049,0.86542,0.863,0.05045,0.05324,252.25,431,885,1798,1920,1862,1928,1179,1851,1865,1886,2020,2020,2020,2018,2018,2017,2018,2138,2129,2134,2137,2979,2964,2979,3428,3417,3613,3734,3805,3731
3050,0.86543,0.86298,0.05044,0.05324,252.34,431,886,1798,1920,1862,1928,1179,1851,1865,1886,2020,2020,2020,2018,2018,2017,2018,2138,2129,2134,2137,2979,2964,2979,3429,3417,3613,3734,3805,3731
3051,0.86536,0.86283,0.05046,0.05327,252.43,431,886,1799,1921,1862,1928,1179,1851,1865,1887,2020,2020,2020,2018,2017,2017,2018,2138,2130,2134,2137,2979,2964,2979,3429,3417,3613,3734,3805,3731
3052,0.86526,0.86287,0.05048,0.05326,252.5,431,887,1799,1921,1863,1928,1179,1851,1865,1887,2020,2020,2020,2018,2018,2018,2018,2138,2130,2134,2137,2979,2964,2979,3429,3417,3613,3734,3805,3731
3053,0.86519,0.8627,0.05049,0.0533,252.58,431,888,1799,1922,1863,1928,1179,1851,1865,1887,2020,2020,2020,2018,2017,2017,2018,2138,2130,2134,2137,2979,2964,2979,3429,3417,3613,3734,3805,3731
3054,0.86519,0.86288,0.05049,0.05326,252.65,431,888,1800,1922,1863,1928,1179,1852,1865,1887,2020,2020,2020,2018,2018,2018,2018,2138,2130,2134,2137,2979,2964,2979,3429,3417,3613,3734,3805,3731
3055,0.86525,0.86282,0.05048,0.05327,252.74,431,889,1800,1922,1864,1928,1179,1852,1866,1887,2020,2020,2020,2018,2017,2017,2018,2138,2130,2134,2137,2979,2964,2979,3429,3417,3613,3734,3805,3731
3056,0.86534,0.86302,0.05046,0.05323,252.83,431,889,1800,1923,1864,1928,1179,1852,1866,1887,2020,2020,2020,2018,2018,2018,2018,2138,2130,2134,2137,2979,2964,2979,3429,3417,3613,3734,3805,3731
3057,0.86543,0.86301,0.05044,0.05323,252.91,431,890,1800,1923,1864,1928,1179,1852,1866,1887,2020,2020,2020,2018,2018,2017,2018,2138,2130,2134,2137,2979,2964,2979,3429,3417,3613,3734,3805,3731
3058,0.86549,0.86311,0.05043,0.05322,253.0,431,890,1801,1923,1865,1928,1179,1852,1866,1887,2020,2020,2020,2018,2018,2018,2018,2138,2130,2134,2137,2979,2964,2979,3429,3417,3613,3734,3805,3731
3059,0.86552,0.86309,0.05043,0.05322,253.08,431,891,1801,1924,1865,1928,1179,1852,1866,1887,2020,2020,2020,2018,2018,2017,2018,2138,2130,2134,2137,2979,2964,2979,3429,3417,3613,3734,3805,3731
3060,0.86551,0.86304,0.05043,0.05323,253.16,431,891,1801,1924,1866,1928,1179,1853,1867,1887,2020,2020,2020,2018,2018,2017,2018,2139,2130,2134,2137,2979,2964,2979,3429,3417,3613,3734,3805,3731
3061,0.86548,0.86304,0.05044,0.05323,253.24,431,892,1802,1924,1866,1928,1179,1853,1867,1887,2020,2020,2020,2018,2018,2018,2018,2139,2130,2134,2137,2979,2964,2979,3429,3417,3613,3734,3805,3731
3062,0.86546,0.86294,0.05044,0.05325,253.32,431,893,1802,1924,1866,1928,1179,1853,1867,1888,2020,2020,2020,2018,2018,2017,2018,2139,2130,2134,2137,2979,2964,2979,3429,3417,3613,3734,3805,3731
3063,0.86544,0.86303,0.05044,0.05323,253.41,431,893,1802,1925,1867,1928,1179,1853,1867,1888,2020,2020,2020,2018,2018,2018,2018,2139,2130,2134,2137,2979,2964,2979,3429,3417,3613,3734,3805,3731
3064,0.86543,0.86296,0.05045,0.05324,253.49,431,894,1803,1925,1867,1928,1179,1854,1867,1888,2020,2020,2020,2018,2018,2018,2018,2139,2130,2134,2137,2979,2964,2979,3429,3417,3613,3734,3805,3731
3065,0.86545,0.86307,0.05044,0.05322,253.57,431,894,1803,1925,1867,1928,1179,1854,1867,1888,2020,2020,2020,2018,2018,2018,2018,2139,2130,2134,2137,2979,2964,2979,3429,3417,3613,3734,3805,3731
3066,0.86549,0.86301,0.05043,0.05324,253.65,431,895,1803,1925,1868,1928,1179,1854,1868,1888,2020,2020,2020,2018,2018,2018,2018,2138,2130,2134,2137,2979,2964,2979,3429,3417,3613,3734,3805,3731
3067,0.86552,0.86311,0.05043,0.05322,253.73,431,895,1803,1926,1868,1928,1179,1854,1868,1888,2020,2020,2020,2018,2018,2018,2018,2138,2130,2134,2137,2979,2964,2979,3429,3417,3613,3734,3805,3731
3068,0.86555,0.86309,0.05042,0.05322,253.81,431,896,1804,1926,1868,1928,1179,1854,1868,1888,2020,2020,2020,2018,2018,2018,2018,2138,2130,2134,2137,2979,2964,2979,3429,3417,3613,3734,3805,3731
3069,0.86557,0.86314,0.05042,0.05321,253.89,431,896,1804,1926,1869,1928,1179,1854,1868,1888,2020,2020,2020,2018,2018,2018,2018,2138,2130,2134,2137,2979,2964,2979,3429,3417,3613,3734,3805,3731
3070,0.86558,0.86312,0.05042,0.05321,253.96,431,897,1804,1926,1869,1928,1179,1854,1868,1888,2020,2020,2020,2018,2018,2018,2018,2138,2130,2134,2137,2979,2964,2979,3429,3417,3613,3734,3805,3731
3071,0.86559,0.86312,0.05042,0.05321,254.05,431,897,1805,1926,1870,1928,1179,1854,1868,1889,2020,2020,2020,2018,2018,2018,2018,2138,2130,2134,2137,2979,2964,2979,3429,3417,3613,3734,3805,3731
3072,0.86559,0.86315,0.05042,0.05321,254.13,431,898,1805,1926,1870,1928,1179,1854,1869,1889,2020,2020,2020,2018,2018,2018,2018,2138,2130,2134,2137,2979,2964,2979,3429,3417,3613,3734,3805,3731
3073,0.86558,0.86315,0.05042,0.05321,254.2,431,899,1805,1926,1870,1928,1179,1855,1869,1889,2020,2020,2020,2018,2018,2018,2018,2138,2130,2134,2137,2979,2964,2979,3429,3417,3613,3734,3805,3731
3074,0.86558,0.86318,0.05042,0.0532,254.28,431,899,1806,1926,1871,1928,1179,1855,1869,1889,2020,2020,2020,2018,2018,2018,2018,2138,2130,2134,2137,2979,2964,2979,3429,3417,3613,3734,3805,3731
3075,0.86558,0.86311,0.05042,0.05322,254.36,431,900,1806,1927,1871,1928,1179,1855,1869,1889,2020,2020,2020,2018,2018,2018,2018,2138,2130,2134,2137,2979,2964,2979,3429,3417,3613,3734,3805,3731
3076,0.86558,0.86317,0.05042,0.05321,254.43,431,900,1806,1927,1871,1928,1179,1855,1869,1889,2020,2020,2020,2018,2018,2018,2018,2138,2130,2134,2137,2979,2964,2979,3429,3417,3613,3734,3805,3731
3077,0.86558,0.86311,0.05042,0.05322,254.5,431,901,1806,1927,1872,1928,1179,1855,1869,1889,2020,2020,2020,2018,2018,2018,2018,2138,2130,2134,2137,2979,2964,2979,3429,3417,3613,3734,3805,3730
3078,0.86558,0.86316,0.05042,0.05321,254.57,431,901,1807,1927,1872,1928,1179,1855,1869,1889,2020,2020,2020,2018,2018,2018,2018,2138,2130,2134,2137,2979,2964,2979,3429,3417,3613,3734,3804,3730
3079,0.86558,0.86309,0.05042,0.05322,254.64,431,902,1807,1927,1872,1928,1179,1855,1870,1890,2020,2020,2020,2018,2018,2018,2018,2138,2130,2134,2137,2979,2964,2979,3429,3417,3613,3734,3804,3730
3080,0.86558,0.86317,0.05042,0.0532,254.71,431,902,1807,1927,1873,1928,1179,1855,1870,1890,2020,2020,2020,2018,2018,2018,2018,2139,2130,2134,2137,2979,2964,2979,3429,3417,3613,3734,3804,3730
3081,0.86558,0.86311,0.05042,0.05322,254.78,431,903,1808,1927,1873,1928,1179,1856,1870,1890,2020,2020,2020,2018,2018,2018,2018,2138,2130,2134,2137,2979,2964,2979,3429,3417,3613,3734,3804,3730
3082,0.86557,0.86317,0.05042,0.0532,254.87,431,903,1808,1927,1873,1928,1179,1856,1870,1890,2020,2020,2020,2018,2018,2018,2018,2139,2130,2134,2137,2979,2964,2979,3429,3417,3613,3734,3804,3730
3083,0.86557,0.86307,0.05042,0.05322,254.95,431,904,1808,1927,1874,1928,1179,1856,1870,1890,2020,2020,2020,2018,2018,2018,2018,2138,2130,2134,2137,2979,2964,2978,3429,3417,3613,3734,3804,3730
3084,0.86555,0.86316,0.05042,0.05321,255.03,431,905,1808,1927,1874,1928,1179,1856,1870,1890,2020,2020,2020,2018,2018,2018,2018,2139,2130,2134,2137,2979,2964,2979,3429,3417,3613,3734,3804,3730
3085,0.86554,0.86305,0.05042,0.05323,255.1,431,905,1809,1927,1875,1928,1179,1856,1870,1890,2020,2020,2020,2018,2018,2017,2018,2138,2130,2134,2137,2979,2964,2978,3429,3417,3613,3734,3804,3730
3086,0.86552,0.86312,0.05043,0.05321,255.18,431,906,1809,1927,1875,1928,1179,1857,1871,1890,2020,2020,2020,2018,2018,2018,2018,2139,2130,2134,2137,2979,2964,2979,3429,3417,3613,3734,3804,3730
3087,0.86551,0.86298,0.05043,0.05324,255.26,431,906,1809,1927,1875,1928,1179,1857,1871,1890,2020,2020,2020,2018,2017,2017,2018,2138,2130,2134,2137,2979,2964,2978,3429,3417,3613,3734,3804,3730
3088,0.86549,0.86311,0.05043,0.05322,255.33,431,907,1809,1927,1876,1928,1179,1857,1871,1890,2020,2020,2020,2018,2018,2018,2018,2139,2130,2134,2137,2979,2964,2978,3429,3417,3613,3734,3803,3730
3089,0.86548,0.86298,0.05043,0.05324,255.4,431,907,1810,1927,1876,1928,1179,1857,1871,1890,2020,2020,2020,2018,2017,2017,2018,2139,2130,2134,2137,2979,2964,2978,3429,3417,3613,3734,3803,3730
3090,0.86548,0.86311,0.05044,0.05322,255.5,431,908,1810,1927,1876,1928,1179,1857,1871,1890,2020,2020,2020,2018,2018,2018,2018,2139,2130,2134,2137,2979,2964,2978,3429,3417,3613,3734,3803,3730
3091,0.86549,0.86303,0.05043,0.05323,255.57,431,908,1810,1927,1877,1928,1179,1858,1872,1890,2020,2020,2020,2018,2017,2017,2018,2139,2130,2134,2137,2979,2964,2978,3429,3417,3613,3734,3803,3730
3092,0.86552,0.86315,0.05043,0.05321,255.64,431,909,1811,1927,1877,1928,1179,1858,1872,1890,2020,2020,2020,2018,2018,2017,2018,2139,2130,2134,2137,2979,2964,2978,3429,3417,3613,3734,3803,3730
3093,0.86556,0.86306,0.05042,0.05323,255.72,431,909,1811,1926,1877,1928,1179,1858,1872,1890,2020,2020,2020,2018,2017,2017,2018,2138,2130,2134,2137,2979,2964,2978,3429,3417,3613,3734,3803,3730
3094,0.86559,0.86318,0.05041,0.0532,255.79,431,910,1811,1926,1878,1928,1179,1858,1872,1890,2020,2020,2020,2018,2017,2017,2018,2138,2130,2134,2137,2979,2964,2978,3429,3417,3613,3734,3803,3730
3095,0.86562,0.86311,0.05041,0.05322,255.87,431,910,1811,1926,1878,1928,1179,1858,1872,1890,2020,2020,2020,2018,2017,2017,2018,2138,2130,2134,2137,2979,2964,2978,3429,3417,3613,3734,3803,3730
3096,0.86564,0.86317,0.05041,0.0532,255.94,431,911,1812,1926,1878,1928,1179,1858,1872,1890,2020,2020,2020,2018,2017,2017,2018,2138,2130,2134,2137,2979,2964,2978,3429,3417,3613,3734,3802,3730
3097,0.86565,0.86309,0.0504,0.05322,256.01,431,911,1812,1926,1879,1928,1179,1859,1872,1890,2020,2020,2020,2018,2017,2017,2018,2138,2130,2134,2137,2979,2964,2978,3429,3417,3613,3734,3802,3730
3098,0.86566,0.86317,0.0504,0.0532,256.09,431,912,1812,1926,1879,1928,1179,1859,1873,1890,2020,2020,2020,2018,2018,2017,2018,2138,2130,2134,2137,2979,2964,2978,3429,3417,3613,3734,3802,3730
3099,0.86567,0.86314,0.0504,0.05321,256.16,431,912,1812,1926,1880,1928,1179,1859,1873,1890,2020,2020,2020,2018,2017,2017,2018,2138,2130,2134,2137,2979,2964,2978,3429,3417,3613,3734,3802,3730
3100,0.86567,0.86321,0.0504,0.0532,256.23,431,913,1813,1926,1880,1928,1179,1859,1873,1890,2020,2020,2020,2018,2018,2017,2018,2138,2130,2134,2137,2979,2964,2978,3429,3417,3613,3734,3802,3730
3101,0.86567,0.86315,0.0504,0.05321,256.31,431,913,1813,1926,1880,1928,1179,1860,1873,1890,2020,2020,2020,2018,2018,2017,2018,2138,2130,2134,2137,2979,2964,2978,3429,3417,3613,3734,3802,3730
3102,0.86568,0.86319,0.0504,0.0532,256.39,431,914,1813,1926,1881,1928,1179,1860,1873,1890,2020,2020,2020,2018,2018,2018,2018,2138,2130,2134,2137,2979,2964,2978,3429,3417,3613,3734,3802,3730
3103,0.86567,0.86311,0.0504,0.05322,256.47,431,915,1814,1926,1881,1928,1179,1860,1873,1890,2020,2020,2020,2018,2018,2018,2018,2138,2130,2134,2137,2979,2964,2978,3429,3417,3613,3734,3802,3730
3104,0.86566,0.86319,0.0504,0.0532,256.54,431,915,1814,1926,1881,1928,1179,1860,1873,1890,2020,2020,2020,2018,2018,2018,2018,2138,2130,2134,2137,2979,2964,2978,3429,3417,3613,3734,3802,3730
3105,0.86564,0.8631,0.05041,0.05322,256.62,431,916,1814,1926,1882,1928,1179,1860,1874,1890,2020,2020,2020,2018,2018,2018,2018,2138,2130,2134,2137,2979,2964,2978,3429,3417,3613,3734,3802,3730
3106,0.86561,0.86317,0.05041,0.0532,256.7,431,916,1814,1926,1882,1928,1179,1860,1874,1890,2020,2020,2020,2018,2018,2018,2018,2139,2130,2134,2137,2979,2964,2978,3429,3417,3613,3734,3802,3730
3107,0.86557,0.86301,0.05042,0.05323,256.77,431,917,1815,1926,1882,1928,1179,1861,1874,1890,2020,2020,2020,2018,2018,2018,2018,2138,2130,2134,2137,2979,2964,2978,3429,3417,3613,3734,3802,3730
3108,0.8655,0.86311,0.05043,0.05322,256.85,431,917,1815,1926,1883,1928,1179,1861,1874,1890,2020,2020,2020,2018,2018,2018,2018,2139,2130,2134,2137,2979,2964,2978,3429,3417,3613,3734,3802,3730
3109,0.86542,0.8629,0.05045,0.05326,256.92,431,918,1815,1926,1883,1928,1179,1861,1874,1890,2020,2020,2020,2018,2018,2017,2018,2139,2130,2134,2137,2979,2964,2978,3429,3417,3613,3734,3802,3730
3110,0.86531,0.86299,0.05047,0.05324,257.0,431,918,1816,1926,1884,1928,1179,1861,1874,1890,2020,2020,2020,2018,2018,2018,2018,2139,2130,2134,2137,2979,2964,2978,3429,3417,3613,3734,3802,3729
3111,0.86519,0.86268,0.05049,0.0533,257.08,431,919,1816,1926,1884,1928,1179,1861,1875,1890,2020,2020,2020,2018,2017,2017,2018,2139,2130,2134,2137,2979,2964,2978,3429,3417,3613,3734,3802,3729
3112,0.86506,0.8628,0.05051,0.05328,257.15,431,919,1816,1926,1884,1928,1179,1861,1875,1890,2020,2020,2020,2018,2018,2018,2018,2139,2130,2134,2137,2979,2964,2978,3429,3417,3613,3734,3802,3729
3113,0.86497,0.8625,0.05053,0.05333,257.23,431,920,1816,1926,1885,1928,1179,1861,1875,1890,2020,2020,2020,2018,2017,2017,2017,2139,2129,2134,2137,2979,2964,2978,3429,3418,3613,3734,3802,3729
3114,0.86494,0.86276,0.05054,0.05328,257.32,431,920,1817,1926,1885,1928,1179,1861,1875,1890,2020,2020,2020,2018,2018,2017,2018,2139,2130,2134,2137,2979,2964,2978,3429,3418,3613,3734,3802,3729
3115,0.86502,0.86259,0.05052,0.05332,257.41,431,921,1817,1926,1885,1928,1179,1861,1875,1890,2020,2020,2020,2018,2017,2017,2017,2139,2129,2134,2137,2979,2964,2978,3429,3418,3613,3734,3802,3729
3116,0.86519,0.86299,0.05049,0.05324,257.49,431,921,1817,1926,1886,1928,1179,1861,1875,1890,2020,2020,2020,2018,2017,2017,2018,2139,2130,2134,2137,2979,2964,2978,3429,3418,3613,3734,3802,3729
3117,0.86542,0.863,0.05045,0.05324,257.57,431,922,1818,1926,1886,1928,1179,1861,1875,1890,2020,2020,2020,2017,2017,2017,2017,2139,2130,2134,2137,2979,2964,2978,3429,3418,3613,3734,3802,3729
3118,0.86564,0.86334,0.05041,0.05317,257.65,431,922,1818,1926,1886,1928,1179,1861,1876,1890,2020,2020,2020,2018,2017,2017,2017,2139,2130,2134,2137,2979,2964,2978,3429,3418,3613,3734,3802,3729
3119,0.86579,0.86338,0.05038,0.05316,257.74,431,923,1818,1926,1887,1928,1179,1861,1876,1890,2020,2020,2020,2017,2017,2017,2017,2139,2130,2134,2137,2979,2964,2978,3429,3418,3613,3734,3802,3729
3120,0.86583,0.86343,0.05037,0.05315,257.81,431,923,1818,1926,1887,1928,1179,1861,1876,1890,2020,2020,2020,2017,2017,2017,2017,2138,2130,2134,2137,2979,2964,2978,3429,3418,3613,3734,3802,3729
3121,0.86579,0.86342,0.05038,0.05316,257.89,431,924,1819,1926,1888,1928,1179,1861,1876,1890,2020,2020,2020,2018,2017,2017,2017,2138,2130,2134,2137,2979,2964,2978,3429,3417,3613,3734,3802,3729
3122,0.86569,0.86321,0.0504,0.0532,257.97,431,924,1819,1926,1888,1928,1179,1861,1876,1890,2020,2020,2020,2017,2017,2017,2017,2138,2130,2134,2137,2979,2964,2978,3429,3417,3613,3734,3802,3729
3123,0.86555,0.86325,0.05042,0.05319,258.06,431,925,1819,1926,1888,1928,1179,1861,1876,1890,2020,2020,2020,2018,2017,2017,2018,2138,2130,2134,2137,2979,2964,2978,3429,3417,3613,3734,3802,3729
3124,0.86542,0.86298,0.05045,0.05324,258.14,431,925,1820,1926,1889,1928,1179,1861,1876,1890,2020,2020,2020,2018,2017,2017,2017,2138,2130,2133,2137,2979,2964,2978,3429,3417,3613,3734,3802,3729
3125,0.86533,0.86308,0.05046,0.05322,258.21,431,926,1820,1926,1889,1928,1179,1861,1876,1890,2020,2020,2020,2018,2018,2017,2018,2139,2130,2134,2137,2979,2964,2978,3429,3417,3613,3734,3802,3729
3126,0.86531,0.86287,0.05047,0.05326,258.28,431,926,1820,1926,1889,1928,1179,1861,1877,1890,2020,2020,2020,2018,2017,2017,2018,2139,2130,2133,2137,2979,2964,2978,3429,3417,3613,3734,3802,3729
3127,0.86535,0.86312,0.05046,0.05321,258.37,431,927,1821,1926,1890,1928,1179,1861,1877,1890,2020,2020,2020,2018,2018,2018,2018,2139,2130,2134,2137,2979,2964,2978,3429,3417,3613,3734,3802,3729
3128,0.86549,0.86306,0.05043,0.05323,258.45,431,927,1821,1926,1890,1928,1179,1861,1877,1890,2020,2020,2020,2018,2017,2017,2018,2139,2129,2134,2137,2979,2964,2978,3428,3417,3613,3734,3802,3729
3129,0.86565,0.86337,0.0504,0.05316,258.52,431,928,1821,1926,1891,1928,1179,1861,1877,1890,2020,2020,2020,2018,2018,2018,2018,2139,2129,2134,2137,2979,2964,2978,3429,3417,3613,3734,3802,3729
3130,0.8658,0.86339,0.05038,0.05316,258.6,431,928,1821,1926,1891,1928,1179,1861,1877,1890,2020,2020,2020,2018,2018,2017,2018,2138,2129,2134,2137,2979,2964,2978,3428,3417,3613,3734,3802,3729
3131,0.86589,0.86353,0.05036,0.05313,258.68,431,929,1822,1926,1891,1928,1179,1861,1877,1890,2020,2020,2020,2018,2018,2018,2018,2138,2129,2134,2137,2979,2964,2978,3429,3417,3613,3734,3802,3729
3132,0.86591,0.86354,0.05035,0.05313,258.76,431,929,1822,1926,1892,1928,1179,1861,1877,1890,2020,2020,2020,2018,2018,2018,2018,2138,2130,2134,2137,2979,2964,2978,3429,3417,3613,3734,3802,3729
3133,0.86588,0.86348,0.05036,0.05314,258.84,431,930,1822,1926,1892,1928,1179,1861,1877,1890,2020,2020,2020,2018,2018,2017,2018,2138,2130,2134,2137,2979,2964,2978,3429,3417,3613,3734,3802,3729
3134,0.86583,0.86353,0.05037,0.05313,258.91,431,930,1822,1926,1892,1928,1179,1861,1878,1890,2020,2020,2020,2018,2018,2018,2018,2138,2130,2134,2137,2979,2964,2978,3429,3417,3613,3734,3802,3729
3135,0.86578,0.86338,0.05038,0.05316,258.99,431,931,1823,1926,1893,1928,1179,1861,1878,1890,2020,2020,2020,2018,2018,2017,2018,2138,2130,2134,2137,2979,2964,2978,3429,3417,3613,3734,3802,3729
3136,0.86575,0.86348,0.05038,0.05314,259.06,431,931,1823,1926,1893,1928,1179,1861,1878,1890,2020,2020,2020,2018,2018,2018,2018,2138,2130,2134,2137,2979,2964,2978,3429,3417,3613,3734,3802,3729
3137,0.86575,0.86335,0.05039,0.05317,259.13,431,932,1823,1926,1894,1928,1179,1861,1878,1890,2020,2020,2020,2018,2018,2017,2018,2138,2130,2134,2137,2979,2964,2978,3429,3418,3613,3734,3802,3729
3138,0.86577,0.86353,0.05038,0.05313,259.2,431,932,1824,1926,1894,1928,1179,1861,1878,1890,2020,2020,2020,2018,2018,2018,2018,2139,2130,2134,2137,2979,2964,2978,3429,3418,3613,3734,3802,3729
3139,0.8658,0.86347,0.05038,0.05315,259.29,431,933,1824,1926,1894,1928,1179,1861,1878,1890,2020,2020,2020,2018,2018,2017,2018,2139,2130,2134,2137,2979,2964,2978,3429,3418,3613,3734,3802,3729
3140,0.86586,0.86361,0.05037,0.05312,259.36,431,933,1824,1926,1895,1928,1179,1861,1878,1890,2020,2020,2020,2018,2018,2018,2018,2139,2130,2134,2137,2979,2964,2978,3429,3418,3613,3734,3802,3729
3141,0.86591,0.86355,0.05036,0.05313,259.43,431,934,1825,1926,1895,1928,1179,1861,1878,1890,2020,2020,2020,2018,2018,2017,2018,2139,2130,2134,2137,2979,2964,2978,3429,3418,3613,3734,3802,3729
3142,0.86595,0.86366,0.05035,0.05311,259.51,431,934,1825,1926,1895,1928,1179,1861,1879,1890,2020,2020,2020,2018,2018,2018,2018,2139,2130,2134,2137,2979,2964,2978,3429,3418,3613,3734,3802,3729
3143,0.86599,0.86367,0.05034,0.05311,259.59,431,935,1825,1926,1896,1928,1179,1861,1879,1890,2020,2020,2020,2018,2018,2017,2018,2138,2130,2134,2137,2979,2964,2978,3429,3417,3613,3734,3802,3729
3144,0.86601,0.8637,0.05034,0.0531,259.66,431,935,1825,1926,1896,1928,1179,1861,1879,1890,2020,2020,2020,2018,2018,2018,2018,2138,2130,2134,2137,2979,2964,2978,3429,3417,3613,3734,3802,3729
3145,0.86601,0.8637,0.05034,0.0531,259.74,431,936,1826,1926,1897,1928,1179,1861,1879,1890,2020,2020,2020,2018,2018,2018,2018,2138,2130,2134,2137,2979,2964,2978,3429,3417,3613,3734,3802,3729
3146,0.866,0.86367,0.05034,0.05311,259.82,431,936,1826,1926,1897,1928,1179,1861,1879,1890,2020,2020,2020,2018,2018,2018,2018,2138,2130,2134,2137,2979,2964,2977,3429,3417,3613,3734,3802,3729
3147,0.86599,0.86369,0.05034,0.0531,259.89,431,937,1826,1926,1897,1928,1179,1861,1879,1890,2020,2020,2020,2018,2018,2018,2018,2138,2130,2134,2137,2979,2964,2977,3429,3417,3613,3734,3802,3729
3148,0.86598,0.86362,0.05034,0.05312,259.97,431,937,1827,1926,1898,1928,1179,1861,1879,1890,2020,2020,2020,2018,2018,2018,2018,2138,2130,2134,2137,2979,2964,2977,3429,3417,3613,3734,3802,3729
3149,0.86597,0.86368,0.05034,0.0531,260.06,431,938,1827,1926,1898,1928,1179,1861,1879,1890,2020,2020,2020,2018,2018,2018,2018,2138,2130,2134,2137,2979,2964,2977,3429,3417,3613,3734,3802,3729
3150,0.86596,0.8636,0.05035,0.05312,260.13,431,938,1827,1926,1899,1928,1179,1861,1880,1890,2020,2020,2020,2018,2018,2018,2018,2138,2130,2134,2137,2979,2964,2977,3429,3417,3613,3734,3802,3729
3151,0.86596,0.86368,0.05035,0.0531,260.2,431,939,1827,1926,1899,1928,1179,1861,1880,1890,2020,2020,2020,2018,2018,2018,2018,2139,2130,2134,2137,2979,2964,2977,3429,3417,3613,3734,3802,3729
3152,0.86596,0.86361,0.05035,0.05312,260.29,431,939,1828,1926,1899,1928,1179,1861,1880,1890,2020,2020,2020,2018,2018,2018,2018,2139,2130,2134,2137,2979,2964,2977,3429,3417,3613,3734,3802,3729
3153,0.86597,0.86371,0.05034,0.0531,260.37,431,940,1828,1926,1900,1928,1179,1861,1880,1890,2020,2020,2020,2018,2018,2018,2018,2139,2130,2134,2137,2979,2964,2977,3429,3417,3613,3734,3802,3729
3154,0.86599,0.86367,0.05034,0.05311,260.45,431,940,1828,1926,1900,1928,1179,1861,1880,1890,2020,2020,2020,2018,2018,2018,2018,2139,2130,2134,2137,2979,2964,2977,3429,3417,3613,3734,3802,3729
3155,0.86601,0.86377,0.05034,0.05309,260.54,431,941,1829,1926,1901,1928,1179,1861,1880,1890,2020,2020,2020,2018,2018,2018,2018,2139,2130,2134,2137,2979,2964,2977,3429,3417,3613,3734,3802,3729
3156,0.86602,0.86373,0.05033,0.05309,260.61,431,942,1829,1926,1901,1928,1179,1861,1880,1890,2020,2020,2020,2018,2018,2018,2018,2138,2130,2134,2137,2979,2964,2977,3429,3417,3613,3734,3802,3729
3157,0.86604,0.86381,0.05033,0.05308,260.68,431,942,1829,1926,1901,1928,1179,1861,1880,1890,2020,2020,2020,2018,2018,2018,2018,2138,2130,2134,2137,2979,2964,2977,3429,3417,3613,3734,3802,3729
3158,0.86606,0.86378,0.05033,0.05308,260.76,431,943,1829,1926,1902,1928,1179,1861,1880,1890,2020,2020,2020,2018,2018,2018,2018,2138,2130,2134,2137,2979,2964,2977,3429,3417,3613,3734,3802,3729
3159,0.86608,0.86384,0.05032,0.05307,260.84,431,943,1830,1926,1902,1928,1179,1861,1880,1890,2020,2020,2020,2018,2018,2018,2018,2138,2130,2134,2137,2979,2964,2977,3429,3417,3613,3734,3802,3729
3160,0.86609,0.86382,0.05032,0.05308,260.91,431,944,1830,1926,1903,1928,1179,1861,1881,1890,2020,2020,2020,2018,2018,2018,2018,2138,2130,2134,2137,2979,2964,2977,3429,3417,3613,3734,3802,3729
3161,0.86611,0.86386,0.05032,0.05307,261.0,431,944,1830,1926,1903,1928,1179,1861,1881,1890,2020,2020,2020,2018,2018,2018,2018,2138,2130,2134,2137,2979,2964,2977,3429,3417,3613,3734,3802,3729
3162,0.86612,0.86386,0.05032,0.05307,261.08,431,945,1831,1926,1903,1928,1179,1861,1881,1890,2020,2020,2020,2018,2018,2018,2018,2138,2130,2134,2137,2979,2964,2977,3429,3417,3613,3734,3802,3729
3163,0.86612,0.86388,0.05032,0.05307,261.17,431,945,1831,1926,1904,1928,1179,1861,1881,1890,2020,2020,2020,2018,2018,2018,2018,2138,2130,2134,2137,2979,2964,2977,3429,3417,3613,3734,3802,3729
3164,0.86613,0.86387,0.05031,0.05307,261.26,431,946,1831,1926,1904,1928,1179,1861,1881,1890,2020,2020,2020,2018,2018,2018,2018,2138,2130,2134,2137,2979,2964,2977,3429,3417,3613,3734,3802,3729
3165,0.86613,0.86386,0.05031,0.05307,261.34,431,946,1831,1926,1905,1928,1179,1861,1881,1890,2020,2020,2020,2018,2018,2018,2018,2138,2130,2134,2137,2979,2964,2977,3429,3417,3613,3734,3802,3729
3166,0.86614,0.86387,0.05031,0.05307,261.42,431,947,1832,1926,1905,1928,1179,1861,1881,1890,2020,2020,2020,2018,2018,2018,2018,2139,2130,2134,2137,2979,2964,2977,3429,3417,3613,3734,3802,3729
3167,0.86614,0.86385,0.05031,0.05307,261.51,431,947,1832,1926,1905,1928,1179,1861,1881,1890,2020,2020,2020,2018,2018,2018,2018,2139,2130,2134,2137,2979,2964,2977,3429,3417,3613,3734,3802,3729
3168,0.86615,0.86387,0.05031,0.05307,261.59,431,948,1832,1926,1906,1928,1179,1861,1881,1890,2020,2020,2020,2018,2018,2018,2018,2139,2130,2134,2137,2979,2964,2977,3429,3417,3613,3734,3802,3729
3169,0.86615,0.86385,0.05031,0.05307,261.68,431,948,1833,1926,1906,1928,1179,1861,1881,1890,2020,2020,2020,2018,2018,2018,2018,2138,2130,2134,2137,2979,2964,2977,3429,3417,3613,3734,3802,3729
3170,0.86615,0.86388,0.05031,0.05307,261.76,431,949,1833,1926,1907,1928,1179,1861,1881,1890,2020,2020,2020,2018,2018,2018,2018,2138,2130,2134,2137,2979,2964,2977,3429,3417,3613,3734,3802,3729
3171,0.86616,0.86387,0.05031,0.05307,261.83,431,949,1833,1926,1907,1928,1179,1862,1882,1890,2020,2020,2020,2018,2018,2018,2018,2138,2130,2134,2137,2979,2964,2977,3429,3417,3613,3734,3802,3729
3172,0.86616,0.86392,0.05031,0.05306,261.91,431,950,1833,1926,1907,1928,1179,1861,1882,1890,2020,2020,2020,2018,2018,2018,2018,2138,2130,2134,2137,2979,2964,2977,3429,3417,3613,3734,3802,3729
3173,0.86616,0.8639,0.05031,0.05306,261.98,431,950,1834,1926,1908,1928,1179,1862,1882,1890,2020,2020,2020,2018,2018,2018,2018,2138,2130,2134,2137,2979,2964,2977,3429,3417,3613,3734,3802,3729
3174,0.86616,0.86395,0.05031,0.05305,262.07,431,951,1834,1926,1908,1928,1179,1861,1882,1890,2020,2020,2020,2018,2018,2018,2018,2138,2130,2134,2137,2979,2964,2977,3429,3417,3613,3734,3802,3729
3175,0.86615,0.86389,0.05031,0.05306,262.15,431,951,1834,1926,1909,1928,1179,1862,1882,1890,2020,2020,2020,2018,2018,2018,2018,2138,2130,2134,2137,2979,2964,2977,3429,3417,3613,3734,3802,3729
3176,0.86614,0.86391,0.05031,0.05306,262.21,431,952,1835,1926,1909,1928,1179,1861,1882,1890,2020,2020,2020,2018,2018,2018,2018,2138,2130,2134,2137,2979,2964,2977,3429,3417,3613,3734,3802,3729
3177,0.86612,0.86383,0.05032,0.05308,262.29,431,952,1835,1926,1909,1928,1179,1862,1882,1890,2020,2020,2020,2018,2018,2018,2018,2138,2130,2134,2137,2979,2964,2977,3429,3417,3613,3734,3802,3729
3178,0.86609,0.8639,0.05032,0.05306,262.37,431,953,1835,1926,1910,1928,1179,1861,1882,1890,2020,2020,2020,2018,2018,2018,2018,2139,2130,2134,2137,2979,2964,2977,3429,3417,3613,3734,3802,3729
3179,0.86604,0.86376,0.05033,0.05309,262.46,431,953,1835,1926,1910,1928,1179,1861,1882,1890,2020,2020,2020,2018,2018,2018,2018,2139,2130,2134,2137,2979,2964,2977,3429,3417,3613,3734,3802,3729
3180,0.86598,0.86384,0.05034,0.05307,262.55,431,954,1836,1926,1911,1928,1179,1861,1882,1890,2020,2020,2020,2018,2018,2018,2018,2139,2130,2134,2137,2979,2964,2977,3429,3417,3613,3734,3802,3729
3181,0.8659,0.86363,0.05036,0.05311,262.63,431,954,1836,1926,1911,1928,1179,1861,1882,1890,2020,2020,2020,2018,2018,2017,2018,2139,2130,2134,2137,2979,2964,2977,3429,3418,3613,3734,3802,3729
3182,0.86583,0.86374,0.05037,0.05309,262.72,431,955,1836,1926,1911,1928,1179,1861,1882,1890,2020,2020,2020,2018,2018,2018,2018,2139,2130,2134,2137,2979,2964,2977,3429,3418,3613,3734,3802,3729
3183,0.86576,0.86352,0.05038,0.05314,262.8,431,955,1836,1926,1912,1928,1179,1861,1883,1890,2020,2020,2020,2018,2017,2017,2018,2139,2130,2134,2137,2979,2964,2977,3429,3418,3613,3734,3802,3729
3184,0.86572,0.86368,0.05039,0.0531,262.89,431,956,1837,1926,1912,1928,1179,1861,1883,1890,2020,2020,2020,2018,2018,2018,2018,2139,2130,2134,2137,2979,2964,2977,3429,3418,3613,3734,3802,3729
3185,0.86572,0.86351,0.05039,0.05314,262.98,431,956,1837,1926,1913,1928,1179,1861,1883,1890,2020,2020,2020,2018,2017,2017,2017,2139,2130,2134,2137,2979,2964,2977,3429,3418,3613,3734,3802,3729
3186,0.86578,0.86374,0.05038,0.05309,263.07,431,957,1837,1926,1913,1928,1179,1861,1883,1890,2020,2020,2020,2018,2017,2017,2018,2139,2130,2134,2137,2979,2964,2977,3429,3418,3613,3734,3802,3729
3187,0.86589,0.86368,0.05036,0.05311,263.16,431,957,1838,1926,1913,1928,1179,1861,1883,1890,2020,2020,2020,2018,2017,2017,2017,2139,2130,2134,2137,2979,2964,2976,3429,3418,3613,3734,3802,3729
3188,0.86603,0.86396,0.05033,0.05305,263.26,431,958,1838,1926,1914,1928,1179,1861,1883,1890,2020,2020,2020,2018,2017,2017,2018,2139,2130,2134,2137,2979,2964,2977,3429,3418,3613,3734,3802,3729
3189,0.86616,0.86399,0.05031,0.05304,263.35,431,958,1838,1926,1914,1928,1179,1861,1883,1890,2020,2020,2020,2018,2017,2017,2017,2139,2130,2134,2137,2979,2964,2976,3429,3418,3613,3734,3802,3729
3190,0.86626,0.86419,0.05029,0.05301,263.44,431,959,1838,1926,1915,1928,1179,1861,1883,1890,2020,2020,2020,2018,2017,2017,2017,2139,2130,2134,2137,2979,2964,2976,3429,3418,3613,3734,3802,3729
3191,0.86631,0.86424,0.05028,0.053,263.52,431,959,1839,1926,1915,1928,1179,1861,1883,1890,2020,2020,2020,2018,2017,2017,2017,2138,2130,2134,2137,2979,2964,2976,3429,3418,3613,3734,3802,3729
3192,0.86631,0.86427,0.05028,0.05299,263.62,431,960,1839,1926,1915,1928,1179,1861,1883,1890,2020,2020,2020,2018,2017,2017,2017,2138,2130,2134,2137,2979,2964,2976,3429,3418,3613,3734,3802,3729
3193,0.86628,0.86429,0.05028,0.05299,263.7,431,960,1839,1926,1916,1928,1179,1861,1883,1890,2020,2020,2020,2018,2017,2017,2017,2138,2130,2134,2137,2979,2964,2976,3429,3418,3613,3734,3802,3729
3194,0.86622,0.86413,0.0503,0.05302,263.79,431,961,1839,1926,1916,1928,1179,1861,1884,1890,2020,2020,2020,2018,2017,2017,2017,2138,2130,2133,2137,2979,2964,2976,3429,3418,3613,3734,3802,3729
3195,0.86614,0.86411,0.05031,0.05302,263.89,431,962,1840,1926,1916,1928,1179,1861,1884,1890,2020,2020,2020,2018,2017,2017,2017,2138,2130,2134,2137,2979,2964,2976,3429,3418,3613,3734,3802,3729
3196,0.86602,0.86384,0.05033,0.05307,263.99,431,962,1840,1926,1917,1928,1179,1861,1884,1890,2020,2020,2020,2017,2017,2017,2017,2138,2130,2133,2137,2979,2964,2976,3429,3418,3613,3734,3802,3729
3197,0.86587,0.86384,0.05036,0.05307,264.06,431,963,1840,1926,1917,1928,1179,1861,1884,1890,2020,2020,2020,2018,2017,2017,2018,2139,2130,2134,2137,2979,2964,2976,3429,3418,3613,3734,3802,3729
3198,0.86571,0.86348,0.05039,0.05314,264.15,431,963,1841,1926,1918,1928,1179,1861,1884,1890,2020,2020,2020,2017,2017,2017,2017,2139,2130,2133,2137,2979,2964,2976,3429,3418,3613,3734,3802,3729
3199,0.8656,0.86356,0.05041,0.05313,264.23,431,964,1841,1926,1918,1928,1179,1861,1884,1890,2020,2020,2020,2018,2017,2017,2018,2139,2130,2134,2137,2979,2964,2976,3429,3418,3613,3734,3802,3729
3200,0.86554,0.86328,0.05042,0.05318,264.32,431,964,1841,1926,1918,1928,1179,1861,1884,1890,2020,2020,2020,2017,2017,2017,2017,2139,2130,2134,2137,2979,2964,2976,3428,3418,3613,3734,3802,3729
3201,0.86562,0.86362,0.05041,0.05312,264.42,431,965,1841,1926,1919,1928,1179,1861,1884,1890,2020,2020,2020,2018,2018,2017,2018,2139,2129,2134,2137,2979,2964,2976,3429,3418,3613,3734,3802,3729
3202,0.86582,0.8636,0.05037,0.05312,264.5,431,965,1842,1926,1919,1928,1179,1861,1884,1890,2020,2020,2020,2018,2017,2017,2017,2138,2129,2134,2137,2979,2964,2976,3428,3418,3613,3734,3802,3729
3203,0.86608,0.86405,0.05032,0.05303,264.59,431,966,1842,1926,1919,1928,1179,1861,1884,1890,2020,2020,2020,2018,2017,2017,2018,2139,2129,2134,2137,2979,2964,2976,3429,3418,3613,3734,3802,3729
3204,0.8663,0.86412,0.05028,0.05302,264.67,431,966,1842,1926,1920,1928,1179,1861,1885,1890,2020,2020,2020,2018,2017,2017,2017,2139,2129,2134,2137,2979,2964,2976,3429,3418,3613,3734,3802,3729
3205,0.86641,0.86432,0.05026,0.05298,264.75,431,967,1843,1926,1920,1928,1179,1861,1885,1890,2020,2020,2020,2018,2017,2017,2017,2139,2130,2134,2137,2979,2964,2976,3429,3418,3613,3734,3802,3729
3206,0.86639,0.86439,0.05027,0.05297,264.85,431,967,1843,1926,1920,1928,1179,1861,1885,1890,2020,2020,2020,2018,2017,2017,2018,2139,2130,2134,2137,2979,2964,2976,3429,3418,3613,3734,3802,3729
3207,0.86628,0.86427,0.05029,0.05299,264.94,431,968,1843,1926,1921,1928,1179,1861,1885,1890,2020,2020,2020,2018,2017,2017,2017,2139,2130,2134,2137,2979,2964,2976,3429,3418,3613,3734,3802,3729
3208,0.86614,0.86429,0.05031,0.05299,265.02,431,968,1844,1926,1921,1928,1179,1861,1885,1890,2020,2020,2020,2018,2017,2017,2018,2139,2130,2134,2137,2979,2964,2976,3429,3418,3613,3734,3802,3729
3209,0.86602,0.864,0.05033,0.05304,265.11,431,969,1844,1926,1921,1928,1179,1861,1885,1890,2020,2020,2020,2018,2017,2017,2017,2138,2130,2133,2136,2979,2964,2976,3429,3418,3613,3734,3802,3729
3210,0.86594,0.86407,0.05035,0.05303,265.2,431,969,1844,1926,1922,1928,1179,1861,1885,1890,2020,2020,2020,2018,2017,2017,2018,2139,2130,2134,2137,2979,2964,2976,3429,3418,3613,3734,3802,3729
3211,0.86591,0.86386,0.05036,0.05307,265.29,431,970,1844,1926,1922,1928,1179,1861,1885,1890,2020,2020,2020,2017,2017,2017,2017,2139,2130,2133,2137,2979,2964,2976,3429,3418,3613,3734,3802,3729
3212,0.86596,0.86409,0.05035,0.05303,265.38,431,970,1845,1926,1922,1928,1179,1861,1885,1890,2020,2020,2020,2018,2017,2017,2018,2139,2130,2134,2137,2979,2964,2976,3429,3417,3613,3734,3802,3729
3213,0.86607,0.86402,0.05033,0.05304,265.47,431,971,1845,1926,1923,1928,1179,1861,1885,1890,2020,2020,2020,2017,2017,2017,2017,2139,2130,2133,2137,2979,2964,2976,3428,3417,3613,3734,3802,3729
3214,0.86622,0.8643,0.0503,0.05298,265.56,431,971,1845,1926,1923,1928,1179,1861,1885,1890,2020,2020,2020,2018,2017,2017,2017,2139,2130,2134,2137,2979,2964,2976,3428,3417,3613,3734,3802,3729
3215,0.86636,0.86434,0.05027,0.05298,265.64,431,972,1846,1926,1923,1928,1179,1861,1885,1890,2020,2020,2020,2018,2017,2017,2017,2138,2129,2134,2137,2979,2964,2976,3428,3417,3613,3734,3802,3729
3216,0.86646,0.86452,0.05025,0.05294,265.73,431,972,1846,1926,1924,1928,1179,1861,1885,1890,2020,2020,2020,2018,2017,2017,2017,2138,2129,2134,2137,2979,2964,2976,3429,3417,3613,3734,3802,3729
3217,0.86649,0.86454,0.05025,0.05294,265.82,431,973,1846,1926,1924,1928,1179,1861,1885,1890,2020,2020,2020,2018,2017,2017,2017,2138,2129,2134,2136,2979,2964,2976,3429,3417,3613,3734,3802,3729
3218,0.86646,0.86447,0.05025,0.05295,265.91,431,973,1846,1926,1924,1928,1179,1861,1885,1890,2020,2020,2020,2018,2017,2017,2017,2138,2129,2134,2136,2979,2964,2976,3429,3418,3613,3734,3802,3729
3219,0.86641,0.86448,0.05026,0.05295,265.99,431,974,1847,1926,1924,1928,1179,1861,1885,1890,2020,2020,2020,2018,2017,2017,2018,2138,2130,2134,2137,2979,2964,2976,3429,3418,3613,3734,3802,3729
3220,0.86636,0.86433,0.05027,0.05298,266.08,431,975,1847,1926,1925,1928,1179,1861,1885,1890,2020,2020,2020,2018,2017,2017,2018,2138,2130,2134,2137,2979,2964,2976,3429,3418,3613,3734,3802,3729
3221,0.86634,0.86443,0.05027,0.05296,266.16,431,975,1847,1926,1925,1928,1179,1861,1885,1890,2020,2020,2020,2018,2018,2017,2018,2138,2130,2134,2137,2979,2964,2976,3429,3418,3613,3734,3802,3729
3222,0.86636,0.86434,0.05027,0.05298,266.25,431,976,1848,1926,1925,1928,1179,1861,1885,1890,2020,2020,2020,2018,2017,2017,2018,2138,2130,2134,2137,2979,2964,2976,3429,3418,3613,3734,3802,3729
3223,0.8664,0.86449,0.05026,0.05295,266.34,431,976,1848,1926,1925,1928,1179,1861,1885,1890,2020,2020,2020,2018,2018,2018,2018,2139,2130,2134,2137,2979,2964,2976,3429,3418,3613,3734,3802,3729
3224,0.86646,0.86446,0.05025,0.05295,266.42,431,977,1848,1926,1926,1928,1179,1861,1885,1890,2020,2020,2020,2018,2018,2017,2018,2139,2130,2134,2137,2979,2964,2976,3429,3418,3613,3734,3802,3729
3225,0.86651,0.86459,0.05024,0.05293,266.51,431,977,1848,1926,1926,1928,1179,1861,1885,1890,2020,2020,2020,2018,2018,2018,2018,2139,2130,2134,2137,2979,2964,2976,3429,3418,3613,3734,3802,3729
3226,0.86654,0.8646,0.05024,0.05293,266.6,431,978,1849,1926,1926,1928,1179,1861,1885,1890,2020,2020,2020,2018,2018,2018,2018,2139,2130,2134,2136,2979,2964,2976,3429,3418,3613,3734,3802,3729
3227,0.86656,0.86464,0.05023,0.05292,266.7,431,978,1849,1926,1926,1928,1179,1861,1885,1890,2020,2020,2020,2018,2018,2018,2018,2139,2130,2134,2137,2979,2964,2976,3429,3418,3613,3734,3802,3729
3228,0.86656,0.86465,0.05023,0.05292,266.79,431,979,1849,1926,1926,1928,1179,1861,1885,1890,2020,2020,2020,2018,2018,2018,2018,2138,2130,2134,2137,2979,2964,2976,3429,3418,3613,3734,3802,3729
3229,0.86655,0.86462,0.05023,0.05292,266.88,431,979,1850,1926,1927,1928,1179,1861,1885,1890,2020,2020,2020,2018,2018,2018,2018,2138,2130,2134,2137,2979,2964,2976,3429,3418,3613,3734,3802,3729
3230,0.86654,0.86467,0.05024,0.05291,266.96,431,980,1850,1926,1927,1928,1179,1861,1885,1890,2020,2020,2020,2018,2018,2018,2018,2138,2130,2134,2137,2979,2964,2976,3429,3417,3613,3734,3802,3729
3231,0.86652,0.86461,0.05024,0.05292,267.05,431,980,1850,1926,1927,1928,1179,1861,1885,1890,2020,2020,2020,2018,2018,2017,2018,2138,2130,2134,2137,2979,2964,2976,3429,3417,3613,3734,3802,3729
3232,0.8665,0.86466,0.05024,0.05291,267.13,431,981,1850,1926,1927,1928,1179,1861,1885,1890,2020,2020,2020,2018,2018,2018,2018,2138,2130,2134,2137,2979,2964,2976,3429,3417,3613,3734,3802,3729
3233,0.86647,0.86456,0.05025,0.05293,267.21,431,981,1851,1926,1927,1928,1179,1861,1886,1890,2020,2020,2020,2018,2018,2017,2018,2138,2130,2134,2137,2979,2964,2976,3429,3417,3613,3734,3802,3729
3234,0.86646,0.86465,0.05025,0.05292,267.29,431,982,1851,1926,1927,1928,1179,1861,1885,1890,2020,2020,2020,2018,2018,2018,2018,2138,2130,2134,2137,2979,2964,2976,3429,3417,3613,3734,3802,3729
3235,0.86646,0.86456,0.05025,0.05293,267.38,431,982,1851,1926,1928,1928,1179,1861,1886,1890,2020,2020,2020,2018,2018,2017,2018,2138,2130,2134,2137,2979,2964,2976,3429,3417,3613,3734,3802,3729
3236,0.86647,0.86468,0.05025,0.05291,267.45,431,983,1852,1926,1928,1928,1179,1861,1886,1890,2020,2020,2020,2018,2018,2018,2018,2139,2130,2134,2137,2979,2964,2976,3429,3417,3613,3734,3802,3729
3237,0.86649,0.86459,0.05025,0.05293,267.53,431,983,1852,1926,1928,1928,1179,1861,1886,1890,2020,2020,2020,2018,2017,2017,2018,2139,2130,2134,2137,2979,2964,2976,3429,3418,3613,3734,3802,3729
3238,0.86652,0.86471,0.05024,0.0529,267.63,431,984,1852,1926,1928,1928,1179,1861,1886,1890,2020,2020,2020,2018,2018,2017,2018,2139,2130,2134,2137,2979,2964,2976,3429,3418,3613,3734,3802,3729
3239,0.86656,0.86467,0.05023,0.05291,267.71,431,984,1852,1926,1928,1928,1179,1861,1886,1890,2020,2020,2020,2018,2017,2017,2018,2139,2130,2134,2137,2979,2964,2976,3429,3418,3613,3734,3802,3729
3240,0.8666,0.86477,0.05023,0.05289,267.79,431,985,1853,1926,1928,1928,1179,1861,1886,1890,2020,2020,2020,2018,2018,2017,2018,2139,2130,2134,2137,2979,2964,2976,3429,3418,3613,3734,3802,3729
3241,0.86663,0.86475,0.05022,0.0529,267.88,431,986,1853,1926,1928,1928,1179,1861,1886,1890,2020,2020,2020,2018,2017,2017,2018,2138,2130,2134,2137,2979,2964,2976,3429,3418,3613,3734,3802,3729
3242,0.86665,0.86477,0.05022,0.05289,267.99,431,986,1853,1926,1929,1928,1179,1861,1886,1890,2020,2020,2020,2018,2017,2017,2018,2138,2130,2134,2137,2979,2964,2976,3429,3418,3613,3734,3802,3729
3243,0.86665,0.86475,0.05022,0.0529,268.08,431,987,1854,1926,1929,1928,1179,1861,1886,1890,2020,2020,2020,2018,2018,2017,2018,2138,2130,2134,2137,2979,2964,2976,3429,3418,3613,3734,3802,3729
3244,0.86665,0.86473,0.05022,0.0529,268.18,431,987,1854,1926,1929,1928,1179,1861,1886,1890,2020,2020,2020,2018,2018,2017,2018,2138,2130,2134,2137,2979,2964,2976,3429,3418,3613,3734,3802,3729
3245,0.86664,0.86478,0.05022,0.05289,268.27,431,988,1854,1926,1929,1928,1179,1861,1886,1890,2020,2020,2020,2018,2018,2018,2018,2138,2130,2134,2137,2979,2964,2976,3429,3418,3613,3734,3802,3729
3246,0.86663,0.86474,0.05022,0.0529,268.35,431,988,1854,1926,1929,1928,1179,1861,1886,1890,2020,2020,2020,2018,2018,2017,2018,2138,2130,2134,2137,2979,2964,2976,3429,3418,3613,3733,3802,3729
3247,0.86661,0.8648,0.05022,0.05289,268.44,431,989,1855,1926,1929,1928,1179,1861,1886,1890,2020,2020,2020,2018,2018,2018,2018,2138,2130,2134,2137,2979,2964,2976,3429,3418,3613,3733,3802,3729
3248,0.86659,0.86469,0.05023,0.05291,268.53,431,989,1855,1926,1929,1928,1179,1861,1886,1890,2020,2020,2020,2018,2018,2017,2018,2138,2130,2134,2137,2979,2964,2976,3429,3418,3613,3733,3802,3729
3249,0.86657,0.86475,0.05023,0.0529,268.62,431,990,1855,1926,1929,1928,1179,1861,1886,1890,2020,2020,2020,2018,2018,2018,2018,2138,2130,2134,2137,2979,2964,2976,3429,3418,3613,3733,3802,3729
3250,0.86655,0.86465,0.05024,0.05292,268.71,431,990,1856,1926,1929,1928,1179,1861,1886,1890,2020,2020,2020,2018,2018,2017,2018,2139,2130,2134,2137,2979,2964,2976,3429,3418,3613,3733,3802,3729
3251,0.86652,0.86475,0.05024,0.0529,268.8,431,991,1856,1926,1929,1928,1179,1861,1886,1890,2020,2020,2020,2018,2018,2018,2018,2139,2130,2134,2137,2979,2964,2976,3429,3418,3613,3733,3802,3729
3252,0.8665,0.8646,0.05024,0.05293,268.88,431,991,1856,1926,1929,1928,1179,1861,1886,1890,2020,2020,2020,2018,2018,2017,2018,2139,2130,2134,2137,2979,2964,2976,3429,3418,3613,3733,3802,3729
3253,0.86648,0.86469,0.05025,0.05291,268.98,431,992,1857,1926,1929,1928,1179,1861,1886,1890,2020,2020,2020,2018,2018,2018,2018,2139,2130,2134,2137,2979,2964,2976,3429,3417,3613,3733,3802,3729
3254,0.86646,0.86455,0.05025,0.05294,269.06,431,992,1857,1926,1929,1928,1179,1861,1887,1890,2020,2020,2020,2018,2017,2017,2018,2139,2130,2134,2137,2979,2964,2976,3429,3418,3613,3733,3802,3729
3255,0.86646,0.8647,0.05025,0.05291,269.14,432,993,1857,1926,1929,1928,1179,1861,1887,1890,2020,2020,2020,2018,2018,2018,2018,2139,2130,2134,2137,2979,2964,2976,3429,3417,3613,3733,3802,3729
3256,0.86647,0.86459,0.05025,0.05293,269.22,432,994,1857,1926,1930,1928,1179,1861,1887,1890,2020,2020,2020,2018,2017,2017,2018,2138,2130,2134,2137,2979,2964,2976,3429,3418,3613,3733,3802,3729
3257,0.8665,0.86477,0.05024,0.05289,269.32,432,994,1858,1926,1930,1928,1179,1861,1887,1890,2020,2020,2020,2018,2018,2017,2018,2139,2130,2134,2137,2979,2964,2976,3429,3418,3613,3733,3802,3729
3258,0.86654,0.86466,0.05024,0.05291,269.42,432,995,1858,1926,1930,1928,1179,1861,1887,1890,2020,2020,2020,2018,2017,2017,2017,2138,2130,2134,2137,2979,2964,2976,3429,3418,3613,3733,3802,3729
3259,0.8666,0.86483,0.05023,0.05288,269.52,432,995,1858,1926,1930,1928,1179,1861,1887,1890,2020,2020,2020,2018,2017,2017,2018,2139,2130,2134,2137,2979,2964,2976,3429,3418,3613,3733,3802,3729
3260,0.86665,0.86478,0.05022,0.05289,269.61,432,996,1859,1926,1930,1928,1179,1861,1887,1890,2020,2020,2020,2018,2017,2017,2017,2139,2130,2134,2137,2979,2964,2976,3429,3418,3613,3733,3802,3729
3261,0.8667,0.86493,0.05021,0.05286,269.69,432,996,1859,1926,1930,1928,1179,1861,1887,1890,2020,2020,2020,2018,2017,2017,2018,2139,2130,2134,2137,2979,2964,2976,3429,3418,3613,3733,3802,3729
3262,0.86673,0.86492,0.0502,0.05286,269.78,432,997,1859,1926,1930,1928,1179,1861,1887,1890,2020,2020,2020,2018,2017,2017,2017,2139,2130,2134,2137,2979,2964,2976,3429,3418,3613,3733,3802,3729
3263,0.86676,0.86499,0.05019,0.05285,269.88,432,997,1859,1926,1930,1928,1179,1861,1887,1890,2020,2020,2020,2018,2017,2017,2018,2138,2130,2134,2137,2979,2964,2976,3429,3418,3613,3733,3802,3729
3264,0.86678,0.86499,0.05019,0.05285,269.97,432,998,1860,1926,1930,1928,1179,1861,1887,1890,2020,2020,2020,2018,2017,2017,2018,2138,2130,2134,2137,2979,2964,2976,3429,3418,3613,3733,3802,3729
3265,0.86678,0.86498,0.05019,0.05285,270.05,432,998,1860,1926,1930,1928,1179,1861,1887,1890,2020,2020,2020,2018,2017,2017,2018,2138,2130,2134,2137,2979,2964,2976,3429,3418,3613,3733,3802,3729
3266,0.86678,0.86499,0.05019,0.05285,270.14,432,999,1860,1926,1930,1928,1179,1861,1887,1890,2020,2020,2020,2018,2017,2017,2018,2138,2130,2134,2137,2979,2964,2976,3429,3418,3613,3733,3802,3729
3267,0.86676,0.86494,0.05019,0.05286,270.22,432,999,1860,1926,1930,1928,1179,1861,1887,1890,2020,2020,2020,2018,2017,2017,2018,2138,2130,2134,2137,2979,2964,2976,3429,3418,3613,3733,3802,3729
3268,0.86675,0.86498,0.0502,0.05285,270.31,432,1000,1861,1926,1930,1928,1179,1861,1887,1890,2020,2020,2020,2018,2018,2018,2018,2138,2130,2134,2137,2979,2964,2976,3429,3418,3613,3733,3802,3729
3269,0.86673,0.86489,0.0502,0.05287,270.41,432,1001,1861,1926,1930,1928,1179,1861,1887,1890,2020,2020,2020,2018,2018,2017,2018,2138,2130,2134,2137,2979,2964,2976,3429,3418,3613,3733,3802,3729
3270,0.86672,0.86495,0.0502,0.05286,270.5,432,1001,1861,1926,1930,1928,1179,1861,1887,1890,2020,2020,2020,2018,2018,2018,2018,2138,2130,2134,2137,2979,2964,2976,3429,3418,3613,3733,3802,3729
3271,0.86668,0.86483,0.05021,0.05288,270.59,432,1002,1862,1926,1930,1928,1179,1861,1887,1890,2020,2020,2020,2018,2018,2018,2018,2138,2130,2134,2137,2979,2964,2976,3429,3418,3613,3733,3802,3729
3272,0.86665,0.86494,0.05022,0.05286,270.68,432,1002,1862,1926,1930,1928,1179,1861,1887,1890,2020,2020,2020,2018,2018,2018,2018,2139,2130,2134,2137,2979,2964,2976,3429,3418,3613,3733,3802,3729
3273,0.86661,0.86478,0.05022,0.05289,270.77,432,1003,1862,1926,1930,1928,1179,1861,1887,1890,2020,2020,2020,2018,2018,2018,2018,2139,2130,2134,2137,2978,2964,2976,3429,3418,3613,3733,3802,3729
3274,0.86658,0.8649,0.05023,0.05287,270.85,432,1003,1863,1926,1930,1928,1179,1861,1887,1890,2020,2020,2020,2018,2018,2018,2018,2139,2130,2134,2137,2979,2964,2976,3429,3418,3613,3733,3802,3729
3275,0.86655,0.86472,0.05023,0.0529,270.93,432,1004,1863,1926,1930,1928,1179,1861,1887,1890,2020,2020,2020,2018,2018,2017,2018,2139,2130,2134,2137,2978,2964,2976,3429,3418,3613,3733,3802,3729
3276,0.86654,0.86488,0.05024,0.05287,271.02,432,1004,1863,1926,1931,1928,1179,1861,1887,1890,2020,2020,2020,2018,2018,2018,2018,2139,2130,2134,2137,2979,2964,2976,3429,3418,3613,3733,3802,3729
3277,0.86654,0.86473,0.05024,0.0529,271.11,432,1005,1863,1926,1931,1928,1179,1861,1887,1890,2020,2020,2020,2018,2017,2017,2018,2138,2130,2134,2137,2978,2964,2976,3429,3418,3613,3733,3802,3729
3278,0.86656,0.86493,0.05023,0.05286,271.21,432,1005,1864,1926,1931,1928,1179,1861,1887,1890,2020,2020,2020,2018,2018,2017,2018,2139,2130,2134,2137,2979,2964,2976,3429,3418,3613,3733,3802,3729
3279,0.86659,0.8648,0.05023,0.05289,271.29,432,1006,1864,1926,1931,1928,1179,1861,1887,1890,2020,2020,2020,2018,2017,2017,2017,2138,2130,2134,2137,2978,2964,2976,3429,3418,3613,3733,3802,3729
3280,0.86664,0.865,0.05022,0.05285,271.37,432,1007,1864,1926,1931,1928,1179,1861,1887,1890,2020,2020,2020,2018,2017,2017,2018,2139,2130,2134,2137,2978,2964,2976,3429,3418,3613,3733,3802,3729
3281,0.86669,0.86491,0.05021,0.05286,271.46,432,1007,1865,1926,1931,1928,1179,1861,1887,1890,2020,2020,2020,2018,2017,2017,2017,2139,2130,2134,2137,2978,2964,2976,3429,3418,3613,3733,3802,3729
3282,0.86675,0.86508,0.0502,0.05283,271.53,432,1008,1865,1926,1931,1928,1179,1861,1887,1890,2020,2020,2020,2018,2017,2017,2017,2139,2130,2134,2137,2978,2964,2976,3429,3418,3613,3733,3802,3729
3283,0.86679,0.86501,0.05019,0.05285,271.62,432,1008,1865,1926,1931,1928,1179,1861,1887,1890,2020,2020,2020,2018,2017,2017,2017,2139,2130,2134,2137,2978,2964,2976,3429,3418,3613,3733,3802,3729
3284,0.86683,0.86512,0.05018,0.05282,271.72,432,1009,1866,1926,1931,1928,1179,1861,1887,1890,2020,2020,2020,2018,2017,2017,2017,2138,2130,2134,2137,2978,2964,2976,3429,3418,3613,3733,3802,3729
3285,0.86687,0.86509,0.05017,0.05283,271.81,432,1009,1866,1926,1931,1928,1179,1861,1887,1890,2020,2020,2020,2018,2017,2017,2017,2138,2130,2134,2137,2978,2964,2976,3429,3418,3613,3733,3802,3729
3286,0.86689,0.86516,0.05017,0.05282,271.9,432,1010,1866,1926,1931,1928,1179,1861,1887,1890,2020,2020,2020,2018,2017,2017,2018,2138,2130,2134,2137,2978,2964,2976,3429,3418,3613,3733,3802,3729
3287,0.86691,0.86516,0.05017,0.05282,271.99,432,1010,1866,1926,1931,1928,1179,1861,1887,1890,2020,2020,2020,2018,2017,2017,2018,2138,2130,2134,2137,2978,2964,2976,3429,3418,3613,3733,3802,3729
3288,0.86692,0.86519,0.05016,0.05281,272.08,432,1011,1867,1926,1931,1928,1179,1861,1887,1890,2020,2020,2020,2018,2017,2017,2018,2138,2130,2134,2137,2978,2964,2976,3429,3418,3613,3733,3802,3729
3289,0.86693,0.86519,0.05016,0.05281,272.16,432,1011,1867,1926,1931,1928,1179,1861,1887,1890,2020,2020,2020,2018,2018,2017,2018,2138,2130,2134,2137,2978,2964,2976,3429,3418,3613,3733,3802,3729
3290,0.86693,0.86516,0.05016,0.05282,272.27,432,1012,1867,1926,1931,1928,1179,1861,1887,1890,2020,2020,2020,2018,2018,2018,2018,2138,2130,2134,2137,2978,2964,2976,3429,3418,3613,3733,3802,3729
3291,0.86692,0.86518,0.05016,0.05281,272.36,432,1013,1868,1926,1931,1928,1179,1861,1887,1890,2020,2020,2020,2018,2018,2018,2018,2138,2130,2134,2137,2978,2964,2976,3429,3418,3613,3733,3802,3729
3292,0.86692,0.86514,0.05017,0.05282,272.44,432,1013,1868,1926,1931,1928,1179,1861,1887,1890,2020,2020,2020,2018,2018,2018,2018,2138,2130,2134,2137,2978,2964,2976,3429,3418,3613,3733,3802,3729
3293,0.86691,0.86519,0.05017,0.05281,272.54,432,1014,1868,1926,1931,1928,1179,1861,1887,1890,2020,2020,2020,2018,2018,2018,2018,2138,2130,2134,2137,2978,2964,2976,3429,3418,3613,3733,3802,3729
3294,0.8669,0.86511,0.05017,0.05283,272.62,432,1014,1868,1926,1931,1928,1179,1861,1887,1890,2020,2020,2020,2018,2018,2018,2018,2138,2130,2134,2137,2978,2964,2976,3429,3418,3613,3733,3802,3729
3295,0.86689,0.86517,0.05017,0.05281,272.69,432,1015,1869,1926,1931,1928,1179,1861,1887,1890,2020,2020,2020,2018,2018,2018,2018,2138,2130,2134,2137,2978,2964,2976,3429,3418,3613,3733,3802,3729
3296,0.86687,0.86509,0.05018,0.05283,272.77,432,1015,1869,1926,1931,1928,1179,1862,1887,1890,2020,2020,2020,2018,2018,2018,2018,2138,2130,2134,2137,2978,2964,2976,3429,3418,3613,3733,3802,3729
3297,0.86684,0.86518,0.05018,0.05281,272.85,432,1016,1869,1926,1931,1928,1179,1861,1887,1890,2020,2020,2020,2018,2018,2018,2018,2139,2130,2134,2137,2978,2964,2976,3429,3418,3613,3733,3802,3729
3298,0.8668,0.86502,0.05019,0.05284,272.93,432,1016,1870,1926,1931,1928,1179,1862,1887,1890,2020,2020,2020,2018,2018,2018,2018,2139,2130,2134,2137,2978,2964,2976,3429,3418,3613,3733,3801,3729
3299,0.86675,0.8651,0.0502,0.05283,273.03,432,1017,1870,1926,1931,1928,1179,1861,1887,1890,2020,2020,2020,2018,2018,2018,2018,2139,2130,2134,2137,2978,2964,2976,3429,3418,3613,3733,3802,3729
3300,0.86668,0.86488,0.05021,0.05287,273.1,432,1018,1870,1926,1930,1928,1179,1862,1887,1890,2020,2020,2020,2018,2018,2017,2018,2139,2130,2134,2137,2978,2964,2976,3429,3418,3613,3733,3801,3729
3301,0.86662,0.865,0.05022,0.05285,273.2,432,1018,1871,1926,1930,1928,1179,1861,1887,1890,2020,2020,2020,2018,2018,2018,2018,2139,2130,2134,2137,2978,2964,2976,3429,3418,3613,3733,3802,3729
3302,0.86653,0.86474,0.05024,0.0529,273.28,432,1019,1871,1926,1930,1928,1179,1862,1887,1890,2020,2020,2020,2018,2017,2017,2017,2138,2130,2134,2137,2978,2964,2976,3429,3418,3613,3733,3801,3729
3303,0.86648,0.8649,0.05025,0.05287,273.37,432,1019,1871,1926,1930,1928,1179,1861,1887,1890,2020,2020,2020,2018,2018,2017,2018,2139,2130,2134,2137,2978,2964,2976,3429,3418,3613,3733,3802,3729
3304,0.86643,0.86465,0.05026,0.05292,273.45,432,1020,1872,1926,1930,1928,1179,1861,1887,1890,2020,2020,2020,2018,2017,2017,2017,2139,2130,2134,2137,2978,2964,2976,3429,3418,3613,3733,3801,3729
3305,0.86645,0.86489,0.05025,0.05287,273.53,432,1020,1872,1926,1930,1928,1179,1861,1887,1890,2020,2020,2020,2018,2017,2017,2018,2139,2130,2134,2137,2978,2964,2976,3429,3418,3613,3733,3801,3729
3306,0.86651,0.86474,0.05024,0.0529,273.61,432,1021,1872,1926,1930,1928,1179,1861,1887,1890,2020,2020,2020,2017,2017,2017,2017,2139,2130,2134,2137,2978,2964,2976,3429,3418,3613,3733,3801,3729
3307,0.86663,0.86506,0.05022,0.05284,273.7,432,1021,1873,1926,1930,1928,1179,1861,1887,1890,2020,2020,2020,2018,2017,2017,2017,2139,2130,2134,2137,2978,2964,2976,3429,3418,3613,3733,3801,3729
3308,0.86676,0.86501,0.05019,0.05285,273.78,432,1022,1873,1926,1930,1928,1179,1861,1887,1890,2020,2020,2020,2017,2017,2017,2017,2139,2130,2134,2137,2978,2964,2976,3429,3418,3613,3733,3801,3729
3309,0.8669,0.86525,0.05017,0.0528,273.87,432,1023,1873,1926,1930,1928,1179,1861,1887,1890,2020,2020,2020,2018,2017,2017,2017,2139,2130,2134,2137,2978,2964,2976,3429,3418,3613,3733,3801,3729
3310,0.86699,0.86526,0.05015,0.0528,273.95,432,1023,1873,1926,1930,1928,1179,1861,1887,1890,2020,2020,2020,2017,2017,2017,2017,2138,2130,2134,2137,2978,2964,2976,3429,3418,3613,3733,3801,3729
3311,0.86705,0.86536,0.05014,0.05278,274.05,432,1024,1874,1926,1930,1928,1179,1861,1887,1890,2020,2020,2020,2017,2017,2017,2017,2138,2130,2134,2137,2978,2964,2976,3429,3418,3613,3733,3801,3729
3312,0.86706,0.86538,0.05014,0.05277,274.15,432,1024,1874,1926,1930,1928,1179,1861,1887,1890,2020,2020,2020,2018,2017,2017,2017,2138,2130,2134,2137,2978,2964,2976,3429,3418,3613,3733,3801,3729
3313,0.86703,0.86532,0.05014,0.05278,274.25,432,1025,1874,1926,1930,1928,1179,1861,1887,1890,2020,2020,2020,2018,2017,2017,2017,2138,2130,2134,2137,2978,2964,2976,3429,3418,3613,3733,3801,3729
3314,0.86698,0.86534,0.05015,0.05278,274.33,432,1025,1875,1926,1930,1928,1179,1861,1887,1890,2020,2020,2020,2018,2017,2017,2018,2138,2130,2134,2137,2978,2964,2976,3429,3418,3613,3733,3801,3729
3315,0.86691,0.86517,0.05017,0.05281,274.42,432,1026,1875,1926,1930,1928,1179,1861,1887,1890,2020,2020,2020,2018,2017,2017,2018,2138,2130,2133,2137,2978,2964,2976,3429,3418,3613,3733,3801,3729
3316,0.86683,0.86522,0.05018,0.0528,274.5,432,1026,1875,1926,1930,1928,1179,1861,1887,1890,2020,2020,2020,2018,2018,2018,2018,2138,2130,2134,2137,2978,2964,2976,3429,3418,3613,3733,3801,3729
3317,0.86674,0.86498,0.0502,0.05285,274.59,432,1027,1876,1926,1930,1928,1179,1861,1887,1890,2020,2020,2020,2018,2018,2017,2018,2138,2130,2133,2137,2978,2964,2976,3429,3418,3613,3733,3801,3729
3318,0.86666,0.86508,0.05021,0.05283,274.67,432,1028,1876,1926,1930,1928,1179,1861,1887,1890,2020,2020,2020,2018,2018,2018,2018,2139,2130,2134,2137,2978,2964,2976,3429,3418,3613,3733,3801,3729
3319,0.8666,0.86482,0.05023,0.05288,274.75,432,1028,1876,1926,1930,1928,1179,1861,1887,1890,2020,2020,2020,2018,2018,2017,2018,2139,2130,2133,2137,2978,2964,2976,3429,3418,3613,3733,3801,3729
3320,0.8666,0.86501,0.05023,0.05285,274.84,432,1029,1877,1926,1930,1928,1179,1861,1887,1890,2020,2020,2020,2018,2018,2018,2018,2139,2130,2134,2137,2978,2964,2976,3429,3418,3613,3733,3801,3729
3321,0.86665,0.86485,0.05022,0.05288,274.93,432,1029,1877,1926,1930,1928,1179,1861,1887,1890,2020,2020,2020,2018,2018,2017,2018,2139,2129,2134,2137,2978,2964,2976,3429,3418,3613,3733,3801,3729
3322,0.86676,0.86514,0.05019,0.05282,275.01,432,1030,1877,1926,1930,1928,1179,1861,1887,1890,2020,2020,2020,2018,2018,2018,2018,2139,2129,2134,2137,2978,2964,2976,3429,3418,3613,3733,3801,3729
3323,0.86688,0.8651,0.05017,0.05283,275.11,432,1030,1877,1926,1930,1928,1179,1861,1887,1890,2020,2020,2020,2018,2017,2017,2018,2138,2129,2134,2137,2978,2964,2976,3429,3418,3613,3733,3801,3729
3324,0.867,0.86533,0.05015,0.05278,275.2,432,1031,1878,1926,1930,1928,1179,1861,1887,1890,2020,2020,2020,2018,2018,2017,2018,2138,2130,2134,2137,2978,2964,2976,3429,3418,3613,3733,3801,3729
3325,0.86708,0.86534,0.05013,0.05278,275.28,432,1031,1878,1926,1930,1928,1179,1861,1887,1890,2020,2020,2020,2018,2017,2017,2018,2138,2130,2134,2137,2978,2964,2976,3429,3418,3613,3733,3801,3729
3326,0.86712,0.86542,0.05013,0.05277,275.37,432,1032,1879,1926,1930,1928,1179,1861,1887,1890,2020,2020,2020,2018,2017,2017,2018,2138,2130,2134,2137,2978,2964,2976,3429,3418,3613,3733,3801,3729
3327,0.86712,0.86544,0.05013,0.05276,275.45,432,1033,1879,1926,1930,1928,1179,1861,1887,1890,2020,2020,2020,2018,2017,2017,2018,2138,2130,2134,2137,2978,2964,2976,3429,3418,3613,3733,3801,3729
3328,0.86708,0.86537,0.05013,0.05278,275.54,432,1033,1879,1926,1930,1928,1179,1861,1887,1890,2020,2020,2020,2018,2017,2017,2017,2138,2130,2134,2136,2978,2964,2976,3429,3418,3613,3733,3801,3729
3329,0.86703,0.86541,0.05014,0.05277,275.62,432,1034,1879,1926,1930,1928,1179,1861,1887,1890,2020,2020,2020,2018,2017,2017,2018,2138,2130,2134,2137,2978,2964,2976,3429,3418,3613,3733,3801,3729
3330,0.86697,0.86526,0.05016,0.0528,275.71,432,1034,1880,1926,1930,1928,1179,1861,1887,1890,2020,2020,2020,2018,2017,2017,2017,2138,2130,2133,2137,2978,2964,2976,3429,3418,3613,3733,3801,3729
3331,0.86691,0.86532,0.05017,0.05278,275.79,432,1035,1880,1926,1930,1928,1179,1861,1887,1890,2020,2020,2020,2018,2018,2017,2018,2138,2130,2134,2137,2978,2964,2976,3429,3418,3613,3733,3801,3729
3332,0.86685,0.86511,0.05018,0.05283,275.87,432,1035,1880,1926,1930,1928,1179,1862,1887,1890,2020,2020,2020,2018,2017,2017,2018,2138,2130,2133,2137,2978,2964,2976,3429,3418,3613,3733,3801,3729
3333,0.86682,0.86522,0.05018,0.0528,275.96,432,1036,1881,1926,1930,1928,1179,1861,1887,1890,2020,2020,2020,2018,2018,2018,2018,2139,2130,2134,2137,2978,2964,2976,3429,3418,3613,3733,3801,3729
3334,0.86681,0.86503,0.05019,0.05284,276.05,432,1037,1881,1926,1930,1928,1179,1862,1887,1890,2020,2020,2020,2018,2017,2017,2018,2139,2130,2133,2136,2978,2964,2976,3429,3418,3613,3733,3801,3729
3335,0.86685,0.86523,0.05018,0.0528,276.13,432,1037,1882,1926,1930,1928,1179,1861,1887,1890,2020,2020,2020,2018,2018,2018,2018,2139,2130,2134,2137,2978,2964,2976,3429,3418,3613,3733,3801,3729
3336,0.86691,0.86513,0.05017,0.05282,276.22,432,1038,1882,1926,1930,1928,1179,1861,1887,1890,2020,2020,2020,2018,2017,2017,2018,2139,2129,2134,2137,2978,2964,2976,3429,3418,3613,3733,3801,3729
3337,0.86701,0.86535,0.05015,0.05278,276.32,432,1038,1882,1926,1930,1928,1179,1861,1887,1890,2020,2020,2020,2018,2018,2018,2018,2139,2129,2134,2137,2978,2964,2976,3429,3418,3613,3733,3801,3729
3338,0.8671,0.86534,0.05013,0.05278,276.4,432,1039,1883,1926,1930,1928,1179,1861,1887,1890,2020,2020,2020,2018,2017,2017,2018,2138,2129,2134,2137,2978,2964,2976,3429,3418,3613,3733,3801,3729
3339,0.86716,0.86546,0.05012,0.05276,276.49,432,1039,1883,1926,1930,1928,1179,1861,1887,1890,2020,2020,2020,2018,2018,2017,2018,2138,2130,2134,2137,2978,2964,2976,3429,3418,3613,3733,3801,3729
3340,0.86719,0.86548,0.05011,0.05275,276.57,432,1040,1883,1926,1930,1928,1179,1861,1887,1890,2020,2020,2020,2018,2018,2017,2018,2138,2130,2134,2137,2978,2964,2976,3429,3418,3613,3733,3801,3729
3341,0.86717,0.86546,0.05012,0.05276,276.67,432,1040,1884,1926,1930,1928,1179,1861,1887,1890,2020,2020,2020,2018,2017,2017,2018,2138,2130,2134,2137,2978,2964,2976,3429,3418,3613,3733,3801,3729
3342,0.86714,0.86549,0.05012,0.05275,276.74,432,1041,1884,1926,1930,1928,1179,1861,1887,1890,2020,2020,2020,2018,2018,2017,2018,2138,2130,2134,2136,2978,2964,2976,3429,3418,3613,3733,3801,3729
3343,0.86709,0.86536,0.05013,0.05278,276.84,432,1042,1884,1926,1930,1928,1179,1861,1887,1890,2020,2020,2020,2018,2017,2017,2018,2138,2130,2133,2136,2977,2964,2976,3429,3418,3613,3733,3801,3729
3344,0.86704,0.86541,0.05014,0.05277,276.93,432,1042,1885,1926,1930,1928,1179,1861,1887,1890,2020,2020,2020,2018,2018,2018,2018,2138,2130,2134,2136,2978,2964,2976,3429,3418,3613,3733,3801,3729
3345,0.86698,0.86523,0.05015,0.0528,277.01,432,1043,1885,1926,1930,1928,1179,1861,1887,1890,2020,2020,2020,2018,2018,2017,2018,2138,2130,2133,2137,2977,2964,2976,3429,3418,3613,3733,3801,3729
3346,0.86694,0.86533,0.05016,0.05278,277.1,432,1043,1885,1926,1930,1928,1179,1861,1887,1890,2020,2020,2020,2018,2018,2018,2018,2138,2130,2134,2137,2977,2964,2976,3429,3418,3613,3733,3801,3729
3347,0.86691,0.86516,0.05017,0.05282,277.19,432,1044,1886,1926,1930,1928,1179,1861,1887,1890,2020,2020,2020,2018,2018,2017,2018,2138,2130,2133,2137,2977,2964,2976,3429,3418,3613,3733,3801,3729
3348,0.86692,0.86531,0.05017,0.05279,277.27,432,1044,1886,1926,1930,1928,1179,1861,1887,1890,2020,2020,2020,2018,2018,2018,2018,2139,2130,2134,2137,2977,2964,2976,3429,3418,3613,3733,3801,3729
3349,0.86695,0.86518,0.05016,0.05281,277.36,432,1045,1887,1926,1930,1928,1179,1861,1887,1891,2020,2020,2020,2018,2018,2017,2018,2139,2130,2134,2137,2977,2964,2976,3429,3418,3613,3733,3801,3729
3350,0.86703,0.86538,0.05014,0.05277,277.46,432,1046,1887,1926,1930,1928,1179,1861,1887,1891,2020,2020,2020,2018,2018,2018,2018,2139,2130,2134,2137,2977,2964,2976,3429,3418,3613,3733,3801,3729
3351,0.86711,0.86535,0.05013,0.05278,277.54,432,1046,1887,1926,1930,1928,1179,1861,1887,1891,2020,2020,2020,2018,2017,2017,2018,2139,2129,2134,2136,2977,2964,2976,3429,3418,3613,3733,3801,3729
3352,0.86719,0.8655,0.05011,0.05275,277.63,432,1047,1888,1926,1930,1928,1179,1861,1887,1891,2020,2020,2020,2018,2018,2017,2018,2139,2129,2134,2137,2977,2964,2976,3429,3418,3613,3733,3801,3729
3353,0.86723,0.8655,0.05011,0.05275,277.72,432,1047,1888,1926,1930,1928,1179,1861,1887,1891,2020,2020,2020,2018,2018,2017,2018,2138,2130,2134,2137,2977,2964,2976,3429,3418,3613,3733,3801,3729
3354,0.86724,0.86552,0.0501,0.05275,277.81,432,1048,1889,1926,1930,1928,1179,1861,1887,1891,2020,2020,2020,2018,2018,2017,2018,2138,2130,2134,2137,2977,2964,2976,3429,3418,3613,3733,3801,3729
3355,0.86723,0.86555,0.05011,0.05274,277.91,432,1048,1889,1926,1930,1928,1179,1861,1887,1891,2020,2020,2020,2018,2018,2017,2018,2138,2130,2134,2137,2977,2964,2976,3429,3418,3613,3733,3801,3729
3356,0.8672,0.86547,0.05011,0.05275,278.0,432,1049,1889,1926,1930,1928,1179,1861,1887,1891,2020,2020,2020,2018,2017,2017,2018,2138,2130,2134,2137,2977,2964,2976,3429,3418,3613,3733,3801,3729
3357,0.86716,0.86553,0.05012,0.05274,278.08,432,1050,1890,1926,1930,1928,1179,1861,1887,1891,2020,2020,2020,2018,2018,2017,2018,2138,2130,2134,2137,2977,2964,2976,3429,3418,3613,3733,3801,3729
3358,0.86712,0.86539,0.05013,0.05277,278.16,432,1050,1890,1926,1930,1928,1179,1861,1887,1891,2020,2020,2020,2018,2017,2017,2018,2138,2130,2133,2137,2977,2964,2976,3429,3418,3613,3733,3801,3729
3359,0.86709,0.86546,0.05013,0.05276,278.24,432,1051,1891,1926,1930,1928,1179,1861,1887,1891,2020,2020,2020,2018,2018,2018,2018,2138,2130,2134,2137,2977,2964,2976,3429,3418,3613,3733,3801,3729
3360,0.86706,0.8653,0.05014,0.05279,278.34,432,1051,1891,1926,1930,1928,1179,1861,1887,1892,2020,2020,2020,2018,2017,2017,2018,2138,2130,2133,2137,2977,2964,2976,3429,3418,3613,3733,3801,3729
3361,0.86706,0.8654,0.05014,0.05277,278.43,432,1052,1891,1926,1930,1928,1179,1861,1887,1892,2020,2020,2020,2018,2018,2018,2018,2137,2130,2134,2137,2977,2964,2976,3429,3418,3613,3733,3801,3729
3362,0.86707,0.86527,0.05014,0.05279,278.53,432,1052,1892,1926,1930,1928,1179,1861,1887,1892,2020,2020,2020,2018,2018,2017,2018,2137,2130,2134,2137,2977,2964,2976,3429,3418,3613,3732,3800,3729
3363,0.86711,0.86541,0.05013,0.05277,278.62,432,1053,1892,1926,1930,1928,1179,1861,1887,1892,2020,2020,2020,2018,2018,2018,2018,2137,2130,2134,2137,2977,2964,2976,3429,3417,3613,3732,3800,3729
3364,0.86715,0.86534,0.05012,0.05278,278.7,432,1054,1893,1926,1930,1928,1179,1861,1887,1892,2020,2020,2020,2018,2018,2017,2018,2137,2130,2134,2137,2977,2964,2976,3429,3418,3613,3732,3800,3729
3365,0.86721,0.86548,0.05011,0.05275,278.78,432,1054,1893,1926,1930,1928,1179,1861,1887,1892,2020,2020,2020,2018,2018,2018,2018,2136,2130,2134,2137,2977,2964,2976,3429,3418,3613,3732,3800,3729
3366,0.86725,0.86547,0.0501,0.05275,278.85,432,1055,1894,1926,1930,1928,1179,1861,1887,1892,2020,2020,2020,2018,2018,2018,2018,2136,2130,2134,2137,2977,2964,2976,3429,3418,3613,3732,3800,3729
3367,0.86728,0.86556,0.0501,0.05274,278.93,432,1055,1894,1926,1930,1928,1179,1861,1887,1892,2020,2020,2020,2018,2018,2018,2018,2136,2130,2134,2137,2977,2964,2976,3429,3418,3613,3732,3800,3729
3368,0.8673,0.86557,0.05009,0.05274,279.02,432,1056,1894,1926,1930,1928,1179,1861,1887,1893,2020,2020,2020,2018,2018,2018,2018,2136,2130,2134,2137,2977,2964,2976,3429,3418,3613,3732,3800,3729
3369,0.86729,0.86554,0.05009,0.05274,279.11,432,1056,1895,1926,1930,1928,1179,1861,1887,1893,2020,2020,2020,2018,2018,2018,2018,2137,2130,2134,2137,2977,2964,2976,3429,3418,3613,3732,3800,3729
3370,0.86728,0.86557,0.0501,0.05274,279.21,432,1057,1895,1926,1930,1928,1179,1861,1887,1893,2020,2020,2020,2018,2018,2018,2018,2137,2130,2134,2137,2977,2964,2976,3429,3418,3613,3732,3800,3729
3371,0.86726,0.86549,0.0501,0.05275,279.29,432,1057,1896,1926,1930,1928,1179,1861,1887,1893,2020,2020,2020,2018,2018,2018,2018,2137,2130,2133,2137,2977,2964,2976,3429,3418,3613,3732,3800,3729
3372,0.86724,0.86554,0.0501,0.05274,279.38,432,1058,1896,1926,1930,1928,1179,1861,1887,1893,2020,2020,2020,2018,2018,2018,2018,2137,2130,2134,2137,2977,2964,2976,3429,3418,3613,3732,3800,3729
3373,0.86722,0.86544,0.05011,0.05276,279.46,432,1059,1896,1926,1930,1928,1179,1862,1887,1893,2020,2020,2020,2018,2018,2018,2018,2137,2130,2133,2137,2977,2964,2976,3429,3418,3613,3732,3800,3729
3374,0.86721,0.86552,0.05011,0.05275,279.55,432,1059,1897,1926,1930,1928,1179,1861,1887,1893,2020,2020,2020,2018,2018,2018,2018,2137,2130,2134,2137,2977,2964,2976,3429,3418,3613,3732,3800,3729
3375,0.86719,0.86541,0.05011,0.05277,279.63,432,1060,1897,1926,1930,1928,1179,1862,1887,1893,2020,2020,2020,2018,2018,2018,2018,2137,2130,2133,2137,2977,2964,2976,3429,3418,3613,3732,3800,3729
3376,0.86719,0.8655,0.05011,0.05275,279.71,432,1060,1898,1926,1930,1928,1179,1861,1887,1893,2020,2020,2020,2018,2018,2018,2018,2137,2130,2134,2137,2977,2964,2976,3429,3418,3613,3732,3800,3729
3377,0.86719,0.86539,0.05011,0.05277,279.8,432,1061,1898,1926,1930,1928,1179,1862,1887,1893,2020,2020,2020,2018,2018,2018,2018,2136,2130,2134,2137,2977,2964,2976,3429,3418,3613,3732,3800,3729
3378,0.86721,0.8655,0.05011,0.05275,279.88,432,1062,1899,1926,1930,1928,1179,1861,1887,1893,2020,2020,2020,2018,2018,2018,2018,2136,2130,2134,2137,2977,2964,2976,3429,3418,3613,3732,3800,3729
3379,0.86724,0.86544,0.0501,0.05276,279.96,432,1062,1899,1926,1930,1928,1179,1862,1887,1893,2020,2020,2020,2018,2018,2018,2018,2136,2130,2134,2137,2976,2964,2976,3429,3418,3613,3732,3799,3729
3380,0.86728,0.86554,0.0501,0.05274,280.05,432,1063,1900,1926,1930,1928,1179,1861,1887,1894,2020,2020,2020,2018,2018,2018,2018,2137,2130,2134,2137,2976,2964,2976,3429,3418,3613,3732,3799,3729
3381,0.86731,0.86551,0.05009,0.05275,280.13,432,1063,1900,1926,1930,1928,1179,1862,1887,1894,2020,2020,2020,2018,2018,2018,2018,2137,2130,2134,2137,2976,2964,2976,3429,3418,3613,3732,3799,3729
3382,0.86733,0.86558,0.05009,0.05273,280.2,432,1064,1901,1926,1930,1928,1179,1861,1887,1894,2020,2020,2020,2018,2018,2018,2018,2137,2130,2134,2137,2976,2964,2976,3429,3418,3613,3732,3799,3729
3383,0.86735,0.86559,0.05008,0.05273,280.29,432,1064,1901,1926,1930,1928,1179,1862,1887,1894,2020,2020,2020,2018,2018,2018,2018,2137,2130,2134,2137,2976,2964,2976,3429,3418,3613,3732,3799,3729
3384,0.86736,0.86563,0.05008,0.05272,280.38,432,1065,1902,1926,1930,1928,1179,1862,1887,1894,2020,2020,2020,2018,2018,2018,2018,2137,2130,2134,2137,2976,2964,2976,3429,3418,3613,3732,3799,3729
3385,0.86736,0.86564,0.05008,0.05272,280.46,432,1066,1902,1926,1930,1928,1179,1862,1887,1894,2020,2020,2020,2018,2018,2018,2018,2137,2130,2134,2137,2976,2964,2976,3429,3418,3613,3732,3799,3729
3386,0.86736,0.86562,0.05008,0.05273,280.55,432,1066,1903,1926,1930,1928,1179,1862,1887,1894,2020,2020,2020,2018,2018,2018,2018,2137,2130,2134,2137,2976,2964,2976,3429,3418,3613,3732,3799,3729
3387,0.86735,0.86563,0.05008,0.05272,280.63,432,1067,1903,1926,1930,1928,1179,1862,1887,1894,2020,2020,2020,2018,2018,2018,2018,2137,2130,2134,2137,2976,2964,2976,3429,3418,3613,3732,3799,3729
3388,0.86734,0.86557,0.05008,0.05274,280.72,432,1067,1904,1926,1930,1928,1179,1862,1887,1894,2020,2020,2020,2018,2018,2018,2018,2137,2130,2133,2137,2976,2964,2976,3429,3418,3613,3732,3799,3729
3389,0.86734,0.86562,0.05009,0.05273,280.8,432,1068,1904,1926,1930,1928,1179,1862,1887,1894,2020,2020,2020,2018,2018,2018,2018,2137,2130,2134,2137,2976,2964,2976,3429,3418,3613,3732,3799,3729
3390,0.86732,0.86553,0.05009,0.05274,280.9,432,1068,1905,1926,1930,1928,1179,1862,1887,1894,2020,2020,2020,2018,2018,2018,2018,2137,2130,2134,2137,2976,2964,2976,3429,3418,3613,3732,3799,3729
3391,0.8673,0.86558,0.05009,0.05273,280.98,432,1069,1905,1926,1930,1928,1179,1862,1887,1895,2020,2020,2020,2018,2018,2018,2018,2137,2130,2134,2137,2976,2964,2976,3429,3418,3613,3732,3799,3729
3392,0.86728,0.86548,0.0501,0.05275,281.06,432,1070,1906,1926,1930,1928,1179,1862,1887,1895,2020,2020,2020,2018,2018,2018,2018,2137,2130,2134,2137,2976,2964,2976,3429,3418,3613,3732,3799,3729
3393,0.86726,0.86556,0.0501,0.05274,281.15,432,1070,1906,1926,1930,1928,1179,1862,1887,1895,2020,2020,2020,2018,2018,2018,2018,2137,2130,2134,2137,2976,2964,2976,3429,3418,3613,3732,3799,3729
3394,0.86724,0.86544,0.05011,0.05276,281.23,432,1071,1907,1926,1930,1928,1179,1862,1887,1895,2020,2020,2020,2018,2018,2017,2018,2137,2130,2134,2137,2976,2964,2976,3429,3418,3613,3732,3799,3729
3395,0.86721,0.86554,0.05011,0.05274,281.32,432,1071,1907,1926,1930,1928,1179,1862,1887,1895,2020,2020,2020,2018,2018,2018,2018,2137,2130,2134,2137,2976,2964,2976,3429,3418,3613,3732,3799,3729
3396,0.86718,0.86538,0.05012,0.05277,281.4,432,1072,1908,1926,1930,1928,1179,1862,1887,1895,2020,2020,2020,2018,2018,2017,2018,2137,2130,2134,2137,2976,2964,2976,3429,3418,3613,3732,3799,3729
3397,0.86714,0.86549,0.05012,0.05275,281.49,432,1072,1909,1926,1930,1928,1179,1861,1887,1895,2020,2020,2020,2018,2018,2018,2018,2137,2130,2134,2137,2976,2964,2976,3429,3418,3613,3732,3799,3729
3398,0.8671,0.86532,0.05013,0.05279,281.58,432,1073,1909,1926,1930,1928,1179,1862,1887,1895,2020,2020,2020,2018,2017,2017,2018,2137,2130,2134,2137,2976,2964,2976,3429,3418,3613,3732,3799,3729
3399,0.86707,0.86545,0.05014,0.05276,281.67,432,1074,1910,1926,1930,1928,1179,1861,1887,1895,2020,2020,2020,2018,2018,2018,2018,2137,2130,2134,2137,2976,2964,2976,3429,3418,3613,3732,3799,3729
3400,0.86704,0.86527,0.05014,0.05279,281.76,432,1074,1910,1926,1930,1928,1179,1862,1887,1896,2020,2020,2020,2018,2017,2017,2018,2137,2130,2134,2137,2976,2964,2976,3429,3418,3613,3732,3798,3729
3401,0.86704,0.86545,0.05014,0.05276,281.84,432,1075,1911,1926,1930,1928,1179,1861,1887,1896,2020,2020,2020,2018,2018,2017,2018,2137,2130,2134,2137,2976,2964,2976,3429,3418,3613,3732,3798,3729
3402,0.86706,0.86531,0.05014,0.05279,281.91,432,1075,1911,1926,1930,1928,1179,1861,1887,1896,2020,2020,2020,2018,2017,2017,2017,2137,2130,2134,2137,2976,2964,2976,3429,3418,3613,3732,3798,3729
3403,0.86711,0.86551,0.05013,0.05275,281.99,432,1076,1912,1926,1930,1928,1179,1861,1887,1896,2020,2020,2020,2018,2017,2017,2018,2137,2130,2134,2137,2976,2964,2976,3429,3418,3613,3732,3798,3729
3404,0.86718,0.86544,0.05012,0.05276,282.07,432,1076,1912,1926,1930,1928,1179,1861,1887,1896,2020,2020,2020,2018,2017,2017,2017,2137,2130,2134,2137,2976,2964,2976,3429,3418,3613,3732,3798,3729
3405,0.86726,0.86563,0.0501,0.05272,282.14,432,1077,1913,1926,1930,1928,1179,1861,1887,1896,2020,2020,2020,2018,2017,2017,2018,2137,2130,2134,2137,2976,2964,2976,3429,3418,3613,3732,3798,3729
3406,0.86733,0.8656,0.05009,0.05273,282.23,432,1077,1913,1926,1930,1928,1179,1861,1887,1896,2020,2020,2020,2018,2017,2017,2017,2137,2130,2134,2137,2976,2964,2976,3429,3418,3613,3732,3798,3729
3407,0.86739,0.86572,0.05008,0.05271,282.31,432,1078,1914,1926,1930,1928,1179,1861,1887,1896,2020,2020,2020,2018,2017,2017,2017,2137,2130,2134,2137,2976,2964,2976,3429,3418,3613,3732,3798,3729
3408,0.86743,0.8657,0.05007,0.05271,282.38,432,1079,1914,1926,1930,1928,1179,1861,1887,1896,2020,2020,2020,2018,2017,2017,2017,2137,2130,2134,2137,2976,2964,2976,3429,3418,3613,3732,3798,3729
3409,0.86746,0.86577,0.05006,0.0527,282.47,432,1079,1915,1926,1930,1928,1179,1861,1887,1896,2020,2020,2020,2018,2017,2017,2017,2137,2130,2134,2137,2976,2964,2976,3429,3418,3613,3732,3798,3729
3410,0.86747,0.86577,0.05006,0.0527,282.54,432,1080,1915,1926,1930,1928,1179,1861,1887,1896,2020,2020,2020,2018,2017,2017,2017,2137,2130,2134,2137,2976,2964,2976,3429,3418,3613,3732,3798,3729
3411,0.86748,0.86579,0.05006,0.05269,282.62,432,1080,1916,1926,1930,1928,1179,1861,1887,1896,2020,2020,2020,2018,2017,2017,2018,2137,2130,2134,2137,2976,2964,2976,3429,3418,3613,3732,3798,3729
3412,0.86748,0.86579,0.05006,0.05269,282.7,432,1081,1916,1926,1930,1928,1179,1861,1887,1896,2020,2020,2020,2018,2017,2017,2018,2137,2130,2134,2137,2976,2964,2976,3429,3418,3613,3732,3798,3729
3413,0.86747,0.86575,0.05006,0.0527,282.78,432,1081,1917,1926,1930,1928,1179,1861,1887,1896,2020,2020,2020,2018,2017,2017,2018,2137,2130,2134,2137,2976,2964,2976,3429,3418,3613,3732,3798,3729
3414,0.86747,0.86576,0.05006,0.0527,282.86,432,1082,1917,1926,1930,1928,1179,1861,1887,1896,2020,2020,2020,2018,2018,2017,2018,2137,2130,2134,2137,2976,2964,2976,3429,3418,3613,3732,3798,3729
3415,0.86745,0.8657,0.05006,0.05271,282.94,432,1083,1917,1926,1930,1928,1179,1861,1887,1896,2020,2020,2020,2018,2018,2017,2018,2137,2130,2134,2137,2976,2964,2976,3429,3418,3613,3732,3798,3729
3416,0.86743,0.86574,0.05007,0.0527,283.01,432,1083,1918,1926,1930,1928,1179,1861,1887,1896,2020,2020,2020,2018,2018,2018,2018,2137,2130,2134,2137,2976,2964,2976,3429,3418,3613,3732,3798,3729
3417,0.8674,0.86564,0.05007,0.05272,283.1,432,1084,1918,1926,1930,1928,1179,1861,1887,1896,2020,2020,2020,2018,2018,2018,2018,2137,2130,2134,2137,2976,2964,2976,3429,3418,3613,3732,3798,3729
3418,0.86737,0.86569,0.05008,0.05271,283.17,432,1084,1919,1926,1930,1928,1179,1861,1887,1896,2020,2020,2020,2018,2018,2018,2018,2137,2130,2134,2137,2976,2964,2976,3429,3418,3613,3732,3798,3729
3419,0.86733,0.86554,0.05009,0.05274,283.25,432,1085,1919,1926,1930,1928,1179,1861,1887,1896,2020,2020,2020,2018,2018,2018,2018,2137,2130,2134,2137,2976,2964,2976,3429,3418,3613,3732,3797,3729
3420,0.8673,0.86562,0.05009,0.05273,283.34,432,1085,1920,1926,1930,1928,1179,1861,1887,1896,2020,2020,2020,2018,2018,2018,2018,2137,2130,2134,2137,2976,2964,2976,3429,3418,3613,3732,3797,3729
3421,0.86725,0.86545,0.0501,0.05276,283.41,432,1086,1920,1926,1930,1928,1179,1862,1887,1896,2020,2020,2020,2018,2018,2018,2018,2137,2130,2134,2137,2976,2964,2976,3429,3418,3613,3732,3797,3729
3422,0.86721,0.86556,0.05011,0.05274,283.47,432,1087,1920,1926,1930,1928,1179,1861,1887,1896,2020,2020,2020,2018,2018,2018,2018,2137,2130,2134,2137,2976,2964,2976,3429,3418,3613,3732,3797,3729
3423,0.86716,0.86539,0.05012,0.05277,283.55,432,1087,1921,1926,1930,1928,1179,1862,1887,1896,2020,2020,2020,2018,2018,2017,2018,2137,2130,2134,2137,2976,2964,2976,3429,3418,3613,3732,3797,3729
3424,0.86713,0.86552,0.05013,0.05274,283.63,432,1088,1921,1926,1930,1928,1179,1861,1887,1896,2020,2020,2020,2018,2018,2018,2018,2137,2130,2134,2137,2976,2964,2976,3429,3418,3613,3732,3797,3729
3425,0.86709,0.86533,0.05013,0.05278,283.69,432,1088,1921,1926,1930,1928,1179,1862,1887,1896,2020,2020,2020,2018,2017,2017,2017,2137,2130,2134,2137,2976,2964,2976,3429,3418,3613,3732,3797,3729
3426,0.86708,0.86549,0.05014,0.05275,283.77,432,1089,1922,1926,1930,1928,1179,1861,1887,1896,2020,2020,2020,2018,2018,2017,2018,2137,2130,2134,2137,2976,2964,2976,3429,3418,3613,3732,3797,3729
3427,0.86707,0.86532,0.05014,0.05278,283.85,432,1089,1922,1926,1930,1928,1179,1861,1887,1896,2020,2020,2020,2018,2017,2017,2017,2137,2130,2134,2137,2976,2964,2976,3429,3418,3613,3732,3797,3729
3428,0.8671,0.86552,0.05013,0.05275,283.93,432,1090,1922,1926,1930,1928,1179,1861,1887,1896,2020,2020,2020,2018,2017,2017,2018,2137,2130,2134,2137,2976,2964,2976,3429,3418,3613,3732,3796,3729
3429,0.86714,0.86541,0.05012,0.05277,284.0,432,1090,1923,1926,1930,1928,1179,1861,1887,1896,2020,2020,2020,2017,2017,2017,2017,2137,2130,2134,2137,2976,2964,2976,3429,3418,3613,3732,3796,3729
3430,0.86722,0.86563,0.05011,0.05272,284.09,432,1091,1923,1926,1930,1928,1179,1861,1887,1896,2020,2020,2020,2018,2017,2017,2017,2137,2130,2134,2137,2976,2964,2976,3429,3418,3613,3732,3796,3729
3431,0.8673,0.86559,0.05009,0.05273,284.17,432,1092,1923,1926,1930,1928,1179,1861,1887,1896,2020,2020,2020,2017,2017,2017,2017,2137,2130,2134,2137,2976,2964,2976,3429,3418,3613,3732,3796,3729
3432,0.86739,0.86578,0.05008,0.05269,284.25,432,1092,1923,1926,1930,1928,1179,1861,1887,1896,2020,2020,2020,2018,2017,2017,2017,2137,2130,2134,2137,2976,2964,2976,3429,3418,3613,3732,3796,3729
3433,0.86745,0.86576,0.05006,0.0527,284.33,432,1093,1924,1926,1930,1928,1179,1861,1887,1896,2020,2020,2020,2017,2017,2017,2017,2137,2130,2134,2137,2976,2964,2976,3429,3418,3613,3732,3796,3729
3434,0.8675,0.86587,0.05006,0.05268,284.4,432,1093,1924,1926,1930,1928,1179,1861,1887,1896,2020,2020,2020,2018,2017,2017,2017,2137,2130,2134,2137,2976,2964,2976,3429,3418,3613,3732,3796,3729
3435,0.86753,0.86586,0.05005,0.05268,284.47,432,1094,1924,1926,1930,1928,1179,1861,1887,1896,2020,2020,2020,2018,2017,2017,2017,2137,2130,2134,2137,2976,2964,2976,3429,3418,3613,3732,3796,3729
3436,0.86755,0.8659,0.05005,0.05267,284.55,432,1094,1924,1926,1930,1928,1179,1861,1887,1896,2020,2020,2020,2018,2017,2017,2017,2137,2130,2134,2137,2976,2964,2976,3429,3418,3613,3732,3796,3729
3437,0.86755,0.8659,0.05005,0.05267,284.62,432,1095,1924,1926,1930,1928,1179,1861,1887,1896,2020,2020,2020,2018,2017,2017,2018,2137,2130,2134,2137,2976,2964,2976,3429,3418,3613,3732,3796,3729
3438,0.86755,0.86589,0.05005,0.05267,284.71,432,1095,1925,1926,1930,1928,1179,1861,1887,1896,2020,2020,2020,2018,2017,2017,2018,2137,2130,2134,2137,2976,2964,2976,3429,3418,3613,3732,3796,3729
3439,0.86754,0.86588,0.05005,0.05267,284.81,432,1096,1925,1926,1930,1928,1179,1861,1887,1896,2020,2020,2020,2018,2017,2017,2018,2137,2130,2134,2137,2976,2964,2976,3429,3418,3613,3732,3796,3729
3440,0.86753,0.86581,0.05005,0.05269,284.88,432,1097,1925,1926,1930,1928,1179,1861,1887,1896,2020,2020,2020,2018,2018,2017,2018,2137,2130,2134,2137,2976,2964,2976,3429,3418,3613,3732,3795,3729
3441,0.86752,0.86584,0.05005,0.05268,284.96,432,1097,1925,1926,1930,1928,1179,1861,1887,1896,2020,2020,2020,2018,2018,2018,2018,2137,2130,2134,2137,2976,2964,2976,3429,3418,3613,3732,3795,3729
3442,0.86749,0.86576,0.05006,0.0527,285.06,432,1098,1925,1926,1930,1928,1179,1861,1887,1896,2020,2020,2020,2018,2018,2018,2018,2137,2130,2134,2137,2976,2964,2976,3429,3418,3613,3732,3795,3729
3443,0.86747,0.86583,0.05006,0.05269,285.13,432,1098,1925,1926,1930,1928,1179,1861,1887,1896,2020,2020,2020,2018,2018,2018,2018,2137,2130,2134,2137,2976,2964,2976,3429,3418,3613,3732,3795,3729
3444,0.86744,0.8657,0.05007,0.05271,285.21,432,1099,1926,1926,1930,1928,1179,1861,1887,1896,2020,2020,2020,2018,2018,2018,2018,2137,2130,2134,2137,2976,2964,2976,3429,3418,3613,3732,3795,3729
3445,0.8674,0.86577,0.05007,0.0527,285.29,432,1099,1926,1926,1930,1928,1179,1861,1887,1896,2020,2020,2020,2018,2018,2018,2018,2137,2130,2134,2137,2976,2964,2976,3429,3418,3612,3732,3795,3729
3446,0.86734,0.8656,0.05009,0.05273,285.36,432,1100,1926,1926,1930,1928,1179,1862,1887,1896,2020,2020,2020,2018,2018,2018,2018,2137,2130,2134,2137,2976,2964,2976,3429,3418,3613,3732,3795,3729
3447,0.86727,0.86567,0.0501,0.05272,285.44,432,1101,1926,1926,1930,1928,1179,1861,1887,1896,2020,2020,2020,2018,2018,2018,2018,2137,2130,2134,2137,2976,2964,2976,3429,3418,3612,3732,3795,3729
3448,0.86719,0.86545,0.05011,0.05276,285.52,432,1101,1926,1926,1930,1928,1179,1862,1887,1896,2020,2020,2020,2018,2018,2017,2018,2137,2130,2134,2137,2976,2964,2976,3429,3418,3613,3732,3795,3729
3449,0.86711,0.86554,0.05013,0.05274,285.6,432,1102,1926,1926,1930,1928,1179,1861,1887,1896,2020,2020,2020,2018,2018,2018,2018,2137,2130,2134,2137,2976,2964,2976,3429,3417,3612,3732,3795,3729
3450,0.86703,0.86529,0.05014,0.05279,285.67,432,1102,1926,1926,1930,1928,1179,1862,1887,1896,2020,2020,2020,2018,2017,2017,2017,2137,2130,2133,2137,2976,2964,2976,3429,3418,3613,3732,3795,3729
3451,0.86699,0.86543,0.05015,0.05276,285.76,432,1103,1926,1926,1930,1928,1179,1861,1887,1896,2020,2020,2020,2018,2018,2017,2018,2137,2130,2134,2137,2976,2964,2976,3429,3418,3613,3732,3795,3729
3452,0.86695,0.86521,0.05016,0.05281,285.84,432,1103,1926,1926,1930,1928,1179,1861,1887,1896,2020,2020,2020,2018,2017,2017,2017,2137,2129,2133,2137,2976,2964,2976,3429,3418,3613,3732,3795,3729
3453,0.86699,0.86546,0.05015,0.05276,285.93,432,1104,1926,1926,1930,1928,1179,1861,1887,1896,2020,2020,2020,2018,2017,2017,2017,2137,2130,2134,2137,2976,2964,2976,3429,3418,3613,3732,3795,3729
3454,0.86705,0.86533,0.05014,0.05278,286.01,432,1104,1926,1926,1930,1928,1179,1861,1887,1896,2020,2020,2020,2017,2017,2017,2017,2137,2130,2134,2137,2976,2964,2976,3429,3418,3613,3732,3794,3729
3455,0.86716,0.86562,0.05012,0.05273,286.09,432,1105,1926,1926,1930,1928,1179,1861,1887,1896,2020,2020,2020,2018,2017,2017,2017,2137,2130,2134,2137,2976,2964,2976,3429,3418,3613,3732,3794,3729
3456,0.86729,0.86559,0.05009,0.05273,286.16,432,1106,1926,1926,1930,1928,1179,1861,1887,1896,2020,2020,2020,2017,2017,2017,2017,2137,2130,2134,2137,2976,2964,2976,3429,3418,3613,3732,3794,3729
3457,0.86742,0.86584,0.05007,0.05268,286.24,432,1106,1926,1926,1930,1928,1179,1861,1887,1896,2020,2020,2020,2017,2017,2017,2017,2137,2130,2134,2137,2976,2964,2976,3429,3417,3613,3732,3794,3729
3458,0.86752,0.86584,0.05005,0.05268,286.32,432,1107,1926,1926,1930,1928,1179,1861,1887,1896,2020,2020,2020,2017,2017,2017,2017,2137,2130,2134,2137,2976,2964,2976,3429,3418,3613,3732,3794,3729
3459,0.86759,0.86596,0.05004,0.05266,286.4,432,1107,1926,1926,1930,1928,1179,1861,1887,1896,2020,2020,2020,2017,2017,2017,2017,2137,2130,2134,2137,2976,2964,2976,3429,3418,3613,3732,3794,3729
3460,0.86762,0.86595,0.05003,0.05266,286.47,432,1108,1926,1926,1930,1928,1179,1861,1887,1896,2020,2020,2020,2017,2017,2017,2017,2137,2130,2134,2137,2976,2964,2976,3429,3418,3613,3732,3794,3729
3461,0.86763,0.86594,0.05003,0.05266,286.54,432,1108,1926,1926,1930,1928,1179,1861,1887,1896,2020,2020,2020,2018,2017,2017,2017,2137,2130,2134,2137,2976,2964,2976,3429,3418,3613,3732,3794,3729
3462,0.86762,0.86594,0.05003,0.05266,286.62,432,1109,1926,1926,1930,1928,1179,1861,1887,1896,2020,2020,2020,2018,2017,2017,2017,2137,2130,2134,2137,2976,2964,2976,3429,3418,3613,3732,3794,3729
3463,0.86759,0.86586,0.05004,0.05268,286.7,432,1110,1926,1926,1930,1928,1179,1861,1887,1896,2020,2020,2020,2018,2017,2017,2018,2137,2130,2133,2137,2976,2964,2976,3429,3418,3613,3732,3794,3729
3464,0.86755,0.8659,0.05005,0.05267,286.78,432,1110,1926,1926,1930,1928,1179,1861,1887,1896,2020,2020,2020,2018,2017,2017,2018,2137,2130,2134,2137,2976,2964,2976,3429,3418,3613,3732,3794,3729
3465,0.8675,0.86577,0.05005,0.0527,286.85,432,1111,1926,1926,1930,1928,1179,1861,1887,1896,2020,2020,2020,2018,2017,2017,2018,2137,2130,2133,2137,2976,2964,2976,3429,3418,3613,3732,3794,3729
3466,0.86746,0.86583,0.05006,0.05269,286.95,432,1111,1926,1926,1930,1928,1179,1861,1887,1896,2020,2020,2020,2018,2018,2017,2018,2137,2130,2134,2137,2976,2964,2976,3429,3418,3613,3732,3794,3729
3467,0.86742,0.86565,0.05007,0.05272,287.03,432,1112,1926,1926,1930,1928,1179,1861,1887,1896,2020,2020,2020,2018,2017,2017,2018,2137,2130,2133,2137,2976,2964,2976,3429,3418,3613,3732,3794,3729
3468,0.86739,0.86574,0.05008,0.0527,287.11,432,1112,1926,1926,1930,1928,1179,1861,1887,1896,2020,2020,2020,2018,2018,2018,2018,2137,2130,2134,2137,2976,2964,2976,3429,3418,3613,3732,3793,3729
3469,0.86738,0.8656,0.05008,0.05273,287.19,432,1113,1926,1926,1930,1928,1179,1861,1887,1896,2020,2020,2020,2018,2017,2017,2018,2137,2130,2134,2137,2976,2964,2976,3429,3418,3613,3732,3793,3729
3470,0.86738,0.86573,0.05008,0.0527,287.27,432,1113,1926,1926,1930,1928,1179,1861,1887,1896,2020,2020,2020,2018,2018,2018,2018,2137,2130,2134,2137,2976,2964,2976,3429,3417,3612,3732,3793,3729
3471,0.8674,0.86562,0.05007,0.05273,287.36,432,1114,1926,1926,1930,1928,1179,1861,1887,1896,2020,2020,2020,2018,2017,2017,2018,2137,2129,2134,2137,2976,2964,2976,3429,3417,3613,3732,3793,3729
3472,0.86744,0.86576,0.05007,0.0527,287.44,432,1115,1926,1926,1930,1928,1179,1861,1887,1896,2020,2020,2020,2018,2018,2018,2018,2137,2130,2134,2137,2976,2964,2976,3429,3417,3612,3732,3793,3729
3473,0.86747,0.86568,0.05006,0.05271,287.53,432,1115,1926,1926,1930,1928,1179,1861,1887,1896,2020,2020,2020,2018,2017,2017,2018,2137,2130,2134,2137,2976,2964,2976,3429,3418,3613,3732,3793,3729
3474,0.86752,0.86583,0.05005,0.05269,287.61,432,1116,1926,1926,1930,1928,1179,1861,1887,1896,2020,2020,2020,2018,2018,2017,2018,2137,2130,2134,2137,2976,2964,2976,3429,3418,3612,3732,3793,3729
3475,0.86756,0.8658,0.05004,0.05269,287.69,432,1116,1926,1926,1930,1928,1179,1861,1887,1896,2020,2020,2020,2018,2017,2017,2018,2137,2130,2134,2136,2976,2964,2976,3429,3418,3613,3732,3793,3729
3476,0.8676,0.86594,0.05004,0.05266,287.78,432,1117,1926,1926,1930,1928,1179,1861,1887,1896,2020,2020,2020,2018,2017,2017,2018,2137,2130,2134,2137,2976,2964,2976,3429,3418,3613,3732,3793,3729
3477,0.86762,0.86592,0.05003,0.05267,287.86,432,1117,1926,1926,1930,1928,1179,1861,1887,1896,2020,2020,2020,2018,2017,2017,2017,2137,2130,2134,2137,2976,2964,2976,3429,3418,3613,3732,3793,3729
3478,0.86765,0.86598,0.05003,0.05266,287.94,432,1118,1926,1926,1930,1928,1179,1861,1887,1896,2020,2020,2020,2018,2017,2017,2018,2137,2130,2134,2137,2976,2964,2976,3429,3418,3613,3732,3793,3729
3479,0.86766,0.86595,0.05002,0.05266,288.03,432,1119,1926,1926,1930,1928,1179,1862,1887,1896,2020,2020,2020,2018,2017,2017,2017,2137,2130,2134,2137,2976,2964,2976,3429,3418,3613,3732,3792,3729
3480,0.86767,0.866,0.05002,0.05265,288.1,432,1119,1926,1926,1930,1928,1179,1862,1887,1896,2020,2020,2020,2018,2017,2017,2018,2137,2130,2134,2137,2976,2964,2976,3429,3418,3613,3732,3792,3729
3481,0.86768,0.86599,0.05002,0.05265,288.18,432,1120,1926,1926,1930,1928,1179,1862,1887,1896,2020,2020,2020,2018,2017,2017,2018,2137,2130,2134,2137,2976,2964,2976,3429,3418,3613,3732,3792,3729
3482,0.86769,0.86599,0.05002,0.05265,288.26,432,1120,1926,1926,1930,1928,1179,1862,1887,1896,2020,2020,2020,2018,2017,2017,2018,2137,2130,2134,2136,2976,2964,2976,3429,3418,3613,3732,3792,3729
3483,0.86769,0.86596,0.05002,0.05266,288.35,432,1121,1926,1926,1930,1928,1179,1862,1887,1896,2020,2020,2020,2018,2017,2017,2018,2137,2130,2134,2137,2976,2964,2976,3429,3418,3613,3732,3792,3729
3484,0.86769,0.86596,0.05002,0.05266,288.43,432,1121,1926,1926,1930,1928,1179,1862,1887,1896,2020,2020,2020,2018,2017,2017,2018,2137,2130,2134,2137,2976,2964,2976,3429,3418,3613,3732,3792,3729
3485,0.86769,0.86598,0.05002,0.05266,288.51,433,1122,1926,1926,1930,1928,1179,1862,1887,1896,2020,2020,2020,2018,2017,2017,2018,2137,2130,2134,2137,2976,2964,2976,3429,3418,3613,3732,3792,3729
3486,0.86769,0.86598,0.05002,0.05265,288.58,433,1122,1926,1926,1930,1928,1179,1862,1887,1896,2020,2020,2020,2018,2017,2017,2018,2137,2130,2134,2137,2976,2964,2976,3429,3418,3613,3732,3791,3729
3487,0.86769,0.86599,0.05002,0.05265,288.66,433,1123,1926,1926,1930,1928,1179,1862,1887,1896,2020,2020,2020,2018,2018,2017,2018,2137,2130,2134,2137,2976,2964,2976,3429,3418,3613,3732,3791,3729
3488,0.86769,0.86596,0.05002,0.05266,288.74,432,1124,1926,1926,1930,1928,1179,1862,1887,1896,2020,2020,2020,2018,2018,2017,2018,2137,2130,2134,2137,2976,2964,2976,3429,3418,3613,3732,3791,3729
3489,0.86769,0.86595,0.05002,0.05266,288.82,433,1124,1926,1926,1930,1928,1179,1862,1887,1896,2020,2020,2020,2018,2018,2017,2018,2137,2130,2134,2137,2976,2964,2976,3429,3418,3613,3732,3791,3729
3490,0.86769,0.86591,0.05002,0.05267,288.89,432,1125,1926,1926,1930,1928,1179,1862,1887,1896,2020,2020,2020,2018,2018,2017,2018,2137,2130,2134,2137,2976,2964,2976,3429,3418,3613,3732,3791,3729
3491,0.86768,0.86594,0.05002,0.05266,288.96,433,1125,1926,1926,1930,1928,1179,1862,1887,1896,2020,2020,2020,2018,2018,2017,2018,2137,2130,2134,2137,2976,2964,2976,3429,3418,3613,3732,3791,3729
3492,0.86767,0.86587,0.05002,0.05268,289.04,432,1126,1926,1926,1930,1928,1179,1862,1887,1896,2020,2020,2020,2018,2018,2017,2018,2137,2130,2134,2137,2976,2964,2976,3429,3418,3613,3732,3791,3729
3493,0.86766,0.8659,0.05002,0.05267,289.12,433,1126,1926,1926,1930,1928,1179,1862,1887,1896,2020,2020,2020,2018,2018,2018,2018,2137,2130,2134,2137,2976,2964,2976,3429,3418,3613,3732,3790,3729
3494,0.86764,0.86581,0.05003,0.05269,289.19,432,1127,1926,1926,1930,1928,1179,1862,1887,1896,2020,2020,2020,2018,2018,2017,2018,2137,2130,2134,2137,2976,2964,2976,3429,3418,3613,3732,3790,3729
3495,0.8676,0.86587,0.05004,0.05268,289.28,433,1127,1926,1926,1930,1928,1179,1862,1887,1896,2020,2020,2020,2018,2018,2018,2018,2137,2130,2134,2137,2976,2964,2976,3429,3418,3612,3732,3790,3729
3496,0.86753,0.8657,0.05005,0.05271,289.37,432,1128,1926,1926,1930,1928,1179,1862,1887,1896,2020,2020,2020,2018,2017,2017,2018,2137,2130,2133,2137,2976,2964,2976,3429,3418,3613,3732,3790,3729
3497,0.86744,0.86575,0.05007,0.0527,289.44,433,1129,1926,1926,1930,1928,1179,1862,1887,1896,2020,2020,2020,2018,2018,2018,2018,2137,2130,2134,2137,2976,2964,2976,3429,3418,3612,3732,3790,3729
3498,0.86729,0.86543,0.0501,0.05276,289.51,432,1129,1926,1926,1930,1928,1179,1862,1887,1896,2020,2020,2020,2018,2017,2017,2018,2137,2130,2133,2137,2976,2964,2976,3429,3418,3613,3732,3790,3729
3499,0.8671,0.86543,0.05013,0.05276,289.58,433,1130,1926,1926,1930,1928,1179,1862,1887,1896,2020,2020,2020,2018,2018,2018,2018,2137,2130,2134,2137,2976,2964,2976,3429,3418,3612,3732,3789,3729
3500,0.86687,0.86498,0.05017,0.05285,289.67,432,1130,1926,1926,1930,1928,1179,1862,1887,1896,2020,2020,2020,2018,2017,2017,2017,2137,2129,2133,2137,2976,2964,2976,3429,3418,3613,3732,3789,3729
3501,0.86664,0.86505,0.05022,0.05284,289.74,433,1131,1926,1926,1930,1928,1179,1862,1887,1896,2020,2020,2020,2018,2018,2017,2018,2137,2129,2134,2137,2976,2964,2976,3429,3417,3612,3732,3789,3729
3502,0.86644,0.86458,0.05025,0.05293,289.81,432,1131,1926,1926,1930,1928,1179,1862,1887,1896,2020,2020,2020,2018,2017,2017,2017,2137,2129,2133,2136,2976,2964,2976,3429,3417,3613,3732,3789,3729
3503,0.86642,0.86486,0.05026,0.05287,289.9,433,1132,1926,1926,1930,1928,1179,1862,1887,1896,2020,2020,2020,2018,2017,2017,2018,2137,2129,2134,2137,2976,2964,2976,3429,3417,3613,3732,3789,3729
3504,0.86656,0.86468,0.05023,0.05291,289.98,433,1132,1926,1926,1930,1928,1179,1862,1887,1896,2020,2020,2020,2017,2017,2017,2017,2137,2129,2134,2138,2976,2964,2976,3429,3417,3613,3732,3789,3729
3505,0.86691,0.8653,0.05017,0.05279,290.06,433,1133,1926,1926,1930,1928,1179,1861,1887,1896,2020,2020,2020,2018,2017,2017,2017,2137,2130,2134,2139,2976,2964,2976,3429,3417,3613,3732,3789,3729
3506,0.86733,0.8655,0.05009,0.05275,290.13,433,1134,1926,1926,1930,1928,1179,1861,1887,1896,2020,2020,2020,2017,2017,2017,2017,2137,2129,2134,2140,2976,2964,2976,3429,3417,3613,3732,3788,3729
3507,0.86763,0.86593,0.05003,0.05267,290.21,433,1134,1926,1926,1930,1928,1179,1861,1887,1896,2020,2020,2020,2017,2017,2017,2017,2137,2130,2134,2142,2976,2964,2976,3429,3417,3613,3732,3788,3729
3508,0.86772,0.86596,0.05001,0.05266,290.3,433,1135,1926,1926,1930,1928,1179,1861,1887,1896,2020,2020,2020,2017,2017,2017,2017,2137,2130,2134,2143,2976,2964,2976,3429,3418,3613,3732,3788,3729
3509,0.86761,0.8658,0.05003,0.05269,290.38,433,1135,1926,1926,1930,1928,1179,1861,1887,1896,2020,2020,2020,2017,2017,2017,2017,2137,2130,2134,2144,2976,2964,2976,3429,3418,3613,3732,3788,3729
3510,0.86738,0.86576,0.05008,0.0527,290.46,433,1136,1926,1926,1930,1928,1179,1861,1887,1896,2020,2020,2020,2017,2017,2017,2017,2137,2130,2134,2145,2976,2964,2976,3429,3418,3613,3732,3788,3729
3511,0.86707,0.86528,0.05014,0.05279,290.55,433,1136,1926,1926,1930,1928,1179,1861,1887,1896,2020,2020,2020,2017,2017,2017,2017,2137,2130,2133,2145,2976,2964,2976,3429,3418,3613,3732,3787,3729
3512,0.86682,0.86532,0.05018,0.05279,290.62,433,1137,1926,1926,1930,1928,1179,1861,1887,1896,2020,2020,2020,2018,2017,2017,2017,2137,2130,2134,2145,2976,2964,2976,3429,3418,3613,3732,3787,3729
3513,0.86664,0.86485,0.05022,0.05288,290.69,433,1137,1926,1926,1930,1928,1179,1861,1887,1896,2020,2020,2020,2017,2017,2017,2017,2137,2129,2133,2144,2976,2964,2976,3429,3418,3613,3732,3787,3729
3514,0.86672,0.86518,0.0502,0.05281,290.78,433,1138,1926,1926,1930,1928,1179,1861,1887,1896,2020,2020,2020,2018,2017,2017,2018,2137,2129,2134,2145,2976,2964,2976,3429,3417,3613,3732,3787,3729
3515,0.86704,0.86519,0.05014,0.05281,290.87,433,1139,1926,1926,1930,1928,1179,1861,1887,1896,2020,2020,2020,2017,2017,2017,2017,2137,2129,2133,2144,2976,2964,2976,3428,3417,3613,3732,3787,3729
3516,0.86746,0.86575,0.05006,0.0527,290.95,433,1139,1926,1926,1930,1928,1179,1861,1887,1896,2020,2020,2020,2018,2017,2017,2017,2137,2129,2134,2144,2976,2964,2976,3428,3417,3613,3732,3787,3729
3517,0.8677,0.86587,0.05002,0.05268,291.02,433,1140,1926,1926,1930,1928,1179,1861,1887,1896,2020,2020,2020,2018,2017,2017,2017,2137,2129,2134,2143,2976,2964,2976,3428,3417,3613,3732,3787,3729
3518,0.86765,0.8658,0.05003,0.05269,291.11,433,1140,1926,1926,1930,1928,1179,1861,1887,1896,2020,2020,2020,2017,2017,2017,2017,2136,2130,2134,2142,2976,2964,2976,3429,3418,3613,3732,3786,3729
3519,0.86741,0.86573,0.05007,0.0527,291.18,433,1141,1926,1926,1930,1928,1179,1861,1887,1896,2020,2020,2020,2018,2017,2017,2017,2137,2130,2134,2142,2976,2964,2976,3429,3418,3613,3733,3786,3729
3520,0.86713,0.86527,0.05012,0.05279,291.26,433,1141,1926,1926,1930,1928,1179,1861,1887,1896,2020,2020,2020,2017,2017,2017,2017,2137,2130,2133,2140,2976,2964,2976,3429,3418,3613,3732,3786,3729
3521,0.86694,0.86543,0.05016,0.05276,291.34,433,1142,1926,1926,1930,1928,1179,1861,1887,1896,2020,2020,2020,2018,2017,2017,2018,2137,2130,2134,2140,2976,2964,2976,3429,3418,3612,3733,3786,3729
3522,0.86687,0.86507,0.05018,0.05283,291.43,433,1142,1926,1926,1930,1928,1179,1861,1887,1896,2020,2020,2020,2017,2017,2017,2017,2137,2130,2133,2138,2976,2964,2975,3429,3418,3613,3732,3786,3729
3523,0.86701,0.86545,0.05015,0.05276,291.51,433,1143,1926,1926,1930,1928,1179,1861,1887,1896,2020,2020,2020,2018,2017,2017,2018,2137,2129,2134,2138,2976,2964,2976,3429,3418,3612,3733,3786,3729
3524,0.86732,0.86547,0.05009,0.05276,291.59,433,1143,1926,1926,1930,1928,1179,1861,1887,1896,2020,2020,2020,2018,2017,2017,2017,2137,2129,2134,2137,2976,2964,2975,3429,3418,3613,3733,3785,3729
3525,0.86762,0.86584,0.05003,0.05268,291.66,433,1144,1926,1926,1930,1928,1179,1861,1887,1896,2020,2020,2020,2018,2017,2017,2017,2137,2129,2134,2136,2976,2964,2976,3429,3417,3612,3733,3785,3729
3526,0.86773,0.86586,0.05001,0.05268,291.74,433,1145,1926,1926,1930,1928,1179,1861,1887,1896,2020,2020,2020,2018,2017,2017,2017,2137,2129,2134,2135,2976,2964,2975,3429,3417,3612,3733,3785,3729
3527,0.86759,0.86561,0.05004,0.05273,291.81,433,1145,1926,1926,1930,1928,1179,1861,1887,1896,2020,2020,2020,2018,2017,2017,2017,2137,2129,2134,2134,2976,2964,2975,3429,3417,3612,3733,3785,3729
3528,0.86737,0.86557,0.05008,0.05273,291.88,433,1146,1926,1926,1930,1928,1179,1861,1887,1896,2020,2020,2020,2018,2017,2017,2017,2137,2130,2134,2133,2976,2964,2976,3429,3417,3612,3733,3784,3729
3529,0.86722,0.8652,0.05011,0.05281,291.96,433,1146,1926,1926,1930,1928,1179,1862,1887,1896,2020,2020,2020,2017,2017,2017,2017,2137,2130,2133,2132,2976,2964,2975,3429,3417,3612,3733,3784,3729
3530,0.86724,0.86553,0.0501,0.05274,292.04,433,1147,1926,1926,1930,1928,1179,1861,1887,1896,2020,2020,2020,2018,2017,2017,2018,2137,2130,2134,2131,2976,2964,2976,3429,3417,3612,3733,3784,3729
3531,0.86737,0.86546,0.05008,0.05276,292.12,433,1147,1926,1926,1930,1928,1179,1862,1887,1896,2020,2020,2020,2018,2017,2017,2017,2137,2130,2133,2130,2976,2964,2975,3429,3417,3612,3733,3784,3729
3532,0.86756,0.86582,0.05004,0.05269,292.19,433,1148,1926,1926,1930,1928,1179,1861,1887,1896,2020,2020,2020,2018,2017,2017,2018,2137,2130,2134,2129,2976,2964,2976,3429,3417,3612,3733,3784,3729
3533,0.86771,0.86585,0.05002,0.05268,292.27,433,1148,1926,1926,1930,1928,1179,1861,1887,1896,2020,2020,2020,2018,2017,2017,2018,2137,2130,2134,2129,2976,2964,2975,3429,3418,3612,3733,3783,3729
3534,0.86776,0.86589,0.05001,0.05267,292.34,433,1149,1926,1926,1930,1928,1179,1861,1887,1896,2020,2020,2020,2018,2017,2017,2018,2137,2129,2134,2129,2976,2964,2975,3429,3418,3612,3733,3783,3729
3535,0.8677,0.86585,0.05002,0.05268,292.42,433,1149,1926,1926,1930,1928,1179,1861,1887,1896,2020,2020,2020,2018,2017,2017,2018,2137,2129,2134,2128,2976,2964,2976,3429,3418,3612,3733,3783,3729
3536,0.86761,0.86562,0.05004,0.05273,292.52,433,1150,1926,1926,1930,1928,1179,1861,1887,1896,2020,2020,2020,2018,2017,2017,2018,2137,2129,2134,2128,2976,2964,2975,3429,3418,3612,3733,3783,3729
3537,0.86756,0.86575,0.05004,0.0527,292.6,433,1151,1926,1926,1930,1928,1179,1861,1887,1896,2020,2020,2020,2018,2018,2017,2018,2137,2130,2134,2128,2976,2964,2976,3429,3418,3612,3733,3782,3729
3538,0.86756,0.86556,0.05004,0.05274,292.68,433,1151,1926,1926,1930,1928,1179,1862,1887,1896,2020,2020,2020,2018,2017,2017,2018,2137,2130,2134,2127,2976,2964,2975,3429,3418,3612,3733,3782,3729
3539,0.86763,0.86581,0.05003,0.05269,292.76,433,1152,1926,1926,1930,1928,1179,1861,1887,1896,2020,2020,2020,2018,2018,2017,2018,2137,2130,2134,2127,2976,2964,2976,3429,3418,3612,3733,3782,3729
3540,0.86771,0.86579,0.05002,0.05269,292.84,433,1152,1926,1926,1930,1928,1179,1862,1887,1896,2020,2020,2020,2018,2017,2017,2018,2137,2130,2134,2127,2976,2964,2975,3429,3418,3612,3733,3782,3729
3541,0.86777,0.86597,0.05,0.05266,292.93,433,1153,1926,1926,1930,1928,1179,1861,1887,1896,2020,2020,2020,2018,2018,2017,2018,2137,2130,2134,2128,2976,2964,2975,3429,3419,3612,3733,3781,3729
3542,0.86779,0.86598,0.05,0.05265,293.02,433,1153,1926,1926,1930,1928,1179,1861,1887,1896,2020,2020,2020,2018,2018,2017,2018,2137,2130,2134,2128,2976,2964,2975,3429,3419,3612,3733,3781,3729
3543,0.86776,0.86591,0.05001,0.05267,293.09,433,1154,1926,1926,1930,1928,1179,1862,1887,1896,2020,2020,2020,2018,2017,2017,2018,2137,2130,2134,2128,2976,2964,2975,3429,3419,3612,3733,3781,3729
3544,0.86773,0.86593,0.05001,0.05267,293.16,433,1154,1926,1926,1930,1928,1179,1862,1887,1896,2020,2020,2020,2018,2018,2017,2018,2137,2130,2134,2128,2976,2964,2975,3429,3419,3612,3733,3781,3729
3545,0.8677,0.86574,0.05002,0.0527,293.23,433,1155,1926,1926,1930,1928,1179,1862,1887,1896,2020,2020,2020,2018,2017,2017,2018,2137,2130,2134,2128,2976,2964,2975,3429,3419,3612,3733,3780,3729
3546,0.86769,0.86584,0.05002,0.05268,293.31,433,1155,1926,1926,1930,1928,1179,1862,1887,1896,2020,2020,2020,2018,2018,2017,2018,2137,2130,2134,2128,2976,2964,2975,3429,3419,3612,3733,3780,3729
3547,0.86771,0.86571,0.05002,0.05271,293.38,433,1156,1926,1926,1930,1928,1179,1862,1887,1896,2020,2020,2020,2018,2017,2017,2018,2137,2130,2134,2128,2976,2964,2975,3429,3419,3612,3733,3780,3729
3548,0.86775,0.86587,0.05001,0.05268,293.46,433,1157,1926,1926,1930,1928,1179,1862,1887,1896,2020,2020,2020,2018,2017,2017,2018,2137,2130,2134,2128,2976,2964,2975,3429,3419,3612,3733,3779,3729
3549,0.86779,0.86586,0.05,0.05268,293.53,433,1157,1926,1926,1930,1928,1179,1862,1887,1896,2020,2020,2020,2018,2017,2017,2018,2137,2130,2134,2128,2976,2964,2975,3429,3419,3612,3733,3779,3729
3550,0.86781,0.86594,0.05,0.05266,293.61,433,1158,1926,1926,1930,1928,1179,1862,1887,1896,2020,2020,2020,2018,2017,2017,2018,2137,2130,2134,2128,2976,2964,2975,3429,3419,3612,3733,3779,3729
3551,0.86782,0.86595,0.05,0.05266,293.69,433,1158,1926,1926,1930,1928,1179,1862,1887,1896,2020,2020,2020,2018,2017,2017,2018,2137,2130,2134,2128,2976,2963,2975,3429,3419,3612,3733,3779,3729
3552,0.86781,0.86591,0.05,0.05267,293.77,433,1159,1926,1926,1930,1928,1179,1862,1887,1896,2020,2020,2020,2018,2017,2017,2018,2137,2130,2134,2128,2975,2963,2975,3429,3419,3612,3733,3778,3729
3553,0.86779,0.86596,0.05,0.05266,293.85,433,1159,1926,1926,1930,1928,1179,1862,1887,1896,2020,2020,2020,2018,2018,2017,2018,2137,2130,2134,2128,2976,2963,2975,3429,3419,3612,3733,3778,3729
3554,0.86777,0.86582,0.05001,0.05269,293.93,433,1160,1926,1926,1930,1928,1179,1862,1887,1896,2020,2020,2020,2018,2017,2017,2018,2137,2130,2134,2128,2975,2963,2975,3429,3419,3612,3733,3778,3729
3555,0.86776,0.86588,0.05001,0.05267,294.01,433,1160,1926,1926,1930,1928,1179,1862,1887,1896,2020,2020,2020,2018,2018,2017,2018,2137,2130,2134,2128,2975,2963,2975,3429,3419,3612,3733,3777,3729
3556,0.86776,0.86577,0.05001,0.0527,294.09,433,1161,1926,1926,1930,1928,1179,1862,1887,1896,2020,2020,2020,2018,2017,2017,2018,2137,2130,2134,2128,2975,2963,2975,3429,3419,3612,3733,3777,3729
3557,0.86778,0.86591,0.05,0.05267,294.17,433,1161,1926,1926,1930,1928,1179,1862,1887,1896,2020,2020,2020,2018,2018,2017,2018,2137,2130,2134,2128,2975,2963,2975,3429,3420,3612,3733,3777,3729
3558,0.86781,0.86585,0.05,0.05268,294.24,433,1162,1926,1926,1930,1928,1179,1862,1887,1896,2020,2020,2020,2018,2017,2017,2018,2137,2130,2134,2128,2975,2963,2975,3429,3420,3612,3733,3776,3729
3559,0.86784,0.86596,0.04999,0.05266,294.31,433,1162,1926,1926,1930,1928,1179,1862,1887,1896,2020,2020,2020,2018,2018,2017,2018,2137,2130,2134,2128,2975,2963,2975,3429,3420,3612,3733,3776,3729
3560,0.86786,0.86592,0.04999,0.05267,294.39,433,1163,1926,1926,1930,1928,1179,1862,1887,1896,2020,2020,2020,2018,2018,2017,2018,2137,2130,2134,2128,2975,2963,2975,3429,3420,3612,3733,3775,3729
3561,0.86787,0.86596,0.04999,0.05266,294.46,433,1164,1926,1926,1930,1928,1179,1862,1887,1896,2020,2020,2020,2018,2018,2017,2018,2137,2130,2134,2128,2975,2963,2975,3429,3420,3612,3733,3775,3729
3562,0.86787,0.86597,0.04998,0.05266,294.54,433,1164,1926,1926,1930,1928,1179,1862,1887,1896,2020,2020,2020,2018,2018,2017,2018,2137,2130,2134,2128,2975,2963,2975,3429,3420,3612,3733,3775,3729
3563,0.86787,0.86593,0.04998,0.05267,294.62,433,1165,1926,1926,1930,1928,1179,1862,1887,1896,2020,2020,2020,2018,2018,2017,2018,2137,2130,2134,2128,2975,2963,2975,3429,3420,3612,3733,3774,3729
3564,0.86787,0.86595,0.04999,0.05266,294.7,433,1165,1926,1926,1930,1928,1179,1862,1887,1896,2020,2020,2020,2018,2018,2017,2018,2137,2130,2134,2128,2975,2963,2975,3429,3420,3612,3733,3774,3729
3565,0.86786,0.86586,0.04999,0.05268,294.78,433,1166,1926,1926,1930,1928,1179,1862,1887,1896,2020,2020,2020,2018,2017,2017,2018,2137,2130,2133,2128,2975,2963,2975,3429,3421,3612,3733,3774,3729
3566,0.86786,0.86596,0.04999,0.05266,294.85,433,1166,1926,1926,1930,1928,1179,1862,1887,1896,2020,2020,2020,2018,2018,2017,2018,2137,2130,2134,2128,2975,2963,2975,3429,3421,3612,3733,3773,3729
3567,0.86785,0.86588,0.04999,0.05267,294.93,433,1167,1926,1926,1930,1928,1179,1862,1887,1896,2020,2020,2020,2018,2017,2017,2018,2137,2130,2134,2128,2975,2963,2975,3429,3421,3612,3733,3773,3729
3568,0.86785,0.86599,0.04999,0.05265,295.01,433,1167,1926,1926,1930,1928,1179,1862,1887,1896,2020,2020,2020,2018,2018,2018,2018,2137,2130,2134,2128,2975,2963,2975,3429,3421,3612,3733,3773,3729
3569,0.86785,0.86587,0.04999,0.05268,295.08,433,1168,1926,1926,1930,1928,1179,1862,1887,1896,2020,2020,2020,2018,2018,2017,2018,2137,2130,2134,2128,2975,2963,2975,3429,3421,3612,3733,3772,3729
3570,0.86786,0.86597,0.04999,0.05266,295.15,433,1168,1926,1926,1930,1928,1179,1862,1887,1896,2020,2020,2020,2018,2018,2018,2018,2137,2130,2134,2128,2975,2963,2975,3429,3421,3612,3733,3772,3729
3571,0.86786,0.86586,0.04999,0.05268,295.22,433,1169,1926,1926,1930,1928,1179,1862,1887,1896,2020,2020,2020,2018,2018,2017,2018,2137,2130,2134,2128,2975,2963,2975,3429,3421,3612,3733,3771,3729
3572,0.86787,0.86598,0.04998,0.05266,295.3,433,1169,1926,1926,1930,1928,1179,1862,1887,1896,2020,2020,2020,2018,2018,2017,2018,2137,2130,2134,2128,2975,2963,2975,3429,3421,3612,3733,3771,3729
3573,0.86787,0.86586,0.04998,0.05268,295.37,433,1170,1926,1926,1930,1928,1179,1863,1887,1896,2020,2020,2020,2018,2018,2017,2018,2137,2130,2134,2128,2975,2963,2975,3429,3421,3612,3733,3771,3729
3574,0.86788,0.86596,0.04998,0.05266,295.45,433,1171,1926,1926,1930,1928,1179,1863,1887,1896,2020,2020,2020,2018,2018,2018,2018,2137,2130,2134,2128,2975,2963,2975,3429,3421,3612,3733,3770,3729
3575,0.86788,0.86585,0.04998,0.05268,295.53,433,1171,1926,1926,1930,1928,1179,1863,1887,1896,2020,2020,2020,2018,2018,2017,2018,2137,2130,2134,2128,2975,2963,2975,3429,3421,3612,3733,3770,3729
3576,0.86789,0.86598,0.04998,0.05266,295.6,433,1172,1926,1926,1930,1928,1179,1863,1887,1896,2020,2020,2020,2018,2018,2018,2018,2137,2130,2134,2128,2975,2963,2975,3429,3420,3612,3733,3769,3729
3577,0.86789,0.86588,0.04998,0.05267,295.68,433,1172,1926,1926,1930,1928,1179,1863,1887,1896,2020,2020,2020,2018,2018,2017,2018,2137,2130,2134,2128,2975,2963,2975,3429,3420,3612,3733,3769,3729
3578,0.8679,0.86598,0.04998,0.05265,295.75,433,1173,1926,1926,1930,1928,1179,1863,1887,1896,2020,2020,2020,2018,2018,2018,2018,2137,2130,2134,2128,2975,2963,2975,3429,3420,3612,3733,3769,3729
3579,0.8679,0.86588,0.04998,0.05267,295.82,433,1173,1926,1926,1930,1928,1179,1864,1887,1896,2020,2020,2020,2018,2018,2017,2018,2137,2130,2134,2128,2975,2963,2975,3429,3420,3612,3733,3768,3729
3580,0.86791,0.86601,0.04998,0.05265,295.9,433,1174,1926,1926,1930,1928,1179,1864,1887,1896,2020,2020,2020,2018,2018,2018,2018,2137,2130,2134,2128,2975,2963,2975,3429,3420,3612,3733,3768,3729
3581,0.8679,0.86589,0.04998,0.05267,295.98,433,1174,1926,1926,1930,1928,1179,1864,1887,1896,2020,2020,2020,2018,2018,2017,2018,2137,2130,2134,2128,2975,2963,2975,3429,3420,3612,3733,3768,3729
3582,0.86791,0.86598,0.04998,0.05266,296.05,433,1175,1926,1926,1930,1928,1179,1864,1887,1896,2020,2020,2020,2018,2018,2018,2018,2137,2130,2134,2128,2975,2963,2975,3429,3421,3612,3733,3767,3729
3583,0.8679,0.86585,0.04998,0.05268,296.14,433,1175,1926,1926,1930,1928,1179,1864,1887,1896,2020,2020,2020,2018,2018,2017,2018,2137,2130,2134,2128,2975,2963,2975,3429,3421,3612,3733,3767,3729
3584,0.86788,0.86601,0.04998,0.05265,296.21,433,1176,1926,1926,1930,1928,1179,1864,1887,1896,2020,2020,2020,2018,2018,2018,2018,2137,2130,2134,2128,2975,2963,2975,3429,3421,3612,3733,3766,3729
3585,0.86785,0.86584,0.04999,0.05268,296.3,433,1176,1926,1926,1930,1928,1179,1865,1887,1896,2020,2020,2020,2018,2018,2017,2018,2137,2130,2134,2128,2975,2963,2975,3429,3421,3612,3733,3766,3729
3586,0.86781,0.86597,0.05,0.05266,296.38,433,1177,1926,1926,1930,1928,1179,1865,1887,1896,2020,2020,2020,2018,2018,2018,2018,2137,2130,2134,2128,2975,2963,2975,3429,3421,3612,3733,3766,3729
3587,0.86775,0.86568,0.05001,0.05271,296.45,433,1178,1926,1926,1930,1928,1179,1865,1887,1896,2020,2020,2020,2018,2018,2017,2018,2137,2130,2134,2128,2975,2963,2975,3429,3421,3612,3733,3765,3729
3588,0.86768,0.86583,0.05002,0.05268,296.52,433,1178,1926,1926,1930,1928,1179,1865,1887,1896,2020,2020,2020,2018,2018,2018,2018,2137,2130,2134,2128,2975,2963,2975,3429,3421,3612,3733,3765,3729
3589,0.86759,0.86549,0.05004,0.05275,296.6,433,1179,1926,1926,1930,1928,1179,1865,1887,1896,2020,2020,2020,2018,2017,2017,2018,2137,2129,2134,2128,2975,2963,2975,3429,3421,3612,3733,3765,3729
3590,0.86751,0.86569,0.05005,0.05271,296.67,433,1179,1926,1926,1930,1928,1179,1865,1887,1896,2020,2020,2020,2018,2018,2018,2018,2137,2130,2134,2128,2975,2963,2975,3429,3421,3612,3733,3764,3729
3591,0.86743,0.86529,0.05007,0.05279,296.74,433,1180,1926,1926,1930,1928,1179,1865,1887,1896,2020,2020,2020,2018,2017,2017,2018,2137,2129,2134,2128,2975,2963,2974,3429,3420,3612,3733,3764,3729
3592,0.86744,0.86557,0.05007,0.05274,296.82,434,1180,1926,1926,1930,1928,1179,1865,1887,1896,2020,2020,2020,2018,2018,2018,2018,2137,2129,2134,2128,2975,2963,2975,3429,3420,3612,3733,3764,3729
3593,0.86748,0.8653,0.05006,0.05279,296.89,433,1181,1926,1926,1930,1928,1179,1865,1887,1896,2020,2020,2020,2018,2017,2017,2018,2137,2129,2134,2128,2975,2963,2974,3429,3420,3612,3733,3763,3729
3594,0.86761,0.86572,0.05003,0.05271,296.96,434,1181,1926,1926,1930,1928,1179,1865,1887,1896,2020,2020,2020,2018,2018,2017,2018,2137,2130,2134,2128,2975,2963,2974,3429,3420,3612,3733,3763,3729
3595,0.86775,0.86561,0.05001,0.05273,297.04,433,1182,1926,1926,1930,1928,1179,1865,1887,1896,2020,2020,2020,2018,2017,2017,2018,2137,2129,2134,2128,2975,2963,2974,3429,3420,3612,3734,3763,3729
3596,0.8679,0.86594,0.04998,0.05266,297.12,434,1182,1926,1926,1930,1928,1179,1865,1887,1896,2020,2020,2020,2018,2017,2017,2018,2137,2130,2134,2128,2975,2963,2974,3429,3420,3612,3734,3763,3729
3597,0.868,0.86592,0.04996,0.05267,297.23,434,1183,1926,1926,1930,1928,1179,1866,1887,1896,2020,2020,2020,2018,2017,2017,2018,2137,2130,2134,2128,2975,2963,2974,3429,3421,3612,3734,3762,3729
3598,0.86805,0.86608,0.04995,0.05264,297.31,434,1184,1926,1926,1930,1928,1179,1866,1887,1896,2020,2020,2020,2018,2017,2017,2018,2137,2130,2134,2128,2975,2963,2974,3429,3421,3612,3734,3762,3729
3599,0.86807,0.86607,0.04995,0.05264,297.39,434,1184,1926,1926,1930,1928,1179,1866,1887,1896,2020,2020,2020,2018,2018,2017,2018,2137,2130,2134,2128,2975,2963,2974,3429,3421,3612,3734,3762,3729
3600,0.86807,0.866,0.04995,0.05265,297.47,434,1185,1926,1926,1930,1928,1179,1866,1887,1896,2020,2020,2020,2018,2018,2017,2018,2137,2130,2134,2128,2975,2963,2974,3429,3421,3612,3734,3761,3729
3601,0.86805,0.86603,0.04995,0.05265,297.55,434,1185,1926,1926,1930,1928,1179,1866,1887,1896,2020,2020,2020,2018,2018,2018,2018,2137,2130,2134,2128,2975,2963,2974,3429,3421,3612,3734,3761,3729
3602,0.86799,0.86586,0.04996,0.05268,297.62,434,1186,1926,1926,1930,1928,1179,1866,1887,1896,2020,2020,2020,2018,2018,2018,2018,2137,2130,2134,2127,2975,2963,2974,3429,3421,3612,3734,3761,3729
3603,0.86793,0.86597,0.04997,0.05266,297.7,434,1186,1926,1926,1930,1928,1179,1867,1887,1896,2021,2020,2020,2018,2018,2018,2018,2137,2130,2134,2128,2975,2963,2974,3429,3421,3612,3734,3761,3729
3604,0.86784,0.86571,0.04999,0.05271,297.79,434,1187,1926,1926,1930,1928,1179,1867,1887,1896,2020,2020,2020,2018,2018,2018,2018,2137,2130,2134,2128,2975,2963,2974,3429,3421,3612,3734,3760,3729
3605,0.86778,0.86585,0.05,0.05268,297.86,434,1187,1926,1926,1930,1928,1179,1867,1887,1896,2020,2020,2020,2018,2018,2018,2018,2137,2130,2134,2128,2975,2963,2974,3429,3421,3612,3734,3760,3729
3606,0.86771,0.86554,0.05002,0.05274,297.95,434,1188,1926,1926,1930,1928,1179,1867,1887,1896,2020,2020,2020,2018,2018,2018,2018,2137,2129,2134,2128,2975,2963,2974,3429,3421,3612,3734,3760,3729
3607,0.86766,0.86577,0.05003,0.0527,298.03,434,1188,1926,1926,1930,1928,1179,1867,1887,1896,2020,2020,2020,2018,2018,2018,2018,2137,2130,2134,2128,2975,2963,2974,3429,3421,3612,3734,3760,3729
3608,0.8676,0.86545,0.05004,0.05276,298.11,434,1189,1926,1926,1930,1928,1179,1868,1887,1896,2020,2020,2020,2018,2018,2018,2018,2137,2129,2134,2128,2975,2963,2974,3429,3420,3612,3734,3759,3729
3609,0.86759,0.86571,0.05004,0.05271,298.18,434,1190,1926,1926,1930,1928,1179,1867,1887,1896,2020,2020,2020,2018,2018,2018,2018,2137,2129,2134,2128,2975,2963,2974,3429,3420,3612,3734,3759,3729
3610,0.86758,0.86538,0.05004,0.05277,298.25,434,1190,1926,1926,1930,1928,1179,1868,1887,1896,2020,2020,2020,2018,2018,2018,2018,2137,2129,2134,2128,2975,2963,2974,3429,3420,3612,3734,3759,3729
3611,0.86766,0.86574,0.05002,0.0527,298.34,434,1191,1926,1926,1930,1928,1179,1868,1887,1896,2020,2020,2020,2018,2018,2018,2018,2137,2130,2134,2128,2975,2963,2974,3429,3420,3612,3734,3759,3729
3612,0.86776,0.86561,0.05001,0.05273,298.41,434,1191,1926,1926,1930,1928,1179,1868,1887,1896,2020,2020,2020,2018,2018,2018,2018,2137,2130,2134,2128,2975,2963,2973,3429,3420,3612,3734,3758,3729
3613,0.86791,0.86599,0.04998,0.05265,298.49,434,1192,1926,1926,1930,1928,1179,1868,1887,1896,2021,2020,2020,2018,2018,2018,2018,2137,2130,2134,2128,2975,2963,2974,3429,3420,3612,3734,3758,3729
3614,0.86801,0.86593,0.04996,0.05267,298.56,434,1192,1926,1926,1930,1928,1179,1868,1887,1896,2020,2020,2020,2018,2018,2018,2018,2137,2130,2134,2128,2975,2963,2973,3429,3420,3612,3734,3758,3729
3615,0.8681,0.86613,0.04994,0.05263,298.64,434,1193,1926,1926,1930,1928,1179,1868,1887,1896,2020,2020,2020,2018,2018,2018,2018,2137,2130,2134,2128,2975,2963,2973,3429,3421,3612,3734,3758,3729
3616,0.86813,0.86609,0.04994,0.05263,298.72,433,1193,1926,1926,1930,1928,1179,1868,1887,1896,2020,2020,2020,2018,2018,2018,2018,2137,2130,2134,2128,2975,2963,2973,3429,3421,3612,3734,3757,3729
3617,0.86816,0.8662,0.04993,0.05261,298.79,434,1194,1926,1926,1930,1928,1179,1868,1887,1896,2020,2020,2020,2018,2018,2018,2018,2137,2130,2134,2128,2975,2963,2973,3429,3421,3612,3734,3757,3729
3618,0.86817,0.86618,0.04993,0.05262,298.87,434,1194,1926,1926,1930,1928,1179,1868,1887,1896,2020,2020,2020,2018,2018,2018,2018,2137,2130,2134,2128,2975,2963,2973,3429,3421,3612,3734,3757,3729
3619,0.86817,0.86616,0.04993,0.05262,298.94,433,1195,1926,1926,1930,1928,1179,1868,1887,1896,2020,2020,2020,2018,2018,2018,2018,2137,2130,2134,2128,2975,2963,2973,3429,3421,3612,3734,3757,3729
3620,0.86817,0.86617,0.04993,0.05262,299.02,433,1195,1926,1926,1930,1928,1179,1868,1887,1896,2020,2020,2020,2018,2018,2018,2018,2137,2130,2134,2128,2975,2963,2973,3429,3421,3612,3734,3756,3729
3621,0.86817,0.86616,0.04993,0.05262,299.1,433,1196,1926,1926,1930,1928,1179,1868,1887,1896,2020,2020,2020,2018,2018,2018,2018,2137,2130,2134,2127,2975,2963,2973,3429,3421,3612,3734,3756,3729
3622,0.86817,0.86623,0.04993,0.05261,299.19,433,1197,1926,1926,1930,1928,1179,1868,1887,1896,2020,2020,2020,2018,2018,2018,2018,2137,2130,2134,2127,2975,2963,2973,3429,3421,3612,3735,3756,3729
3623,0.86816,0.86614,0.04993,0.05262,299.27,433,1197,1926,1926,1930,1928,1179,1868,1887,1896,2020,2020,2020,2018,2018,2018,2018,2137,2130,2134,2127,2975,2963,2973,3429,3421,3612,3735,3756,3729
3624,0.86814,0.8662,0.04994,0.05261,299.36,433,1198,1926,1926,1930,1928,1179,1868,1887,1896,2020,2020,2020,2018,2018,2018,2018,2137,2130,2134,2128,2975,2963,2973,3429,3421,3612,3735,3756,3729
3625,0.86809,0.86604,0.04994,0.05264,299.44,433,1198,1926,1926,1930,1928,1179,1868,1887,1897,2020,2020,2020,2018,2018,2018,2018,2137,2130,2134,2128,2975,2963,2973,3429,3421,3612,3735,3755,3729
3626,0.86803,0.86614,0.04996,0.05262,299.53,433,1199,1926,1926,1930,1928,1179,1868,1887,1897,2020,2020,2020,2018,2018,2018,2018,2137,2130,2134,2128,2975,2963,2973,3429,3421,3612,3735,3755,3729
3627,0.86793,0.86586,0.04997,0.05268,299.6,433,1199,1926,1926,1930,1928,1179,1868,1887,1897,2020,2020,2020,2018,2018,2018,2018,2137,2130,2134,2128,2975,2963,2973,3429,3421,3612,3735,3755,3729
3628,0.86782,0.86597,0.05,0.05266,299.67,433,1200,1926,1926,1930,1927,1179,1868,1887,1897,2021,2020,2020,2018,2018,2018,2018,2137,2130,2134,2128,2975,2963,2973,3429,3421,3612,3735,3755,3729
3629,0.86768,0.86557,0.05002,0.05274,299.76,433,1200,1926,1926,1930,1927,1179,1869,1887,1897,2020,2020,2020,2018,2018,2018,2018,2137,2129,2134,2128,2975,2963,2973,3429,3420,3612,3735,3755,3729
3630,0.8676,0.86579,0.05004,0.05269,299.84,433,1201,1926,1926,1930,1927,1179,1868,1887,1897,2021,2020,2021,2018,2018,2018,2018,2137,2129,2134,2128,2975,2963,2973,3429,3420,3612,3735,3755,3729
3631,0.86751,0.86539,0.05005,0.05277,299.92,433,1201,1926,1926,1930,1927,1179,1869,1887,1897,2020,2020,2020,2018,2018,2018,2018,2137,2129,2134,2128,2975,2963,2973,3429,3420,3612,3735,3754,3729
3632,0.86752,0.86574,0.05005,0.0527,300.0,433,1202,1926,1926,1930,1927,1179,1868,1887,1897,2021,2020,2021,2018,2018,2018,2018,2137,2129,2134,2128,2975,2963,2973,3429,3420,3612,3735,3754,3729
3633,0.86756,0.86547,0.05004,0.05275,300.08,433,1203,1926,1926,1930,1927,1179,1869,1887,1897,2020,2020,2020,2018,2018,2018,2018,2137,2129,2134,2128,2975,2963,2973,3429,3420,3612,3735,3754,3729
3634,0.86773,0.86591,0.05001,0.05267,300.16,433,1203,1926,1926,1930,1926,1179,1869,1887,1897,2020,2020,2020,2018,2018,2018,2018,2137,2130,2134,2128,2975,2963,2973,3429,3421,3612,3735,3754,3729
3635,0.8679,0.86582,0.04998,0.05269,300.24,433,1204,1926,1926,1930,1926,1179,1869,1887,1897,2020,2020,2020,2018,2018,2018,2018,2137,2130,2134,2128,2975,2963,2973,3429,3421,3612,3735,3754,3729
3636,0.86807,0.86619,0.04995,0.05261,300.32,433,1204,1926,1926,1930,1926,1179,1869,1887,1897,2020,2020,2020,2018,2018,2018,2018,2137,2130,2134,2128,2975,2963,2973,3429,3421,3612,3735,3754,3729
3637,0.86817,0.86618,0.04993,0.05262,300.4,433,1205,1926,1926,1930,1925,1179,1869,1887,1897,2020,2020,2020,2018,2018,2017,2018,2137,2130,2134,2128,2975,2963,2973,3429,3421,3612,3735,3754,3729
3638,0.86824,0.86634,0.04992,0.05258,300.47,433,1205,1926,1926,1930,1925,1179,1869,1887,1897,2020,2020,2020,2018,2018,2018,2018,2137,2130,2134,2128,2975,2963,2973,3429,3421,3612,3735,3753,3729
3639,0.86826,0.86632,0.04991,0.05259,300.55,433,1206,1926,1926,1930,1925,1179,1869,1887,1897,2020,2020,2020,2018,2018,2018,2018,2137,2130,2134,2128,2975,2963,2973,3429,3421,3612,3735,3753,3729
3640,0.86826,0.86632,0.04991,0.05259,300.62,433,1206,1926,1926,1930,1925,1179,1869,1887,1897,2020,2020,2020,2018,2018,2018,2018,2137,2130,2134,2128,2975,2963,2973,3429,3421,3612,3735,3753,3729
3641,0.86826,0.86635,0.04991,0.05258,300.69,433,1207,1926,1926,1930,1925,1179,1869,1887,1897,2020,2020,2020,2018,2018,2018,2018,2137,2130,2134,2128,2975,2963,2973,3429,3421,3612,3735,3753,3729
3642,0.86823,0.86624,0.04992,0.0526,300.77,433,1207,1926,1926,1930,1924,1179,1869,1887,1897,2020,2020,2020,2018,2018,2018,2018,2137,2130,2134,2127,2975,2963,2973,3429,3421,3612,3735,3753,3729
3643,0.86821,0.86629,0.04992,0.05259,300.86,433,1208,1926,1926,1930,1924,1179,1869,1887,1897,2020,2020,2020,2018,2018,2018,2018,2137,2130,2134,2127,2975,2963,2973,3429,3421,3612,3735,3753,3729
3644,0.86816,0.86612,0.04993,0.05263,300.93,433,1208,1926,1926,1930,1924,1179,1869,1887,1897,2020,2020,2020,2018,2018,2018,2018,2137,2130,2133,2127,2975,2963,2973,3429,3421,3612,3735,3753,3729
3645,0.86813,0.86624,0.04994,0.0526,301.02,433,1209,1926,1926,1930,1925,1179,1869,1887,1897,2020,2020,2020,2018,2018,2018,2018,2137,2130,2134,2128,2975,2963,2973,3429,3421,3612,3735,3752,3729
3646,0.86809,0.86606,0.04994,0.05264,301.09,433,1210,1926,1926,1930,1925,1179,1869,1887,1897,2020,2020,2020,2018,2018,2018,2018,2137,2130,2134,2128,2975,2963,2973,3429,3421,3612,3735,3752,3729
3647,0.86806,0.86624,0.04995,0.0526,301.17,433,1210,1926,1926,1930,1925,1179,1869,1887,1897,2020,2020,2020,2018,2018,2018,2018,2137,2130,2134,2128,2975,2963,2973,3429,3421,3612,3735,3752,3729
3648,0.86802,0.866,0.04996,0.05265,301.26,433,1211,1926,1926,1930,1925,1179,1870,1887,1897,2020,2020,2020,2018,2018,2018,2018,2137,2129,2134,2128,2975,2963,2973,3429,3421,3612,3735,3752,3729
3649,0.868,0.86616,0.04996,0.05262,301.34,433,1211,1926,1926,1930,1925,1179,1870,1887,1897,2021,2020,2020,2018,2018,2018,2018,2137,2129,2134,2128,2975,2963,2973,3429,3421,3612,3735,3752,3729
3650,0.86796,0.86589,0.04997,0.05267,301.44,433,1212,1926,1926,1930,1925,1179,1870,1887,1897,2020,2020,2020,2018,2018,2018,2018,2137,2129,2134,2128,2975,2963,2973,3429,3420,3612,3735,3752,3729
3651,0.86796,0.8661,0.04997,0.05263,301.51,433,1212,1926,1926,1930,1925,1179,1870,1887,1897,2021,2020,2020,2018,2018,2018,2018,2137,2130,2134,2128,2975,2963,2973,3429,3420,3612,3735,3752,3729
3652,0.86795,0.86587,0.04997,0.05268,301.59,433,1213,1926,1926,1930,1925,1179,1870,1887,1897,2020,2020,2020,2018,2018,2018,2018,2137,2130,2134,2128,2975,2963,2972,3429,3420,3612,3735,3752,3729
3653,0.86797,0.86612,0.04997,0.05263,301.67,433,1213,1926,1926,1930,1925,1179,1870,1887,1897,2020,2020,2020,2018,2018,2018,2018,2137,2130,2134,2128,2975,2963,2973,3429,3421,3612,3735,3751,3729
3654,0.86798,0.86593,0.04996,0.05266,301.75,433,1214,1926,1926,1930,1925,1179,1870,1887,1897,2020,2020,2020,2018,2018,2018,2018,2137,2130,2134,2128,2975,2963,2972,3429,3420,3612,3735,3751,3729
3655,0.86803,0.86619,0.04996,0.05261,301.82,433,1214,1926,1926,1930,1925,1179,1870,1887,1897,2020,2020,2020,2018,2018,2018,2018,2137,2130,2134,2128,2975,2963,2972,3429,3421,3612,3735,3751,3729
3656,0.86806,0.86604,0.04995,0.05264,301.9,433,1215,1926,1926,1930,1925,1179,1870,1887,1897,2020,2020,2020,2018,2018,2018,2018,2137,2130,2134,2128,2975,2963,2972,3429,3421,3612,3735,3751,3729
3657,0.86811,0.86628,0.04994,0.0526,301.97,433,1215,1926,1926,1930,1925,1179,1871,1887,1897,2020,2020,2020,2018,2018,2018,2018,2137,2130,2134,2128,2975,2963,2972,3429,3421,3612,3735,3751,3729
3658,0.86814,0.86615,0.04993,0.05262,302.05,433,1216,1926,1926,1930,1925,1179,1871,1887,1897,2020,2020,2020,2018,2018,2018,2018,2137,2130,2134,2128,2975,2963,2972,3429,3421,3612,3735,3751,3729
3659,0.86819,0.86634,0.04993,0.05258,302.13,433,1217,1926,1926,1930,1925,1179,1871,1887,1897,2020,2020,2020,2018,2018,2018,2018,2137,2130,2134,2128,2975,2963,2972,3429,3421,3612,3735,3751,3729
3660,0.86822,0.86622,0.04992,0.05261,302.21,433,1217,1926,1926,1930,1925,1179,1871,1887,1897,2020,2020,2020,2018,2018,2018,2018,2137,2130,2134,2128,2975,2963,2972,3429,3421,3612,3735,3751,3729
3661,0.86826,0.86635,0.04991,0.05258,302.28,433,1218,1926,1926,1930,1925,1179,1871,1887,1897,2020,2020,2020,2018,2018,2018,2018,2137,2130,2134,2128,2975,2963,2972,3429,3421,3612,3735,3751,3729
3662,0.86828,0.86629,0.04991,0.05259,302.36,433,1218,1926,1926,1930,1925,1179,1871,1887,1897,2020,2020,2020,2018,2018,2018,2018,2137,2130,2134,2128,2975,2963,2972,3429,3421,3612,3735,3751,3729
3663,0.8683,0.86642,0.0499,0.05257,302.43,433,1219,1926,1926,1930,1925,1179,1872,1887,1897,2020,2020,2020,2018,2018,2018,2018,2137,2130,2134,2128,2975,2963,2972,3429,3421,3612,3735,3751,3729
3664,0.86831,0.86635,0.0499,0.05258,302.54,433,1219,1926,1926,1930,1925,1179,1872,1887,1897,2020,2020,2020,2018,2018,2018,2018,2137,2130,2134,2128,2975,2963,2972,3429,3421,3612,3735,3751,3729
3665,0.86832,0.86644,0.0499,0.05256,302.62,433,1220,1926,1926,1930,1925,1179,1872,1887,1897,2020,2020,2020,2018,2018,2018,2018,2137,2130,2134,2128,2975,2963,2972,3429,3421,3612,3735,3751,3729
3666,0.86831,0.86634,0.0499,0.05258,302.69,433,1220,1926,1926,1930,1925,1179,1872,1887,1897,2020,2020,2020,2018,2018,2018,2018,2137,2130,2134,2128,2975,2963,2972,3429,3421,3612,3735,3750,3729
3667,0.86831,0.86643,0.0499,0.05257,302.76,433,1221,1926,1926,1930,1925,1179,1872,1887,1897,2020,2020,2020,2018,2018,2018,2018,2137,2130,2134,2128,2975,2963,2972,3429,3421,3612,3735,3750,3729
3668,0.8683,0.86632,0.04991,0.05259,302.86,433,1221,1926,1926,1929,1925,1179,1872,1887,1897,2020,2020,2020,2018,2018,2018,2018,2137,2130,2134,2128,2975,2963,2972,3429,3421,3612,3735,3750,3729
3669,0.86829,0.86642,0.04991,0.05257,302.94,433,1222,1926,1926,1929,1925,1179,1872,1887,1897,2020,2020,2020,2018,2018,2018,2018,2137,2130,2134,2128,2975,2963,2972,3429,3421,3612,3735,3750,3729
3670,0.86826,0.86627,0.04991,0.0526,303.01,433,1222,1926,1926,1929,1925,1179,1873,1887,1897,2020,2020,2020,2018,2018,2018,2018,2137,2130,2134,2128,2975,2963,2972,3429,3421,3612,3735,3750,3729
3671,0.86823,0.86637,0.04992,0.05258,303.08,433,1223,1926,1926,1929,1925,1179,1873,1887,1897,2020,2020,2020,2018,2018,2018,2018,2137,2130,2134,2128,2975,2963,2972,3429,3421,3612,3735,3750,3729
3672,0.86818,0.86618,0.04993,0.05262,303.17,433,1224,1926,1926,1929,1925,1179,1873,1887,1897,2020,2020,2020,2018,2018,2018,2018,2137,2130,2134,2128,2975,2963,2972,3429,3421,3612,3735,3750,3729
3673,0.86814,0.86632,0.04993,0.05259,303.25,433,1224,1926,1926,1929,1925,1179,1873,1887,1897,2020,2020,2020,2018,2018,2018,2018,2137,2130,2134,2128,2975,2963,2972,3429,3421,3612,3735,3750,3729
3674,0.86807,0.86605,0.04995,0.05264,303.33,433,1225,1926,1926,1929,1925,1179,1873,1887,1897,2020,2020,2020,2018,2018,2018,2018,2137,2129,2134,2128,2975,2963,2972,3429,3421,3612,3735,3750,3729
3675,0.86802,0.86623,0.04996,0.05261,303.41,433,1225,1926,1926,1929,1925,1179,1873,1887,1897,2021,2020,2021,2018,2018,2018,2018,2137,2130,2134,2128,2975,2963,2972,3429,3421,3612,3735,3750,3729
3676,0.86795,0.86592,0.04997,0.05267,303.48,433,1226,1926,1926,1929,1925,1179,1873,1887,1897,2020,2020,2020,2018,2018,2018,2018,2137,2129,2134,2128,2975,2963,2972,3429,3421,3612,3735,3750,3729
3677,0.86792,0.86614,0.04998,0.05262,303.56,433,1226,1926,1926,1929,1925,1179,1873,1887,1897,2021,2020,2021,2018,2018,2018,2018,2137,2130,2134,2128,2975,2963,2972,3429,3421,3612,3736,3750,3729
3678,0.86789,0.86586,0.04998,0.05268,303.64,433,1227,1926,1926,1929,1925,1179,1873,1887,1897,2020,2020,2020,2018,2018,2018,2018,2137,2129,2134,2128,2975,2963,2972,3429,3420,3612,3735,3749,3729
3679,0.86793,0.86616,0.04997,0.05262,303.71,433,1227,1926,1926,1929,1925,1179,1873,1887,1897,2020,2020,2020,2018,2018,2018,2018,2137,2130,2134,2128,2975,2963,2972,3429,3421,3612,3736,3749,3729
3680,0.86798,0.86594,0.04996,0.05266,303.79,433,1228,1926,1926,1929,1925,1179,1873,1887,1897,2020,2020,2020,2018,2018,2018,2018,2137,2129,2134,2128,2975,2963,2972,3429,3420,3612,3736,3749,3729
3681,0.86811,0.86623,0.04994,0.05261,303.87,433,1228,1926,1926,1929,1925,1179,1873,1887,1897,2020,2020,2020,2018,2018,2018,2018,2137,2130,2134,2128,2975,2963,2972,3429,3421,3612,3736,3749,3729
3682,0.86822,0.86616,0.04992,0.05262,303.94,433,1229,1926,1926,1929,1925,1179,1873,1887,1897,2020,2020,2020,2018,2018,2018,2018,2137,2129,2134,2128,2975,2963,2972,3429,3421,3612,3736,3749,3729
3683,0.86833,0.86645,0.0499,0.05256,304.02,433,1229,1926,1926,1929,1925,1179,1873,1887,1897,2020,2020,2020,2018,2018,2018,2018,2137,2130,2134,2128,2975,2963,2972,3429,3421,3612,3736,3749,3729
3684,0.86839,0.86645,0.04989,0.05256,304.09,433,1230,1926,1926,1928,1925,1179,1874,1887,1897,2020,2020,2020,2018,2018,2018,2018,2137,2130,2134,2128,2975,2963,2972,3429,3421,3612,3736,3749,3729
3685,0.86843,0.86656,0.04988,0.05254,304.18,433,1231,1926,1926,1928,1925,1179,1874,1887,1898,2020,2020,2020,2018,2018,2018,2018,2137,2130,2134,2128,2975,2963,2972,3429,3421,3612,3736,3749,3729
3686,0.86844,0.86656,0.04988,0.05254,304.26,433,1231,1926,1926,1928,1925,1179,1874,1887,1898,2020,2020,2020,2018,2018,2018,2018,2137,2130,2134,2128,2975,2963,2972,3429,3421,3612,3736,3749,3729
3687,0.86844,0.86656,0.04988,0.05254,304.36,433,1232,1926,1926,1928,1925,1179,1874,1887,1898,2020,2020,2020,2018,2018,2018,2018,2137,2130,2134,2128,2975,2963,2972,3429,3421,3612,3736,3749,3729
3688,0.86843,0.86659,0.04988,0.05254,304.44,433,1232,1926,1926,1928,1925,1179,1874,1887,1898,2020,2020,2020,2018,2018,2018,2018,2137,2130,2134,2128,2975,2963,2972,3429,3421,3612,3736,3749,3729
3689,0.8684,0.86644,0.04989,0.05256,304.51,433,1233,1926,1926,1928,1925,1179,1874,1887,1898,2020,2020,2020,2018,2018,2018,2018,2137,2130,2134,2128,2975,2963,2972,3429,3421,3612,3736,3749,3729
3690,0.86836,0.86646,0.04989,0.05256,304.6,433,1233,1926,1926,1928,1925,1179,1874,1887,1898,2020,2020,2020,2018,2018,2018,2018,2137,2130,2134,2128,2975,2963,2972,3429,3421,3612,3736,3749,3729
3691,0.86831,0.8663,0.0499,0.05259,304.67,433,1234,1926,1926,1928,1925,1179,1874,1887,1898,2020,2020,2020,2018,2018,2018,2018,2137,2130,2134,2128,2975,2963,2972,3429,3421,3612,3736,3749,3729
3692,0.86827,0.86645,0.04991,0.05256,304.74,433,1234,1926,1926,1928,1925,1179,1874,1887,1898,2020,2020,2020,2018,2018,2018,2018,2137,2130,2134,2128,2976,2963,2972,3429,3421,3612,3736,3749,3729
3693,0.86822,0.86626,0.04992,0.0526,304.81,433,1235,1926,1926,1928,1925,1179,1875,1887,1898,2020,2020,2020,2018,2018,2018,2018,2137,2130,2134,2128,2975,2963,2972,3429,3421,3612,3736,3749,3729
3694,0.86819,0.86642,0.04993,0.05257,304.89,433,1235,1926,1926,1928,1925,1179,1875,1887,1898,2021,2020,2020,2018,2018,2018,2018,2137,2130,2134,2128,2976,2963,2972,3429,3421,3612,3736,3749,3729
3695,0.86813,0.86615,0.04994,0.05262,304.96,433,1236,1926,1926,1928,1925,1179,1875,1887,1898,2020,2020,2020,2018,2018,2018,2018,2137,2129,2134,2128,2975,2963,2972,3429,3421,3612,3736,3749,3729
3696,0.86808,0.86633,0.04994,0.05259,305.05,433,1236,1926,1926,1928,1925,1179,1875,1887,1898,2020,2020,2020,2018,2018,2018,2018,2137,2129,2134,2128,2976,2963,2972,3429,3421,3612,3736,3749,3729
3697,0.86802,0.86603,0.04996,0.05265,305.12,433,1237,1926,1926,1929,1925,1179,1875,1887,1898,2020,2020,2020,2018,2018,2018,2018,2137,2129,2134,2128,2975,2963,2972,3429,3420,3612,3736,3749,3729
3698,0.86801,0.86625,0.04996,0.0526,305.2,433,1238,1926,1926,1929,1925,1179,1875,1887,1898,2020,2020,2020,2018,2018,2018,2018,2137,2130,2134,2128,2976,2963,2972,3429,3420,3612,3736,3749,3729
3699,0.86803,0.86598,0.04996,0.05265,305.27,433,1238,1926,1926,1929,1925,1179,1875,1887,1898,2020,2020,2020,2018,2018,2018,2018,2137,2129,2134,2128,2975,2963,2972,3429,3420,3612,3736,3748,3729
3700,0.86813,0.86627,0.04994,0.0526,305.36,433,1239,1926,1926,1929,1925,1179,1875,1887,1898,2020,2020,2020,2018,2018,2018,2018,2137,2130,2134,2128,2975,2963,2972,3429,3421,3612,3736,3749,3729
3701,0.86826,0.86621,0.04991,0.05261,305.43,433,1239,1926,1926,1929,1925,1179,1875,1887,1898,2020,2020,2020,2018,2018,2018,2018,2137,2130,2134,2128,2975,2963,2972,3429,3420,3612,3736,3748,3729
3702,0.86839,0.86651,0.04989,0.05255,305.5,433,1240,1926,1926,1929,1925,1179,1875,1887,1898,2020,2020,2020,2018,2018,2018,2018,2137,2130,2134,2128,2975,2963,2972,3429,3421,3612,3736,3748,3729
3703,0.86847,0.86654,0.04987,0.05254,305.58,433,1240,1926,1926,1929,1925,1179,1876,1887,1898,2020,2020,2020,2018,2018,2018,2018,2137,2130,2134,2128,2975,2963,2972,3429,3421,3612,3736,3748,3729
3704,0.86851,0.86669,0.04986,0.05252,305.65,433,1241,1926,1926,1929,1925,1179,1876,1887,1899,2020,2020,2020,2018,2018,2018,2018,2137,2130,2134,2128,2975,2963,2972,3429,3421,3612,3736,3748,3729
3705,0.86852,0.8667,0.04986,0.05251,305.74,433,1241,1926,1926,1929,1925,1179,1876,1887,1899,2020,2020,2020,2018,2018,2018,2018,2137,2130,2134,2128,2975,2963,2972,3429,3421,3612,3736,3748,3729
3706,0.86851,0.86665,0.04986,0.05252,305.82,433,1242,1926,1926,1929,1925,1179,1876,1888,1899,2020,2020,2020,2018,2018,2018,2018,2137,2130,2134,2128,2975,2963,2972,3429,3421,3612,3736,3748,3729
3707,0.8685,0.86666,0.04987,0.05252,305.9,433,1242,1926,1926,1929,1925,1179,1876,1888,1899,2020,2020,2020,2018,2018,2018,2018,2137,2130,2134,2128,2975,2963,2972,3429,3421,3612,3736,3748,3729
3708,0.86846,0.8665,0.04987,0.05255,305.98,433,1243,1926,1926,1929,1925,1179,1876,1888,1899,2020,2020,2020,2018,2018,2018,2018,2137,2130,2134,2128,2975,2963,2972,3429,3421,3612,3736,3748,3729
3709,0.86842,0.86655,0.04988,0.05254,306.06,433,1243,1926,1926,1929,1925,1179,1876,1888,1899,2020,2020,2020,2018,2018,2018,2018,2137,2130,2134,2128,2975,2963,2972,3429,3421,3612,3736,3748,3729
3710,0.86838,0.86637,0.04989,0.05258,306.12,433,1244,1926,1926,1929,1925,1179,1876,1888,1899,2020,2020,2020,2018,2018,2018,2018,2137,2130,2134,2128,2975,2963,2972,3429,3421,3612,3736,3748,3729
3711,0.86836,0.86652,0.04989,0.05255,306.2,433,1244,1926,1926,1929,1925,1179,1876,1888,1899,2020,2020,2020,2018,2018,2018,2018,2137,2130,2134,2128,2975,2963,2972,3429,3421,3612,3736,3748,3729
3712,0.86833,0.86638,0.0499,0.05258,306.27,433,1245,1926,1926,1929,1925,1179,1876,1888,1899,2020,2020,2020,2018,2018,2018,2018,2137,2130,2134,2128,2975,2963,2972,3429,3421,3612,3736,3748,3729
3713,0.86831,0.86656,0.0499,0.05254,306.34,433,1246,1926,1926,1929,1925,1179,1876,1888,1899,2021,2020,2020,2018,2018,2018,2018,2137,2130,2134,2128,2975,2963,2972,3429,3421,3612,3736,3748,3729
3714,0.86826,0.86632,0.04991,0.05259,306.41,433,1246,1926,1926,1929,1925,1179,1876,1888,1899,2020,2020,2020,2018,2018,2018,2018,2137,2129,2134,2128,2975,2963,2972,3429,3420,3612,3736,3748,3729
3715,0.86822,0.86646,0.04992,0.05256,306.49,433,1247,1926,1926,1929,1925,1179,1876,1888,1899,2021,2020,2021,2018,2018,2018,2018,2137,2130,2134,2128,2975,2963,2972,3429,3420,3612,3736,3748,3729
3716,0.86817,0.86618,0.04993,0.05262,306.57,433,1247,1926,1926,1928,1925,1179,1876,1888,1899,2020,2020,2020,2018,2018,2018,2018,2137,2129,2134,2128,2975,2963,2972,3429,3420,3612,3736,3748,3729
3717,0.86819,0.86636,0.04992,0.05258,306.64,433,1248,1926,1926,1928,1925,1179,1876,1888,1899,2020,2020,2020,2018,2018,2018,2018,2137,2130,2134,2128,2975,2963,2972,3429,3420,3612,3736,3748,3729
3718,0.86824,0.86619,0.04991,0.05261,306.73,433,1248,1926,1926,1928,1925,1179,1876,1889,1900,2020,2020,2020,2018,2018,2018,2018,2137,2130,2134,2128,2975,2963,2972,3429,3420,3612,3736,3748,3729
3719,0.86835,0.86648,0.04989,0.05256,306.81,433,1249,1926,1926,1928,1925,1179,1876,1889,1900,2020,2020,2020,2018,2018,2018,2018,2137,2130,2134,2128,2975,2963,2972,3429,3421,3612,3736,3748,3729
3720,0.86844,0.86647,0.04988,0.05256,306.89,433,1249,1926,1926,1928,1925,1179,1877,1889,1900,2020,2020,2020,2018,2018,2018,2018,2137,2130,2134,2128,2975,2963,2972,3429,3421,3612,3736,3747,3729
3721,0.86851,0.86672,0.04986,0.05251,306.97,433,1250,1926,1926,1928,1925,1179,1877,1889,1900,2020,2020,2020,2018,2018,2018,2018,2137,2130,2134,2128,2975,2963,2972,3429,3421,3612,3736,3747,3729
3722,0.86856,0.8667,0.04986,0.05251,307.04,433,1250,1926,1926,1928,1925,1179,1877,1889,1900,2020,2020,2020,2018,2018,2018,2018,2137,2130,2134,2128,2975,2963,2972,3429,3421,3612,3736,3747,3729
3723,0.86858,0.86676,0.04985,0.0525,307.12,433,1251,1926,1926,1928,1925,1179,1877,1889,1900,2020,2020,2020,2018,2018,2018,2018,2137,2130,2134,2128,2975,2963,2972,3429,3421,3612,3736,3747,3729
3724,0.86859,0.86676,0.04985,0.0525,307.2,433,1251,1926,1926,1929,1925,1179,1877,1889,1900,2020,2020,2020,2018,2018,2018,2018,2137,2130,2134,2128,2975,2963,2972,3429,3421,3612,3736,3747,3729
3725,0.8686,0.86675,0.04985,0.0525,307.28,433,1252,1926,1926,1929,1925,1179,1877,1889,1900,2020,2020,2020,2018,2018,2018,2018,2137,2130,2134,2128,2975,2963,2972,3429,3421,3612,3736,3747,3729
3726,0.86859,0.86676,0.04985,0.0525,307.36,433,1252,1926,1926,1929,1925,1179,1877,1889,1900,2020,2020,2020,2018,2018,2018,2018,2137,2130,2134,2128,2975,2963,2972,3429,3421,3612,3736,3747,3729
3727,0.86858,0.86667,0.04985,0.05252,307.43,433,1253,1926,1926,1929,1925,1179,1877,1890,1900,2020,2020,2020,2018,2018,2018,2018,2137,2130,2134,2128,2975,2963,2972,3429,3421,3612,3736,3747,3729
3728,0.86857,0.86671,0.04985,0.05251,307.52,433,1254,1926,1926,1929,1925,1179,1877,1890,1900,2020,2020,2020,2018,2018,2018,2018,2137,2130,2134,2128,2975,2963,2972,3429,3421,3612,3736,3747,3729
3729,0.86853,0.86662,0.04986,0.05253,307.6,433,1254,1926,1926,1929,1925,1179,1877,1890,1900,2020,2020,2020,2018,2018,2018,2018,2137,2130,2134,2128,2975,2963,2972,3429,3421,3612,3736,3747,3729
3730,0.8685,0.86674,0.04987,0.05251,307.67,433,1255,1926,1926,1929,1925,1179,1877,1890,1900,2020,2020,2020,2018,2018,2018,2018,2137,2130,2134,2128,2975,2963,2972,3429,3421,3612,3736,3747,3729
3731,0.86843,0.86655,0.04988,0.05254,307.74,433,1255,1926,1926,1929,1925,1179,1877,1890,1901,2020,2020,2020,2018,2018,2018,2018,2137,2130,2134,2128,2975,2963,2972,3429,3421,3612,3736,3747,3729
3732,0.86837,0.86664,0.04989,0.05253,307.83,433,1256,1926,1926,1929,1925,1179,1877,1890,1901,2020,2020,2020,2018,2018,2018,2018,2137,2130,2134,2128,2975,2963,2972,3429,3421,3612,3736,3747,3729
3733,0.86827,0.86631,0.04991,0.05259,307.91,433,1256,1926,1926,1929,1925,1179,1878,1890,1901,2020,2020,2020,2018,2018,2018,2018,2137,2129,2134,2128,2975,2963,2972,3429,3421,3612,3736,3747,3729
3734,0.86821,0.86642,0.04992,0.05257,307.99,433,1257,1926,1926,1929,1925,1179,1877,1890,1901,2020,2020,2020,2018,2018,2018,2018,2137,2130,2134,2128,2975,2963,2972,3429,3421,3612,3736,3747,3729
3735,0.86815,0.86613,0.04993,0.05263,308.07,433,1257,1926,1926,1929,1925,1179,1878,1890,1901,2020,2020,2020,2018,2018,2018,2018,2137,2129,2134,2128,2975,2963,2972,3429,3420,3612,3736,3747,3729
3736,0.86817,0.86638,0.04993,0.05258,308.16,433,1258,1926,1926,1929,1925,1179,1878,1890,1901,2020,2020,2020,2018,2018,2018,2018,2137,2130,2134,2128,2975,2963,2972,3429,3421,3612,3736,3747,3729
3737,0.8682,0.86619,0.04992,0.05261,308.24,433,1258,1926,1926,1929,1925,1179,1878,1890,1901,2020,2020,2020,2018,2018,2018,2018,2137,2129,2134,2128,2975,2963,2972,3429,3420,3612,3736,3747,3729
3738,0.86829,0.8665,0.04991,0.05255,308.31,433,1259,1926,1926,1929,1925,1179,1878,1890,1901,2020,2020,2020,2018,2018,2018,2018,2137,2130,2134,2128,2975,2963,2972,3429,3421,3612,3736,3747,3729
3739,0.86837,0.8664,0.04989,0.05257,308.4,433,1259,1926,1926,1929,1925,1179,1878,1890,1901,2020,2020,2020,2018,2018,2018,2018,2137,2130,2134,2128,2975,2963,2972,3429,3421,3612,3736,3747,3729
3740,0.86849,0.86669,0.04987,0.05252,308.47,433,1260,1926,1926,1929,1925,1179,1878,1890,1902,2020,2020,2020,2018,2018,2018,2018,2137,2130,2134,2128,2975,2963,2972,3429,3421,3612,3736,3747,3729
3741,0.86857,0.86672,0.04985,0.05251,308.55,433,1260,1926,1926,1929,1925,1179,1878,1890,1902,2020,2020,2020,2018,2018,2018,2018,2137,2130,2134,2128,2975,2963,2972,3429,3421,3612,3736,3747,3729
3742,0.86863,0.8669,0.04984,0.05247,308.62,433,1261,1926,1926,1929,1925,1179,1878,1890,1902,2020,2020,2020,2018,2018,2018,2018,2137,2130,2134,2128,2975,2963,2972,3429,3421,3612,3736,3747,3729
3743,0.86867,0.86683,0.04983,0.05249,308.68,433,1262,1926,1926,1929,1925,1179,1878,1890,1902,2020,2020,2020,2018,2018,2018,2018,2137,2130,2134,2128,2975,2963,2972,3429,3421,3612,3736,3747,3729
3744,0.86868,0.86682,0.04983,0.05249,308.77,433,1262,1926,1926,1929,1925,1179,1878,1890,1902,2020,2020,2020,2018,2018,2018,2018,2137,2130,2134,2128,2975,2963,2972,3429,3421,3612,3736,3747,3729
3745,0.86868,0.86685,0.04983,0.05248,308.85,433,1263,1926,1926,1929,1925,1179,1878,1890,1902,2020,2020,2020,2018,2018,2018,2018,2137,2130,2134,2128,2975,2963,2972,3429,3421,3612,3736,3747,3729
3746,0.86867,0.86682,0.04983,0.05249,308.93,433,1263,1926,1926,1929,1925,1179,1878,1890,1902,2020,2020,2020,2018,2018,2018,2018,2137,2130,2134,2128,2975,2963,2972,3429,3421,3612,3737,3747,3729
3747,0.86865,0.86686,0.04984,0.05248,309.02,433,1264,1926,1926,1929,1925,1179,1878,1890,1902,2020,2020,2020,2018,2018,2018,2018,2137,2130,2134,2128,2975,2963,2972,3429,3421,3612,3737,3747,3729
3748,0.86861,0.8667,0.04984,0.05251,309.11,433,1264,1926,1926,1929,1925,1179,1878,1890,1902,2020,2020,2020,2018,2018,2018,2018,2137,2130,2134,2128,2975,2963,2972,3429,3421,3612,3737,3747,3729
3749,0.86859,0.86677,0.04985,0.0525,309.2,433,1265,1926,1926,1929,1925,1179,1878,1890,1902,2020,2020,2020,2018,2018,2018,2018,2137,2130,2134,2128,2975,2963,2972,3429,3421,3612,3737,3747,3729
3750,0.86855,0.86664,0.04986,0.05252,309.29,433,1265,1926,1926,1929,1925,1179,1878,1891,1902,2020,2020,2020,2018,2018,2018,2018,2137,2130,2134,2128,2975,2963,2972,3429,3421,3612,3737,3747,3729
3751,0.86852,0.86681,0.04986,0.05249,309.37,433,1266,1926,1926,1929,1925,1179,1878,1891,1902,2020,2020,2020,2018,2018,2018,2018,2137,2130,2134,2128,2975,2963,2972,3429,3421,3612,3737,3747,3729
3752,0.86846,0.86657,0.04987,0.05254,309.46,433,1266,1926,1926,1929,1925,1179,1878,1891,1902,2020,2020,2020,2018,2018,2018,2018,2137,2130,2134,2128,2975,2963,2972,3429,3421,3612,3737,3747,3729
3753,0.86842,0.86669,0.04988,0.05251,309.55,433,1267,1926,1926,1929,1925,1179,1878,1891,1902,2020,2020,2020,2018,2018,2018,2018,2137,2130,2134,2128,2975,2963,2972,3429,3421,3612,3737,3747,3729
3754,0.86834,0.86639,0.0499,0.05257,309.64,433,1267,1926,1926,1929,1925,1179,1878,1891,1902,2020,2020,2020,2018,2018,2018,2018,2137,2129,2134,2128,2975,2963,2972,3429,3420,3612,3737,3747,3729
3755,0.86832,0.86657,0.0499,0.05254,309.72,433,1268,1926,1926,1929,1925,1179,1878,1891,1901,2020,2020,2020,2018,2018,2018,2018,2137,2130,2134,2128,2975,2963,2972,3429,3421,3612,3737,3747,3729
3756,0.86829,0.86633,0.04991,0.05259,309.81,433,1269,1926,1926,1929,1925,1179,1878,1891,1901,2020,2020,2020,2018,2018,2018,2018,2137,2129,2134,2128,2975,2963,2972,3429,3420,3612,3737,3747,3729
3757,0.86835,0.8666,0.0499,0.05253,309.89,433,1269,1926,1926,1929,1925,1179,1878,1891,1901,2020,2020,2020,2018,2018,2018,2018,2137,2130,2134,2128,2975,2963,2972,3429,3421,3612,3737,3747,3729
3758,0.86843,0.86648,0.04988,0.05256,309.98,433,1270,1926,1926,1929,1925,1179,1878,1891,1901,2020,2020,2020,2018,2018,2018,2018,2137,2130,2134,2128,2975,2963,2972,3429,3420,3612,3737,3747,3729
3759,0.86856,0.86677,0.04985,0.0525,310.07,433,1270,1926,1926,1929,1925,1179,1878,1891,1901,2020,2020,2020,2018,2018,2018,2018,2137,2130,2134,2128,2975,2963,2972,3429,3421,3612,3737,3747,3729
3760,0.86867,0.8668,0.04983,0.05249,310.15,433,1271,1926,1926,1929,1925,1179,1878,1891,1901,2020,2020,2020,2018,2018,2018,2018,2137,2130,2134,2128,2975,2963,2972,3429,3421,3612,3737,3747,3729
3761,0.86874,0.867,0.04982,0.05246,310.24,433,1271,1926,1926,1929,1925,1179,1878,1891,1901,2020,2020,2020,2018,2018,2018,2018,2137,2130,2134,2128,2975,2963,2972,3429,3421,3612,3737,3747,3729
3762,0.86877,0.86701,0.04982,0.05245,310.34,433,1272,1926,1926,1929,1925,1179,1878,1891,1901,2020,2020,2020,2018,2018,2018,2018,2137,2130,2134,2128,2975,2963,2972,3429,3421,3612,3737,3747,3729
3763,0.86876,0.86698,0.04982,0.05246,310.41,433,1272,1926,1926,1929,1925,1179,1878,1891,1901,2020,2020,2020,2018,2018,2018,2018,2137,2130,2134,2128,2975,2963,2972,3429,3421,3612,3737,3747,3729
3764,0.86874,0.867,0.04982,0.05245,310.5,433,1273,1926,1926,1929,1925,1179,1878,1891,1901,2020,2020,2020,2018,2018,2018,2018,2137,2130,2134,2128,2975,2963,2972,3429,3421,3612,3737,3747,3729
3765,0.86868,0.86683,0.04983,0.05249,310.59,433,1273,1926,1926,1929,1925,1179,1878,1891,1901,2020,2020,2020,2018,2018,2018,2018,2137,2130,2134,2128,2975,2963,2972,3429,3421,3612,3737,3747,3729
3766,0.86861,0.86689,0.04984,0.05248,310.67,433,1274,1926,1926,1929,1925,1179,1878,1891,1901,2020,2020,2020,2018,2018,2018,2018,2137,2130,2134,2128,2975,2963,2972,3429,3421,3612,3737,3747,3729
3767,0.86854,0.86665,0.04986,0.05252,310.75,433,1274,1926,1926,1929,1925,1179,1878,1891,1901,2020,2020,2020,2018,2018,2018,2018,2137,2130,2134,2128,2975,2963,2972,3429,3421,3612,3737,3747,3729
3768,0.86851,0.86676,0.04986,0.0525,310.85,434,1275,1926,1926,1929,1925,1179,1878,1891,1901,2020,2020,2020,2018,2018,2018,2018,2137,2130,2134,2128,2975,2963,2972,3429,3421,3612,3737,3747,3729
3769,0.86849,0.86655,0.04987,0.05254,310.93,433,1275,1926,1926,1929,1925,1179,1878,1892,1901,2020,2020,2020,2018,2018,2018,2018,2137,2130,2134,2128,2975,2963,2972,3429,3421,3612,3737,3747,3729
3770,0.86851,0.86677,0.04986,0.0525,311.02,434,1276,1926,1926,1929,1925,1179,1878,1892,1901,2020,2020,2020,2018,2018,2018,2018,2137,2130,2134,2128,2975,2963,2972,3429,3421,3612,3737,3747,3729
3771,0.86853,0.86663,0.04986,0.05253,311.11,433,1277,1926,1926,1929,1925,1179,1878,1892,1901,2020,2020,2020,2018,2018,2018,2018,2137,2129,2134,2128,2975,2963,2972,3429,3420,3612,3737,3747,3729
3772,0.86858,0.86684,0.04985,0.05249,311.2,434,1277,1926,1926,1929,1925,1179,1878,1892,1901,2021,2020,2021,2018,2018,2018,2018,2137,2130,2134,2128,2975,2963,2972,3429,3421,3612,3737,3747,3729
3773,0.86861,0.86672,0.04985,0.05251,311.3,433,1278,1926,1926,1929,1925,1179,1878,1892,1901,2020,2020,2020,2018,2018,2018,2018,2137,2130,2134,2128,2975,2963,2972,3429,3420,3612,3737,3747,3729
3774,0.86867,0.8669,0.04983,0.05247,311.38,434,1278,1926,1926,1929,1925,1179,1878,1892,1901,2020,2020,2020,2018,2018,2018,2018,2137,2130,2134,2128,2975,2963,2972,3429,3421,3612,3737,3747,3729
3775,0.86871,0.86685,0.04983,0.05248,311.47,433,1279,1926,1926,1929,1925,1179,1878,1892,1901,2020,2020,2020,2018,2018,2018,2018,2137,2130,2134,2128,2975,2963,2972,3429,3420,3612,3737,3747,3729
3776,0.86876,0.86703,0.04982,0.05245,311.56,434,1279,1926,1926,1929,1925,1179,1878,1892,1901,2020,2020,2020,2018,2018,2018,2018,2137,2130,2134,2128,2975,2963,2972,3429,3421,3612,3737,3747,3729
3777,0.86879,0.86699,0.04981,0.05246,311.64,434,1280,1926,1926,1929,1925,1179,1878,1892,1901,2020,2020,2020,2018,2018,2018,2018,2137,2130,2134,2128,2975,2963,2972,3429,3421,3612,3737,3747,3729
3778,0.86881,0.86702,0.04981,0.05245,311.74,434,1280,1926,1926,1929,1925,1179,1878,1892,1901,2020,2020,2020,2018,2018,2018,2018,2137,2130,2134,2128,2975,2963,2972,3429,3421,3612,3737,3747,3729
3779,0.86882,0.86697,0.0498,0.05246,311.83,434,1281,1926,1926,1929,1925,1179,1878,1892,1901,2020,2020,2020,2018,2018,2018,2018,2137,2130,2134,2128,2975,2963,2972,3429,3421,3612,3737,3747,3729
3780,0.86883,0.86705,0.0498,0.05244,311.92,434,1281,1926,1926,1929,1925,1179,1878,1892,1901,2020,2020,2020,2018,2018,2018,2018,2137,2130,2134,2128,2975,2963,2972,3429,3421,3612,3737,3747,3729
3781,0.86884,0.86706,0.0498,0.05244,312.0,434,1282,1926,1926,1929,1925,1179,1878,1892,1901,2020,2020,2020,2018,2018,2018,2018,2137,2130,2134,2128,2975,2963,2972,3429,3421,3612,3737,3747,3729
3782,0.86885,0.86706,0.0498,0.05244,312.08,434,1282,1926,1926,1929,1925,1179,1878,1892,1901,2020,2020,2020,2018,2018,2018,2018,2137,2130,2134,2128,2975,2963,2972,3429,3421,3612,3737,3747,3729
3783,0.86885,0.86703,0.0498,0.05245,312.16,434,1283,1926,1926,1929,1925,1179,1878,1892,1901,2020,2020,2020,2018,2018,2018,2018,2137,2130,2134,2128,2975,2963,2972,3429,3421,3612,3737,3747,3729
3784,0.86885,0.86706,0.0498,0.05244,312.24,434,1284,1926,1926,1929,1925,1179,1878,1892,1901,2020,2020,2020,2018,2018,2018,2018,2137,2130,2134,2128,2975,2963,2972,3429,3421,3612,3737,3747,3729
3785,0.86886,0.86708,0.0498,0.05244,312.32,434,1284,1926,1926,1929,1925,1179,1878,1892,1901,2020,2020,2020,2018,2018,2018,2018,2137,2130,2134,2128,2975,2963,2972,3429,3421,3612,3737,3747,3729
3786,0.86886,0.86709,0.0498,0.05244,312.41,434,1285,1926,1926,1929,1925,1179,1878,1892,1901,2020,2020,2020,2018,2018,2018,2018,2137,2130,2134,2128,2975,2963,2972,3429,3421,3612,3737,3747,3729
3787,0.86887,0.86707,0.0498,0.05244,312.5,434,1285,1926,1926,1929,1925,1179,1878,1892,1901,2020,2020,2020,2018,2018,2018,2018,2137,2130,2134,2128,2975,2963,2972,3429,3421,3612,3737,3747,3729
3788,0.86887,0.86707,0.0498,0.05244,312.58,434,1286,1926,1926,1929,1925,1179,1878,1892,1901,2020,2020,2020,2018,2018,2018,2018,2137,2130,2134,2128,2975,2963,2972,3429,3421,3612,3737,3747,3729
3789,0.86887,0.86708,0.0498,0.05244,312.68,434,1286,1926,1926,1929,1925,1179,1878,1892,1901,2020,2020,2020,2018,2018,2018,2018,2137,2130,2134,2128,2975,2963,2972,3429,3421,3612,3737,3747,3729
3790,0.86888,0.86712,0.0498,0.05243,312.76,434,1287,1926,1926,1929,1925,1179,1878,1893,1901,2020,2020,2020,2018,2018,2018,2018,2137,2130,2134,2128,2975,2963,2972,3429,3421,3612,3737,3747,3729
3791,0.86888,0.8671,0.04979,0.05243,312.84,434,1287,1926,1926,1929,1925,1179,1878,1893,1901,2020,2020,2020,2018,2018,2018,2018,2137,2130,2134,2128,2975,2963,2972,3429,3421,3612,3737,3747,3729
3792,0.86888,0.8671,0.04979,0.05243,312.92,434,1288,1926,1926,1929,1925,1179,1878,1893,1901,2020,2020,2020,2018,2018,2018,2018,2137,2130,2134,2128,2975,2963,2972,3429,3421,3612,3737,3747,3729
3793,0.86888,0.86708,0.04979,0.05244,313.01,434,1288,1926,1926,1929,1925,1179,1878,1893,1901,2020,2020,2020,2018,2018,2018,2018,2137,2130,2134,2128,2975,2963,2972,3429,3421,3612,3737,3747,3729
3794,0.86888,0.86715,0.04979,0.05242,313.1,434,1289,1926,1926,1929,1925,1179,1878,1893,1901,2020,2020,2020,2018,2018,2018,2018,2137,2130,2134,2128,2975,2963,2972,3429,3421,3612,3737,3747,3729
3795,0.86887,0.8671,0.0498,0.05244,313.18,434,1289,1926,1926,1929,1925,1179,1878,1893,1901,2020,2020,2020,2018,2018,2018,2018,2137,2130,2134,2128,2975,2963,2972,3429,3421,3612,3737,3747,3729
3796,0.86885,0.86712,0.0498,0.05243,313.27,434,1290,1926,1926,1929,1925,1179,1878,1893,1901,2020,2020,2020,2018,2018,2018,2018,2137,2130,2134,2128,2975,2963,2972,3429,3421,3612,3737,3747,3729
3797,0.8688,0.86693,0.04981,0.05247,313.35,434,1290,1926,1926,1929,1925,1179,1878,1893,1901,2020,2020,2020,2018,2018,2018,2018,2137,2130,2134,2128,2975,2963,2972,3429,3421,3612,3737,3747,3729
3798,0.86874,0.86699,0.04982,0.05246,313.44,434,1291,1926,1926,1929,1925,1179,1878,1893,1901,2020,2020,2020,2018,2018,2018,2018,2137,2130,2134,2128,2975,2963,2972,3429,3421,3612,3737,3747,3729
3799,0.86865,0.86677,0.04984,0.0525,313.53,434,1292,1926,1926,1929,1925,1179,1878,1893,1901,2020,2020,2020,2018,2018,2018,2018,2137,2130,2134,2128,2975,2963,2972,3429,3421,3612,3737,3747,3729
3800,0.86854,0.86688,0.04986,0.05248,313.61,434,1292,1926,1926,1929,1925,1179,1878,1893,1901,2020,2020,2020,2018,2018,2018,2018,2137,2130,2134,2128,2975,2964,2972,3429,3421,3612,3737,3747,3729
3801,0.86839,0.86649,0.04989,0.05255,313.7,434,1293,1926,1926,1929,1925,1179,1878,1893,1901,2020,2020,2020,2018,2018,2018,2018,2137,2130,2134,2128,2975,2963,2972,3429,3421,3612,3737,3747,3729
3802,0.86822,0.86659,0.04992,0.05253,313.78,434,1293,1926,1926,1929,1925,1179,1878,1893,1901,2020,2020,2020,2018,2018,2018,2018,2137,2130,2134,2128,2975,2964,2972,3429,3421,3612,3737,3747,3729
3803,0.86796,0.86606,0.04997,0.05264,313.87,434,1294,1926,1926,1929,1925,1179,1878,1893,1901,2020,2020,2020,2018,2018,2018,2018,2137,2129,2134,2128,2975,2963,2972,3429,3420,3612,3737,3747,3729
3804,0.86776,0.86625,0.05001,0.0526,313.95,434,1294,1926,1926,1929,1925,1179,1878,1893,1901,2021,2020,2021,2018,2018,2018,2018,2137,2129,2134,2128,2975,2964,2972,3429,3421,3612,3737,3747,3729
3805,0.86759,0.86569,0.05004,0.05271,314.04,434,1295,1926,1926,1929,1925,1179,1878,1893,1901,2020,2020,2020,2018,2018,2018,2018,2137,2129,2134,2128,2975,2963,2972,3429,3420,3612,3737,3747,3729
3806,0.86769,0.86616,0.05002,0.05262,314.12,434,1295,1926,1926,1929,1925,1179,1878,1893,1901,2021,2020,2021,2018,2018,2018,2018,2137,2129,2134,2128,2975,2964,2972,3429,3420,3612,3737,3747,3729
3807,0.86794,0.866,0.04997,0.05265,314.22,434,1296,1926,1926,1929,1925,1179,1878,1893,1901,2020,2020,2020,2018,2018,2017,2018,2137,2129,2134,2128,2975,2963,2972,3429,3420,3612,3737,3747,3729
3808,0.86837,0.86673,0.04989,0.05251,314.32,434,1296,1926,1926,1929,1925,1179,1878,1893,1901,2020,2020,2020,2018,2018,2018,2018,2137,2130,2134,2128,2975,2964,2972,3429,3420,3612,3737,3747,3729
3809,0.86873,0.8669,0.04982,0.05247,314.41,434,1297,1926,1926,1929,1925,1179,1878,1893,1901,2020,2020,2020,2018,2018,2017,2018,2137,2130,2134,2128,2975,2963,2972,3429,3420,3612,3737,3747,3729
3810,0.86893,0.86721,0.04978,0.05241,314.48,434,1297,1926,1926,1929,1925,1179,1878,1893,1902,2020,2020,2020,2018,2018,2017,2018,2137,2130,2134,2128,2975,2964,2972,3429,3420,3612,3737,3747,3729
3811,0.86891,0.86722,0.04979,0.05241,314.57,434,1298,1926,1926,1929,1925,1179,1878,1893,1902,2020,2020,2020,2018,2018,2017,2018,2137,2130,2134,2128,2975,2964,2972,3429,3421,3612,3737,3747,3729
3812,0.86872,0.86694,0.04982,0.05247,314.66,434,1299,1926,1926,1929,1925,1179,1878,1893,1902,2020,2020,2020,2018,2017,2017,2018,2137,2130,2134,2128,2975,2964,2972,3429,3421,3612,3737,3747,3729
3813,0.86844,0.86692,0.04988,0.05247,314.74,434,1299,1926,1926,1929,1925,1179,1878,1893,1902,2020,2020,2020,2018,2018,2017,2018,2137,2130,2134,2128,2975,2964,2972,3429,3421,3612,3737,3747,3729
3814,0.8681,0.86629,0.04994,0.05259,314.83,434,1300,1926,1926,1929,1925,1179,1878,1893,1902,2020,2020,2020,2018,2017,2017,2018,2137,2130,2133,2128,2975,2963,2972,3429,3421,3612,3737,3747,3729
3815,0.8679,0.86642,0.04998,0.05257,314.92,434,1300,1926,1926,1929,1925,1179,1878,1893,1901,2021,2020,2021,2018,2018,2018,2018,2137,2130,2134,2128,2975,2964,2972,3429,3421,3612,3737,3747,3729
3816,0.86793,0.86602,0.04997,0.05265,315.01,434,1301,1926,1926,1929,1925,1179,1878,1893,1902,2020,2020,2020,2018,2018,2017,2018,2137,2129,2133,2128,2975,2963,2972,3429,3420,3612,3737,3747,3729
3817,0.8683,0.86666,0.0499,0.05252,315.09,434,1301,1926,1926,1928,1925,1179,1878,1893,1901,2021,2020,2021,2018,2018,2018,2018,2137,2129,2134,2128,2975,2964,2972,3429,3420,3612,3737,3747,3729
3818,0.86873,0.86682,0.04982,0.05249,315.18,434,1302,1926,1926,1929,1925,1179,1878,1893,1901,2020,2020,2020,2018,2018,2017,2018,2137,2129,2134,2128,2975,2964,2972,3429,3420,3612,3737,3747,3729
3819,0.86896,0.86717,0.04978,0.05242,315.27,434,1302,1926,1926,1929,1925,1179,1878,1893,1901,2020,2020,2020,2018,2018,2018,2018,2137,2129,2134,2128,2975,2964,2972,3429,3420,3612,3737,3747,3729
3820,0.86887,0.86719,0.0498,0.05242,315.36,434,1303,1926,1926,1929,1925,1179,1878,1893,1901,2020,2020,2020,2018,2018,2018,2018,2137,2130,2134,2128,2975,2964,2972,3429,3420,3612,3737,3747,3729
3821,0.86858,0.86681,0.04985,0.05249,315.45,434,1303,1926,1926,1929,1925,1179,1878,1893,1901,2020,2020,2020,2018,2018,2018,2018,2137,2130,2134,2128,2975,2964,2972,3429,3420,3612,3737,3747,3729
3822,0.86827,0.86682,0.04991,0.05249,315.54,434,1304,1926,1926,1929,1925,1179,1878,1893,1901,2020,2020,2020,2018,2018,2018,2018,2137,2130,2134,2128,2975,2964,2972,3429,3420,3612,3737,3747,3729
3823,0.86797,0.86621,0.04997,0.05261,315.63,434,1304,1926,1926,1929,1925,1179,1878,1893,1901,2020,2020,2020,2018,2018,2018,2018,2137,2130,2134,2128,2975,2964,2972,3429,3420,3612,3737,3747,3729
3824,0.86793,0.86648,0.04997,0.05256,315.71,434,1305,1926,1926,1929,1925,1179,1878,1893,1901,2021,2020,2020,2018,2018,2018,2018,2137,2130,2134,2128,2975,2964,2972,3429,3421,3612,3737,3747,3729
3825,0.86812,0.86623,0.04994,0.05261,315.8,434,1306,1926,1926,1929,1925,1179,1878,1893,1901,2020,2020,2020,2018,2018,2018,2018,2137,2129,2134,2128,2975,2964,2972,3429,3420,3612,3737,3747,3729
3826,0.86857,0.86689,0.04985,0.05248,315.88,434,1306,1926,1926,1928,1925,1179,1878,1892,1901,2021,2020,2021,2018,2018,2018,2018,2137,2129,2134,2128,2975,2964,2972,3429,3421,3612,3737,3747,3729
3827,0.86892,0.86706,0.04979,0.05244,315.97,434,1307,1926,1926,1929,1925,1179,1878,1892,1901,2021,2020,2021,2018,2018,2018,2018,2137,2129,2134,2128,2975,2964,2972,3429,3421,3612,3737,3747,3729
3828,0.86893,0.86708,0.04978,0.05244,316.06,434,1307,1926,1926,1929,1925,1179,1878,1892,1901,2020,2020,2020,2018,2018,2018,2018,2137,2129,2134,2128,2975,2964,2972,3429,3421,3612,3737,3747,3729
3829,0.86866,0.867,0.04984,0.05245,316.15,434,1308,1926,1926,1929,1925,1179,1878,1892,1901,2020,2020,2020,2018,2018,2018,2018,2137,2129,2134,2128,2975,2964,2972,3429,3421,3612,3737,3747,3729
3830,0.86835,0.86652,0.04989,0.05255,316.23,434,1308,1926,1926,1929,1925,1179,1878,1892,1901,2020,2020,2020,2018,2018,2018,2018,2137,2130,2134,2128,2975,2964,2972,3429,3421,3612,3737,3747,3729
3831,0.8682,0.86677,0.04992,0.0525,316.32,434,1309,1926,1926,1929,1925,1179,1878,1892,1901,2020,2020,2020,2018,2018,2018,2018,2137,2130,2134,2128,2975,2964,2972,3429,3421,3612,3737,3747,3729
3832,0.8682,0.86647,0.04992,0.05256,316.41,434,1309,1926,1926,1929,1925,1179,1878,1892,1901,2020,2020,2020,2018,2018,2018,2018,2137,2130,2134,2128,2975,2964,2972,3429,3420,3612,3737,3747,3729
3833,0.86846,0.86697,0.04987,0.05246,316.5,434,1310,1926,1926,1929,1925,1179,1878,1892,1901,2021,2020,2020,2018,2018,2018,2018,2137,2130,2134,2128,2975,2964,2972,3429,3420,3612,3737,3747,3729
3834,0.86879,0.86699,0.04981,0.05246,316.59,434,1310,1926,1926,1929,1925,1179,1878,1892,1901,2020,2020,2020,2018,2018,2018,2018,2137,2129,2134,2128,2975,2964,2972,3429,3420,3612,3737,3747,3729
3835,0.869,0.86722,0.04977,0.05241,316.67,434,1311,1926,1926,1928,1925,1179,1878,1892,1901,2020,2020,2020,2018,2018,2018,2018,2137,2129,2134,2128,2975,2964,2972,3429,3420,3612,3737,3747,3729
3836,0.86896,0.86719,0.04978,0.05242,316.75,434,1311,1926,1926,1928,1925,1179,1878,1892,1901,2020,2020,2020,2018,2018,2018,2018,2137,2129,2134,2128,2975,2964,2972,3429,3420,3612,3737,3747,3729
3837,0.86879,0.86691,0.04981,0.05247,316.84,434,1312,1926,1926,1929,1925,1179,1878,1892,1901,2020,2020,2020,2018,2018,2018,2018,2137,2129,2134,2128,2975,2964,2972,3429,3420,3612,3737,3747,3729
3838,0.86868,0.86702,0.04983,0.05245,316.94,434,1312,1926,1926,1929,1925,1179,1878,1892,1901,2020,2020,2020,2018,2018,2018,2018,2137,2129,2134,2128,2975,2964,2972,3429,3421,3612,3737,3747,3729
3839,0.86871,0.86689,0.04983,0.05248,317.03,434,1313,1926,1925,1929,1925,1179,1878,1892,1901,2020,2020,2020,2018,2018,2018,2018,2137,2130,2134,2128,2975,2964,2972,3429,3421,3612,3737,3747,3729
3840,0.86885,0.86722,0.0498,0.05241,317.11,434,1313,1926,1925,1929,1925,1179,1878,1892,1901,2020,2020,2020,2018,2018,2018,2018,2137,2130,2134,2128,2975,2964,2972,3429,3421,3612,3737,3747,3729
3841,0.86898,0.86723,0.04978,0.05241,317.19,434,1314,1926,1925,1929,1925,1179,1878,1892,1901,2020,2020,2020,2018,2018,2018,2018,2137,2130,2134,2128,2975,2964,2972,3429,3421,3612,3737,3747,3729
3842,0.86905,0.86737,0.04976,0.05238,317.28,434,1315,1926,1925,1929,1925,1179,1878,1892,1901,2020,2020,2020,2018,2018,2018,2018,2137,2130,2134,2128,2975,2964,2972,3429,3421,3612,3737,3747,3729
3843,0.86902,0.86739,0.04977,0.05238,317.38,434,1315,1926,1925,1929,1925,1179,1878,1892,1901,2020,2020,2020,2018,2018,2018,2018,2137,2130,2134,2128,2975,2964,2972,3429,3421,3612,3737,3747,3729
3844,0.86894,0.8672,0.04978,0.05241,317.46,434,1316,1926,1925,1929,1925,1179,1878,1892,1901,2020,2020,2020,2018,2018,2018,2018,2137,2130,2134,2128,2975,2964,2972,3429,3421,3612,3737,3747,3729
3845,0.8689,0.86722,0.04979,0.05241,317.54,434,1316,1926,1925,1929,1925,1179,1878,1892,1901,2020,2020,2020,2018,2018,2018,2018,2137,2130,2134,2128,2975,2964,2972,3429,3421,3612,3737,3747,3729
3846,0.8689,0.86705,0.04979,0.05244,317.62,434,1317,1926,1925,1929,1925,1179,1878,1892,1901,2020,2020,2020,2018,2018,2018,2018,2137,2130,2134,2128,2975,2964,2972,3429,3421,3612,3737,3747,3729
3847,0.86896,0.86727,0.04978,0.0524,317.7,434,1317,1926,1925,1929,1925,1179,1878,1892,1901,2020,2020,2020,2018,2018,2018,2018,2137,2130,2134,2128,2975,2964,2972,3429,3421,3612,3737,3747,3729
3848,0.86903,0.86727,0.04977,0.0524,317.78,434,1318,1926,1925,1929,1925,1179,1878,1892,1901,2020,2020,2020,2018,2018,2018,2018,2137,2129,2134,2128,2975,2964,2972,3429,3421,3612,3737,3747,3729
3849,0.86907,0.86735,0.04976,0.05238,317.86,434,1318,1926,1925,1929,1925,1179,1878,1892,1901,2020,2020,2020,2018,2018,2018,2018,2137,2129,2134,2128,2975,2964,2972,3429,3421,3612,3737,3747,3729
3850,0.86907,0.86736,0.04976,0.05238,317.95,434,1319,1926,1925,1929,1925,1179,1878,1892,1901,2020,2020,2020,2018,2018,2018,2018,2137,2130,2134,2128,2975,2964,2972,3429,3421,3612,3737,3747,3729
3851,0.86903,0.86726,0.04977,0.0524,318.03,434,1319,1926,1925,1929,1925,1179,1878,1892,1901,2020,2020,2020,2018,2018,2018,2018,2137,2130,2134,2128,2975,2964,2972,3429,3421,3612,3737,3747,3729
3852,0.86899,0.86732,0.04977,0.05239,318.11,434,1320,1926,1925,1929,1925,1179,1878,1892,1901,2020,2020,2020,2018,2018,2018,2018,2137,2130,2134,2128,2975,2964,2972,3429,3421,3612,3737,3747,3729
3853,0.86898,0.86721,0.04977,0.05241,318.18,434,1320,1926,1925,1929,1925,1179,1878,1892,1901,2020,2020,2020,2018,2018,2018,2018,2137,2130,2134,2128,2975,2964,2972,3429,3421,3612,3737,3747,3729
3854,0.86901,0.86735,0.04977,0.05239,318.27,434,1321,1926,1925,1929,1925,1179,1878,1892,1901,2020,2020,2020,2018,2018,2018,2018,2137,2130,2134,2128,2975,2964,2972,3429,3421,3612,3737,3747,3729
3855,0.86905,0.86727,0.04976,0.0524,318.35,434,1321,1926,1925,1929,1925,1179,1878,1892,1901,2020,2020,2020,2018,2018,2018,2018,2137,2130,2134,2128,2975,2964,2972,3429,3421,3612,3737,3747,3729
3856,0.86908,0.86734,0.04976,0.05239,318.44,434,1322,1926,1925,1929,1925,1179,1878,1892,1901,2020,2020,2020,2018,2018,2018,2018,2137,2130,2134,2128,2975,2964,2972,3429,3421,3612,3737,3747,3729
3857,0.86911,0.86733,0.04975,0.05239,318.53,434,1323,1926,1925,1929,1925,1179,1878,1892,1901,2020,2020,2020,2018,2018,2018,2018,2137,2130,2134,2128,2975,2964,2972,3429,3421,3612,3737,3747,3729
3858,0.86911,0.86734,0.04975,0.05239,318.61,434,1323,1926,1925,1929,1925,1179,1878,1892,1901,2020,2020,2020,2018,2018,2018,2018,2137,2130,2134,2128,2975,2964,2972,3429,3421,3612,3737,3747,3729
3859,0.86909,0.86737,0.04975,0.05238,318.7,434,1324,1926,1925,1929,1925,1179,1878,1892,1901,2020,2020,2020,2018,2018,2018,2018,2137,2130,2134,2128,2975,2964,2972,3429,3421,3612,3737,3747,3729
3860,0.86908,0.86731,0.04976,0.05239,318.77,434,1324,1926,1925,1929,1925,1179,1878,1893,1901,2020,2020,2020,2018,2018,2018,2018,2137,2130,2134,2128,2975,2964,2972,3429,3421,3612,3737,3747,3729
3861,0.86908,0.86739,0.04976,0.05238,318.86,434,1325,1926,1925,1929,1925,1179,1878,1893,1901,2020,2020,2020,2018,2018,2018,2018,2137,2130,2134,2128,2975,2964,2972,3429,3421,3612,3737,3747,3729
3862,0.86908,0.86734,0.04976,0.05239,318.96,434,1325,1926,1925,1929,1925,1179,1878,1893,1901,2020,2020,2020,2018,2018,2018,2018,2137,2130,2134,2128,2975,2964,2972,3429,3421,3612,3737,3747,3729
3863,0.8691,0.86742,0.04975,0.05237,319.05,434,1326,1926,1925,1929,1925,1179,1878,1893,1901,2020,2020,2020,2018,2018,2018,2018,2137,2130,2134,2128,2975,2964,2972,3429,3421,3612,3737,3747,3729
3864,0.86912,0.86739,0.04975,0.05238,319.13,434,1326,1926,1925,1929,1925,1179,1878,1893,1901,2020,2020,2020,2018,2018,2018,2018,2137,2130,2134,2128,2975,2964,2972,3429,3421,3612,3737,3747,3729
3865,0.86914,0.86738,0.04974,0.05238,319.22,434,1327,1926,1925,1929,1925,1179,1878,1893,1901,2020,2020,2020,2018,2018,2018,2018,2137,2130,2134,2128,2975,2964,2972,3429,3421,3612,3737,3747,3729
3866,0.86914,0.86735,0.04974,0.05238,319.29,434,1327,1926,1925,1929,1925,1179,1878,1893,1901,2020,2020,2020,2018,2018,2018,2018,2137,2130,2134,2128,2975,2964,2972,3429,3421,3612,3737,3747,3729
3867,0.86914,0.86733,0.04975,0.05239,319.37,434,1328,1926,1925,1929,1925,1179,1878,1893,1901,2020,2020,2020,2018,2018,2018,2018,2137,2130,2134,2128,2975,2964,2972,3429,3421,3612,3737,3747,3729
3868,0.86913,0.86739,0.04975,0.05238,319.45,434,1328,1926,1925,1929,1925,1179,1878,1893,1901,2020,2020,2020,2018,2018,2018,2018,2137,2130,2134,2128,2975,2964,2972,3429,3421,3612,3737,3747,3729
3869,0.86913,0.86737,0.04975,0.05238,319.54,434,1329,1926,1925,1929,1925,1179,1878,1893,1901,2020,2020,2020,2018,2018,2018,2018,2137,2130,2134,2128,2975,2964,2972,3429,3421,3612,3737,3747,3729
3870,0.86913,0.86746,0.04975,0.05236,319.62,434,1329,1926,1925,1929,1925,1179,1878,1893,1901,2020,2020,2020,2018,2018,2018,2018,2137,2130,2134,2128,2975,2964,2972,3429,3421,3612,3737,3747,3729
3871,0.86914,0.86743,0.04975,0.05237,319.71,434,1330,1926,1925,1929,1925,1179,1878,1893,1901,2020,2020,2020,2018,2018,2018,2018,2137,2130,2134,2128,2975,2964,2972,3429,3421,3612,3737,3747,3729
3872,0.86915,0.86746,0.04974,0.05236,319.8,434,1330,1926,1925,1929,1925,1179,1878,1893,1901,2020,2020,2020,2018,2018,2018,2018,2137,2130,2134,2128,2975,2964,2972,3429,3421,3612,3737,3747,3729
3873,0.86916,0.86741,0.04974,0.05237,319.89,434,1331,1926,1925,1929,1925,1179,1878,1893,1901,2020,2020,2020,2018,2018,2018,2018,2137,2130,2134,2128,2975,2964,2972,3429,3421,3612,3737,3747,3729
3874,0.86917,0.86743,0.04974,0.05237,319.99,434,1331,1926,1925,1929,1925,1179,1878,1893,1901,2020,2020,2020,2018,2018,2018,2018,2137,2130,2134,2128,2975,2964,2972,3429,3421,3612,3737,3747,3729
3875,0.86918,0.8674,0.04974,0.05238,320.07,434,1332,1926,1925,1929,1925,1179,1878,1893,1901,2020,2020,2020,2018,2018,2018,2018,2137,2130,2134,2128,2975,2964,2972,3429,3421,3612,3737,3747,3729
3876,0.86918,0.86741,0.04974,0.05237,320.16,434,1332,1926,1925,1929,1925,1179,1878,1893,1901,2020,2020,2020,2018,2018,2018,2018,2137,2130,2134,2128,2975,2964,2972,3429,3421,3612,3737,3747,3729
3877,0.86918,0.86746,0.04974,0.05236,320.26,434,1333,1926,1925,1929,1925,1179,1878,1893,1901,2020,2020,2020,2018,2018,2018,2018,2137,2130,2134,2128,2975,2964,2972,3429,3421,3612,3737,3747,3729
3878,0.86918,0.86747,0.04974,0.05236,320.34,434,1333,1926,1925,1929,1925,1179,1878,1893,1901,2020,2020,2020,2018,2018,2018,2018,2137,2130,2134,2128,2975,2964,2972,3429,3421,3612,3737,3747,3729
3879,0.86918,0.86749,0.04974,0.05236,320.43,434,1334,1926,1925,1929,1925,1179,1878,1893,1901,2020,2020,2020,2018,2018,2018,2018,2137,2130,2134,2128,2975,2964,2972,3429,3421,3612,3737,3747,3729
3880,0.86918,0.86745,0.04974,0.05237,320.52,434,1335,1926,1925,1929,1925,1179,1878,1893,1901,2020,2020,2020,2018,2018,2018,2018,2137,2130,2134,2128,2975,2964,2972,3429,3421,3612,3737,3747,3729
3881,0.86919,0.86747,0.04974,0.05236,320.61,434,1335,1926,1925,1929,1925,1179,1878,1893,1901,2020,2020,2020,2018,2018,2018,2018,2137,2130,2134,2128,2975,2964,2972,3429,3421,3612,3737,3747,3729
3882,0.86919,0.8674,0.04974,0.05238,320.69,434,1336,1926,1925,1929,1925,1179,1878,1893,1901,2020,2020,2020,2018,2018,2018,2018,2137,2130,2134,2128,2975,2964,2972,3429,3421,3612,3737,3747,3729
3883,0.86919,0.86745,0.04974,0.05237,320.78,434,1336,1926,1925,1929,1925,1179,1878,1893,1901,2020,2020,2020,2018,2018,2018,2018,2137,2130,2134,2128,2975,2964,2972,3429,3421,3612,3737,3747,3729
3884,0.86919,0.86744,0.04973,0.05237,320.87,434,1337,1926,1925,1929,1925,1179,1878,1893,1901,2020,2020,2020,2018,2018,2018,2018,2137,2130,2134,2128,2975,2964,2972,3429,3421,3612,3737,3747,3729
3885,0.8692,0.8675,0.04973,0.05236,320.96,434,1337,1926,1925,1929,1925,1179,1878,1893,1901,2020,2020,2020,2018,2018,2018,2018,2137,2130,2134,2128,2975,2964,2972,3429,3421,3612,3737,3747,3729
3886,0.8692,0.86745,0.04973,0.05237,321.04,434,1338,1926,1925,1929,1925,1179,1878,1893,1901,2020,2020,2020,2018,2018,2018,2018,2137,2130,2134,2128,2975,2964,2972,3429,3421,3612,3737,3747,3729
3887,0.86921,0.86748,0.04973,0.05236,321.14,434,1338,1926,1925,1929,1925,1179,1878,1893,1901,2020,2020,2020,2018,2018,2018,2018,2137,2130,2134,2128,2975,2964,2972,3429,3421,3612,3737,3747,3729
3888,0.86922,0.86746,0.04973,0.05236,321.22,434,1339,1926,1925,1929,1925,1179,1878,1893,1901,2020,2020,2020,2018,2018,2018,2018,2137,2130,2134,2128,2975,2964,2972,3429,3421,3612,3737,3747,3729
3889,0.86922,0.86751,0.04973,0.05235,321.33,434,1339,1926,1925,1929,1925,1179,1878,1893,1901,2020,2020,2020,2018,2018,2018,2018,2137,2130,2134,2128,2975,2964,2972,3429,3421,3612,3737,3747,3729
3890,0.86923,0.86748,0.04973,0.05236,321.42,434,1340,1925,1925,1929,1925,1179,1878,1893,1901,2020,2020,2020,2018,2018,2018,2018,2137,2130,2134,2128,2975,2964,2972,3429,3421,3612,3737,3747,3729
3891,0.86923,0.86748,0.04973,0.05236,321.49,434,1340,1925,1925,1929,1925,1179,1878,1893,1901,2020,2020,2020,2018,2018,2018,2018,2137,2130,2134,2128,2975,2964,2972,3429,3421,3612,3737,3747,3729
3892,0.86924,0.86748,0.04973,0.05236,321.58,434,1341,1925,1925,1929,1925,1179,1878,1893,1901,2020,2020,2020,2018,2018,2018,2018,2137,2130,2134,2128,2975,2964,2972,3429,3421,3612,3737,3747,3729
3893,0.86924,0.86752,0.04973,0.05235,321.66,434,1341,1925,1925,1929,1925,1179,1878,1893,1901,2020,2020,2020,2018,2018,2018,2018,2137,2130,2134,2128,2975,2964,2972,3429,3421,3612,3737,3747,3729
3894,0.86924,0.86751,0.04973,0.05235,321.74,434,1342,1925,1925,1929,1925,1179,1878,1893,1901,2020,2020,2020,2018,2018,2018,2018,2137,2130,2134,2128,2975,2964,2972,3429,3421,3612,3737,3747,3729
3895,0.86925,0.86752,0.04972,0.05235,321.83,434,1342,1925,1925,1929,1925,1179,1878,1893,1901,2020,2020,2020,2018,2018,2018,2018,2137,2130,2134,2128,2975,2964,2972,3429,3421,3612,3737,3747,3729
3896,0.86925,0.86749,0.04972,0.05236,321.93,434,1343,1925,1925,1929,1925,1179,1878,1893,1901,2020,2020,2020,2018,2018,2018,2018,2137,2130,2134,2128,2975,2964,2972,3429,3421,3612,3737,3747,3729
3897,0.86925,0.86752,0.04972,0.05235,322.01,434,1343,1925,1925,1929,1925,1179,1878,1893,1901,2020,2020,2020,2018,2018,2018,2018,2137,2130,2134,2128,2975,2964,2972,3429,3421,3612,3737,3747,3729
3898,0.86925,0.86753,0.04972,0.05235,322.09,434,1344,1925,1925,1929,1925,1179,1878,1893,1901,2020,2020,2020,2018,2018,2018,2018,2137,2130,2134,2128,2975,2964,2972,3429,3421,3612,3737,3747,3729
3899,0.86926,0.86756,0.04972,0.05234,322.18,434,1344,1925,1925,1929,1925,1179,1878,1893,1901,2020,2020,2020,2018,2018,2018,2018,2137,2130,2134,2128,2975,2964,2972,3429,3421,3612,3737,3747,3729
3900,0.86926,0.86751,0.04972,0.05235,322.26,434,1345,1925,1925,1929,1925,1179,1878,1893,1901,2020,2020,2020,2018,2018,2018,2018,2137,2130,2134,2128,2975,2964,2972,3429,3421,3612,3737,3747,3729
3901,0.86926,0.86752,0.04972,0.05235,322.34,434,1345,1925,1925,1929,1925,1179,1878,1893,1901,2020,2020,2020,2018,2018,2018,2018,2137,2130,2134,2128,2975,2964,2972,3429,3421,3612,3737,3747,3729
3902,0.86926,0.86748,0.04972,0.05236,322.42,434,1346,1925,1925,1929,1925,1179,1878,1893,1901,2020,2020,2020,2018,2018,2018,2018,2137,2130,2134,2128,2975,2964,2972,3429,3421,3612,3737,3747,3729
3903,0.86925,0.86756,0.04972,0.05234,322.51,434,1346,1925,1925,1929,1925,1179,1878,1893,1901,2020,2020,2020,2018,2018,2018,2018,2137,2130,2134,2128,2975,2964,2972,3429,3421,3612,3737,3747,3729
3904,0.86925,0.86752,0.04972,0.05235,322.59,434,1347,1925,1925,1929,1925,1179,1878,1893,1901,2020,2020,2020,2018,2018,2018,2018,2137,2130,2134,2128,2975,2964,2972,3429,3421,3612,3737,3747,3729
3905,0.86924,0.86757,0.04973,0.05234,322.66,434,1347,1925,1925,1929,1925,1179,1878,1893,1901,2020,2020,2020,2018,2018,2018,2018,2137,2130,2134,2128,2975,2964,2972,3429,3421,3612,3737,3747,3729
3906,0.86923,0.86745,0.04973,0.05237,322.76,434,1348,1925,1925,1929,1925,1179,1878,1893,1901,2020,2020,2020,2018,2018,2018,2018,2137,2130,2134,2128,2975,2964,2972,3429,3421,3612,3737,3747,3729
3907,0.86921,0.86751,0.04973,0.05235,322.86,434,1348,1925,1925,1929,1925,1179,1878,1893,1901,2020,2020,2020,2018,2018,2018,2018,2137,2130,2134,2128,2975,2964,2972,3429,3421,3612,3737,3747,3729
3908,0.86919,0.86739,0.04973,0.05238,322.96,434,1349,1925,1925,1929,1925,1179,1878,1893,1901,2020,2020,2020,2018,2018,2018,2018,2137,2130,2134,2128,2975,2964,2972,3429,3421,3612,3737,3747,3729
3909,0.86918,0.86752,0.04974,0.05235,323.05,434,1349,1925,1925,1929,1925,1179,1878,1893,1901,2020,2020,2020,2018,2018,2018,2018,2137,2130,2134,2128,2975,2964,2972,3429,3421,3612,3737,3747,3729
3910,0.86916,0.86738,0.04974,0.05238,323.14,434,1350,1925,1925,1929,1925,1179,1878,1893,1901,2020,2020,2020,2018,2018,2018,2018,2137,2130,2134,2128,2975,2964,2972,3429,3421,3612,3737,3747,3729
3911,0.86914,0.8675,0.04975,0.05236,323.24,434,1350,1925,1925,1929,1925,1179,1878,1893,1901,2020,2020,2020,2018,2018,2018,2018,2137,2130,2134,2128,2975,2964,2972,3429,3421,3612,3737,3747,3729
3912,0.8691,0.8673,0.04975,0.05239,323.32,434,1351,1925,1925,1929,1925,1179,1878,1893,1901,2020,2020,2020,2018,2018,2018,2018,2137,2130,2134,2128,2975,2964,2972,3429,3421,3612,3737,3747,3729
3913,0.86907,0.86747,0.04976,0.05236,323.41,434,1352,1925,1925,1929,1925,1179,1878,1893,1901,2020,2020,2020,2018,2018,2018,2018,2137,2130,2134,2128,2975,2964,2972,3429,3421,3612,3737,3747,3729
3914,0.86903,0.86725,0.04977,0.0524,323.5,434,1352,1925,1925,1929,1925,1179,1878,1894,1901,2020,2020,2020,2018,2018,2018,2018,2137,2130,2134,2128,2975,2964,2972,3429,3421,3612,3737,3747,3729
3915,0.869,0.8674,0.04977,0.05237,323.58,434,1353,1925,1925,1929,1925,1179,1878,1894,1901,2020,2020,2020,2018,2018,2018,2018,2137,2130,2134,2128,2975,2964,2972,3429,3421,3612,3737,3747,3729
3916,0.86896,0.86712,0.04978,0.05243,323.67,434,1353,1925,1925,1929,1925,1179,1878,1894,1901,2020,2020,2020,2018,2018,2018,2018,2137,2130,2134,2128,2975,2964,2972,3429,3420,3612,3737,3747,3729
3917,0.86893,0.86735,0.04978,0.05238,323.75,434,1354,1925,1925,1929,1925,1179,1878,1894,1901,2020,2020,2020,2018,2018,2018,2018,2137,2130,2134,2128,2975,2964,2972,3429,3421,3612,3737,3747,3729
3918,0.8689,0.86711,0.04979,0.05243,323.84,434,1354,1925,1925,1929,1925,1179,1878,1894,1901,2020,2020,2020,2018,2018,2018,2018,2137,2129,2134,2128,2975,2964,2972,3429,3420,3612,3737,3747,3729
3919,0.8689,0.86737,0.04979,0.05238,323.92,434,1355,1925,1925,1929,1925,1179,1878,1894,1901,2020,2020,2020,2018,2018,2018,2018,2137,2130,2134,2128,2975,2964,2972,3429,3421,3612,3737,3747,3729
3920,0.86891,0.86712,0.04979,0.05243,324.01,434,1355,1925,1925,1929,1925,1179,1878,1894,1901,2020,2020,2020,2018,2018,2018,2018,2137,2130,2134,2128,2975,2964,2972,3429,3420,3612,3737,3747,3729
3921,0.86894,0.86739,0.04978,0.05238,324.09,434,1356,1925,1925,1929,1925,1179,1878,1894,1901,2020,2020,2020,2018,2018,2018,2018,2137,2130,2134,2128,2975,2964,2972,3429,3421,3612,3737,3747,3729
3922,0.86899,0.8672,0.04977,0.05242,324.17,434,1356,1925,1925,1929,1925,1179,1878,1894,1901,2020,2020,2020,2018,2018,2018,2018,2137,2130,2134,2128,2975,2964,2972,3429,3420,3612,3737,3747,3729
3923,0.86907,0.86749,0.04976,0.05236,324.27,434,1357,1925,1925,1929,1925,1179,1878,1894,1901,2020,2020,2020,2018,2018,2018,2018,2137,2130,2134,2128,2975,2964,2972,3429,3421,3612,3737,3747,3729
3924,0.86914,0.86739,0.04974,0.05238,324.36,434,1357,1925,1925,1929,1925,1179,1878,1894,1901,2020,2020,2020,2018,2018,2018,2018,2137,2130,2134,2128,2975,2964,2972,3429,3421,3612,3737,3747,3729
3925,0.86922,0.8676,0.04973,0.05234,324.44,434,1358,1925,1925,1929,1925,1179,1878,1894,1901,2020,2020,2020,2018,2018,2018,2018,2137,2130,2134,2128,2975,2964,2972,3429,3421,3612,3737,3747,3729
3926,0.86927,0.86752,0.04972,0.05235,324.51,434,1358,1925,1925,1929,1925,1179,1878,1894,1901,2020,2020,2020,2018,2018,2018,2018,2137,2130,2134,2128,2975,2964,2972,3429,3421,3612,3737,3747,3729
3927,0.86932,0.86767,0.04971,0.05232,324.6,434,1359,1925,1925,1929,1925,1179,1878,1894,1901,2020,2020,2020,2018,2018,2018,2018,2137,2130,2134,2128,2975,2964,2972,3429,3421,3612,3737,3747,3729
3928,0.86935,0.86766,0.04971,0.05232,324.68,434,1359,1925,1925,1929,1925,1179,1878,1894,1901,2020,2020,2020,2018,2018,2018,2018,2137,2130,2134,2128,2975,2964,2972,3429,3421,3612,3737,3747,3729
3929,0.86937,0.86771,0.0497,0.05231,324.77,434,1360,1925,1925,1929,1925,1179,1878,1894,1901,2020,2020,2020,2018,2018,2018,2018,2137,2130,2134,2128,2975,2964,2972,3429,3421,3612,3737,3747,3729
3930,0.86937,0.86769,0.0497,0.05232,324.84,434,1360,1925,1925,1929,1925,1179,1878,1894,1901,2020,2020,2020,2018,2018,2018,2018,2137,2130,2134,2128,2975,2964,2972,3429,3421,3612,3737,3747,3729
3931,0.86937,0.86767,0.0497,0.05232,324.93,434,1361,1925,1925,1929,1925,1179,1878,1894,1901,2020,2020,2020,2018,2018,2018,2018,2137,2130,2134,2128,2975,2964,2972,3429,3421,3612,3737,3747,3729
3932,0.86936,0.8677,0.0497,0.05232,325.01,434,1361,1925,1925,1929,1925,1179,1878,1894,1901,2020,2020,2020,2018,2018,2018,2018,2137,2130,2134,2128,2975,2964,2972,3429,3421,3612,3737,3747,3729
3933,0.86935,0.86764,0.0497,0.05233,325.1,434,1362,1925,1925,1929,1925,1179,1878,1894,1901,2020,2020,2020,2018,2018,2018,2018,2137,2130,2134,2128,2975,2964,2972,3429,3421,3612,3737,3747,3729
3934,0.86934,0.8677,0.04971,0.05232,325.17,434,1362,1925,1925,1929,1925,1179,1878,1894,1901,2020,2020,2020,2018,2018,2018,2018,2137,2130,2134,2128,2975,2964,2972,3429,3421,3612,3737,3747,3729
3935,0.86932,0.86758,0.04971,0.05234,325.26,434,1363,1925,1925,1929,1925,1179,1878,1894,1901,2020,2020,2020,2018,2018,2018,2018,2137,2130,2134,2128,2975,2964,2972,3429,3421,3612,3737,3747,3729
3936,0.86931,0.86768,0.04971,0.05232,325.35,434,1363,1925,1925,1929,1925,1179,1878,1894,1901,2020,2020,2020,2018,2018,2018,2018,2137,2130,2134,2128,2975,2964,2972,3429,3421,3612,3737,3747,3729
3937,0.86928,0.86754,0.04972,0.05235,325.45,434,1364,1925,1925,1929,1925,1179,1878,1894,1901,2020,2020,2020,2018,2018,2018,2018,2137,2130,2134,2128,2975,2964,2972,3429,3421,3612,3737,3747,3729
3938,0.86926,0.86765,0.04972,0.05233,325.54,434,1364,1925,1925,1929,1925,1179,1878,1894,1901,2020,2020,2020,2018,2018,2018,2018,2137,2130,2134,2128,2975,2964,2972,3429,3421,3612,3737,3747,3729
3939,0.86921,0.86746,0.04973,0.05236,325.62,434,1365,1925,1925,1929,1925,1179,1878,1894,1901,2020,2020,2020,2018,2018,2018,2018,2137,2130,2134,2128,2975,2964,2972,3429,3421,3612,3737,3747,3729
3940,0.86917,0.86759,0.04974,0.05234,325.71,434,1365,1925,1925,1929,1925,1179,1878,1894,1901,2020,2020,2020,2018,2018,2018,2018,2137,2130,2134,2128,2975,2964,2972,3429,3421,3612,3737,3747,3729
3941,0.86911,0.86735,0.04975,0.05239,325.8,434,1366,1925,1925,1929,1925,1179,1878,1894,1901,2020,2020,2020,2018,2018,2018,2018,2137,2130,2134,2128,2975,2964,2972,3429,3421,3612,3737,3747,3729
3942,0.86905,0.86751,0.04976,0.05235,325.9,434,1366,1925,1925,1929,1925,1179,1878,1894,1901,2020,2020,2020,2018,2018,2018,2018,2137,2130,2134,2128,2975,2964,2972,3429,3421,3612,3737,3747,3729
3943,0.86899,0.8672,0.04977,0.05241,325.99,434,1367,1925,1925,1929,1925,1179,1878,1894,1901,2020,2020,2020,2018,2018,2018,2018,2137,2130,2134,2128,2975,2964,2972,3429,3420,3612,3737,3747,3729
3944,0.86894,0.86741,0.04978,0.05237,326.09,434,1367,1925,1925,1929,1925,1179,1878,1894,1901,2020,2020,2020,2018,2018,2018,2018,2137,2130,2134,2128,2975,2964,2972,3429,3421,3612,3737,3747,3729
3945,0.8689,0.8671,0.04979,0.05243,326.17,434,1368,1925,1925,1929,1925,1179,1878,1894,1901,2020,2020,2020,2018,2018,2018,2018,2137,2129,2134,2128,2975,2964,2972,3429,3420,3612,3737,3747,3729
3946,0.8689,0.8674,0.04979,0.05238,326.25,434,1368,1925,1925,1929,1925,1179,1878,1894,1901,2020,2020,2020,2018,2018,2018,2018,2137,2130,2134,2128,2975,2964,2972,3429,3421,3612,3737,3747,3729
3947,0.8689,0.86715,0.04979,0.05243,326.34,434,1369,1925,1925,1929,1925,1179,1878,1894,1901,2020,2020,2020,2018,2018,2018,2018,2137,2129,2134,2128,2975,2964,2972,3429,3420,3612,3737,3747,3729
3948,0.86895,0.86746,0.04978,0.05236,326.42,434,1369,1925,1925,1929,1925,1179,1878,1894,1901,2020,2020,2020,2018,2018,2018,2018,2137,2130,2134,2128,2975,2964,2972,3429,3421,3612,3737,3747,3729
3949,0.86901,0.86726,0.04977,0.0524,326.51,434,1370,1925,1925,1929,1925,1179,1878,1894,1901,2020,2020,2020,2018,2018,2018,2018,2137,2130,2134,2128,2975,2964,2972,3429,3420,3612,3737,3747,3729
3950,0.8691,0.86758,0.04975,0.05234,326.6,434,1370,1925,1925,1929,1925,1179,1878,1894,1901,2020,2020,2020,2018,2018,2018,2018,2137,2130,2134,2128,2975,2964,2972,3429,3421,3612,3737,3747,3729
3951,0.86918,0.86747,0.04974,0.05236,326.68,434,1371,1925,1925,1929,1925,1179,1878,1894,1902,2020,2020,2020,2018,2018,2018,2018,2137,2130,2134,2128,2975,2964,2972,3429,3420,3612,3737,3747,3729
3952,0.86928,0.86773,0.04972,0.05231,326.76,434,1371,1925,1925,1929,1925,1179,1878,1894,1902,2020,2020,2020,2018,2018,2018,2018,2137,2130,2134,2128,2975,2964,2972,3429,3421,3612,3737,3747,3729
3953,0.86935,0.86765,0.04971,0.05233,326.84,434,1372,1925,1925,1929,1925,1179,1878,1894,1902,2020,2020,2020,2018,2018,2018,2018,2137,2130,2134,2128,2975,2964,2972,3429,3421,3612,3737,3747,3729
3954,0.8694,0.86779,0.04969,0.0523,326.92,434,1372,1925,1925,1929,1925,1179,1878,1894,1902,2020,2020,2020,2018,2018,2018,2018,2137,2130,2134,2128,2975,2964,2972,3429,3421,3612,3737,3747,3729
3955,0.86944,0.86776,0.04969,0.0523,327.01,434,1373,1925,1925,1929,1925,1179,1878,1894,1902,2020,2020,2020,2018,2018,2018,2018,2137,2130,2134,2128,2975,2964,2972,3429,3421,3612,3737,3747,3729
3956,0.86945,0.86782,0.04969,0.05229,327.09,434,1373,1925,1925,1929,1925,1179,1878,1894,1902,2020,2020,2020,2018,2018,2018,2018,2137,2130,2134,2128,2975,2964,2972,3429,3421,3612,3737,3747,3729
3957,0.86946,0.86785,0.04968,0.05229,327.18,434,1374,1925,1925,1929,1925,1179,1878,1894,1901,2020,2020,2020,2018,2018,2018,2018,2137,2130,2134,2128,2975,2964,2972,3429,3421,3612,3737,3747,3729
3958,0.86945,0.8678,0.04969,0.0523,327.27,434,1374,1925,1925,1929,1925,1179,1878,1894,1901,2020,2020,2020,2018,2018,2018,2018,2137,2130,2134,2128,2975,2964,2972,3429,3421,3612,3737,3747,3729
3959,0.86943,0.86783,0.04969,0.05229,327.36,434,1375,1925,1925,1929,1925,1179,1878,1894,1901,2020,2020,2020,2018,2018,2018,2018,2137,2130,2134,2128,2975,2964,2972,3429,3421,3612,3737,3747,3729
3960,0.8694,0.86769,0.0497,0.05232,327.45,434,1375,1925,1925,1929,1925,1179,1878,1894,1901,2020,2020,2020,2018,2018,2018,2018,2137,2130,2134,2128,2975,2964,2972,3429,3421,3612,3737,3747,3729
3961,0.86937,0.86777,0.0497,0.0523,327.54,434,1376,1925,1925,1929,1925,1179,1878,1894,1901,2020,2020,2020,2018,2018,2018,2018,2137,2130,2134,2128,2975,2964,2972,3429,3421,3612,3737,3747,3729
3962,0.86932,0.8676,0.04971,0.05234,327.63,434,1376,1925,1925,1929,1925,1179,1878,1894,1901,2020,2020,2020,2018,2018,2018,2018,2137,2130,2134,2128,2975,2964,2972,3429,3421,3612,3737,3747,3729
3963,0.86927,0.86772,0.04972,0.05231,327.71,434,1377,1925,1925,1929,1925,1179,1878,1894,1901,2020,2020,2020,2018,2018,2018,2018,2137,2130,2134,2128,2975,2964,2972,3429,3421,3612,3737,3747,3729
3964,0.86922,0.86749,0.04973,0.05236,327.79,434,1377,1925,1925,1929,1925,1179,1878,1894,1901,2020,2020,2020,2018,2018,2018,2018,2137,2130,2134,2128,2975,2964,2972,3429,3421,3612,3737,3747,3729
3965,0.86919,0.86765,0.04974,0.05233,327.88,434,1378,1925,1925,1929,1925,1179,1878,1894,1901,2020,2020,2020,2018,2018,2018,2018,2137,2130,2134,2128,2975,2964,2972,3429,3421,3612,3737,3747,3729
3966,0.86915,0.8674,0.04974,0.05237,327.96,434,1378,1925,1925,1929,1925,1179,1878,1894,1901,2020,2020,2020,2018,2018,2018,2018,2137,2129,2134,2128,2975,2964,2972,3429,3420,3612,3737,3747,3729
3967,0.86913,0.86762,0.04975,0.05233,328.05,434,1379,1925,1925,1929,1925,1179,1878,1894,1901,2020,2020,2020,2018,2018,2018,2018,2137,2130,2134,2128,2975,2964,2972,3429,3421,3612,3737,3747,3729
3968,0.86912,0.86738,0.04975,0.05238,328.13,434,1379,1925,1925,1929,1925,1179,1878,1894,1901,2020,2020,2020,2018,2018,2018,2018,2137,2130,2134,2128,2975,2964,2972,3429,3420,3612,3737,3747,3729
3969,0.86913,0.86763,0.04975,0.05233,328.23,434,1380,1925,1925,1929,1925,1179,1878,1894,1901,2020,2020,2020,2018,2018,2018,2018,2137,2130,2134,2128,2975,2964,2972,3429,3420,3612,3737,3747,3729
3970,0.86915,0.8674,0.04974,0.05237,328.31,434,1380,1925,1925,1929,1925,1179,1878,1894,1901,2020,2020,2020,2018,2018,2018,2018,2137,2130,2134,2128,2975,2964,2972,3429,3420,3612,3737,3747,3729
3971,0.86919,0.86765,0.04973,0.05233,328.4,434,1381,1925,1925,1929,1925,1179,1878,1894,1901,2020,2020,2020,2018,2018,2018,2018,2137,2130,2134,2128,2975,2964,2972,3429,3420,3612,3737,3747,3729
3972,0.86922,0.86747,0.04973,0.05236,328.49,434,1381,1925,1925,1929,1925,1179,1878,1894,1901,2020,2020,2020,2018,2018,2018,2018,2137,2130,2134,2128,2975,2964,2972,3429,3420,3612,3737,3747,3729
3973,0.86928,0.86773,0.04972,0.05231,328.58,434,1382,1925,1925,1929,1925,1179,1878,1894,1901,2020,2020,2020,2018,2018,2018,2018,2137,2130,2134,2128,2975,2964,2972,3429,3421,3612,3737,3747,3729
3974,0.86932,0.86761,0.04971,0.05233,328.66,434,1383,1925,1925,1929,1925,1179,1878,1894,1901,2020,2020,2020,2018,2018,2018,2018,2137,2130,2134,2128,2975,2964,2972,3429,3421,3612,3737,3747,3729
3975,0.86938,0.86782,0.0497,0.05229,328.75,434,1383,1925,1925,1929,1925,1179,1878,1894,1901,2020,2020,2020,2018,2018,2018,2018,2137,2130,2134,2128,2975,2964,2972,3429,3421,3612,3737,3747,3729
3976,0.86943,0.86773,0.04969,0.05231,328.83,434,1384,1925,1925,1929,1925,1179,1878,1895,1901,2020,2020,2020,2018,2018,2018,2018,2137,2130,2134,2128,2975,2964,2972,3429,3421,3612,3737,3747,3729
3977,0.86947,0.86789,0.04968,0.05228,328.92,434,1384,1925,1925,1929,1925,1179,1878,1895,1901,2020,2020,2020,2018,2018,2018,2018,2137,2130,2134,2128,2975,2964,2972,3429,3421,3612,3737,3747,3729
3978,0.86949,0.86786,0.04968,0.05228,329.0,434,1385,1925,1925,1929,1925,1179,1878,1895,1901,2020,2020,2020,2018,2018,2018,2018,2137,2130,2134,2128,2975,2964,2972,3429,3421,3612,3737,3747,3729
3979,0.86951,0.86794,0.04967,0.05227,329.08,434,1385,1925,1925,1929,1925,1179,1878,1895,1901,2020,2020,2020,2018,2018,2018,2018,2137,2130,2134,2128,2975,2964,2972,3429,3421,3612,3737,3747,3729
3980,0.86952,0.86789,0.04967,0.05228,329.16,434,1386,1925,1925,1929,1925,1179,1878,1895,1901,2020,2020,2020,2018,2018,2018,2018,2137,2130,2134,2128,2975,2964,2972,3429,3421,3612,3737,3747,3729
3981,0.86953,0.86789,0.04967,0.05228,329.24,434,1386,1925,1925,1929,1925,1179,1878,1895,1901,2020,2020,2020,2018,2018,2018,2018,2137,2130,2134,2128,2975,2964,2972,3429,3421,3612,3737,3747,3729
3982,0.86954,0.86789,0.04967,0.05228,329.33,434,1387,1925,1925,1929,1925,1179,1878,1895,1901,2020,2020,2020,2018,2018,2018,2018,2137,2130,2134,2128,2975,2964,2972,3429,3421,3612,3737,3747,3729
3983,0.86954,0.86793,0.04967,0.05227,329.42,434,1387,1925,1925,1929,1925,1179,1878,1895,1901,2020,2020,2020,2018,2018,2018,2018,2137,2130,2134,2128,2975,2964,2972,3429,3421,3612,3737,3747,3729
3984,0.86954,0.86798,0.04967,0.05226,329.5,434,1388,1925,1925,1929,1925,1179,1878,1895,1901,2020,2020,2020,2018,2018,2018,2018,2137,2130,2134,2128,2975,2964,2972,3429,3421,3612,3737,3747,3729
3985,0.86953,0.86793,0.04967,0.05227,329.59,434,1388,1925,1925,1929,1925,1179,1878,1895,1901,2020,2020,2020,2018,2018,2018,2018,2137,2130,2134,2128,2975,2964,2972,3429,3421,3612,3737,3747,3729
3986,0.86952,0.86794,0.04967,0.05227,329.67,434,1389,1925,1925,1929,1925,1179,1878,1895,1901,2020,2020,2020,2018,2018,2018,2018,2137,2130,2134,2128,2975,2964,2972,3429,3421,3612,3737,3747,3729
3987,0.86951,0.86782,0.04968,0.05229,329.75,434,1389,1925,1925,1929,1925,1179,1878,1895,1901,2020,2020,2020,2018,2018,2018,2018,2137,2130,2134,2128,2975,2964,2972,3429,3421,3612,3737,3747,3729
3988,0.86948,0.86787,0.04968,0.05228,329.84,434,1390,1925,1925,1929,1925,1179,1878,1895,1901,2020,2020,2020,2018,2018,2018,2018,2137,2130,2134,2128,2975,2964,2972,3429,3421,3612,3737,3747,3729
3989,0.86945,0.86774,0.04969,0.05231,329.92,434,1390,1925,1925,1929,1925,1179,1878,1895,1901,2020,2020,2020,2018,2018,2018,2018,2137,2130,2134,2128,2975,2964,2972,3429,3421,3612,3737,3747,3729
3990,0.86942,0.86786,0.04969,0.05228,330.0,434,1391,1925,1925,1929,1925,1179,1878,1895,1901,2020,2020,2020,2018,2018,2018,2018,2137,2130,2134,2128,2975,2964,2972,3429,3421,3612,3737,3747,3729
3991,0.86938,0.86767,0.0497,0.05232,330.09,434,1391,1925,1925,1929,1925,1179,1878,1895,1901,2020,2020,2020,2018,2018,2018,2018,2137,2130,2134,2128,2975,2964,2972,3429,3421,3612,3737,3747,3729
3992,0.86933,0.8678,0.04971,0.0523,330.17,434,1392,1925,1925,1929,1925,1179,1878,1895,1901,2020,2020,2020,2018,2018,2018,2018,2137,2130,2134,2128,2975,2964,2972,3429,3421,3612,3737,3747,3729
3993,0.86926,0.86755,0.04972,0.05235,330.26,434,1392,1925,1925,1929,1925,1179,1879,1895,1901,2020,2020,2020,2018,2018,2018,2018,2137,2130,2134,2128,2975,2964,2972,3429,3421,3612,3737,3747,3729
3994,0.86919,0.86772,0.04974,0.05231,330.34,434,1393,1925,1925,1929,1925,1179,1879,1895,1901,2020,2020,2020,2018,2018,2018,2018,2137,2130,2134,2128,2975,2964,2972,3429,3421,3612,3737,3747,3729
3995,0.86909,0.86738,0.04975,0.05238,330.42,434,1393,1925,1925,1929,1925,1179,1879,1895,1901,2020,2020,2020,2018,2018,2018,2018,2137,2130,2134,2128,2975,2964,2972,3429,3421,3612,3737,3747,3729
3996,0.86902,0.86755,0.04977,0.05235,330.51,434,1394,1925,1925,1929,1925,1179,1879,1895,1901,2020,2020,2020,2018,2018,2018,2018,2137,2130,2134,2128,2975,2964,2972,3429,3421,3612,3737,3747,3729
3997,0.8689,0.8671,0.04979,0.05244,330.59,434,1394,1925,1925,1929,1925,1179,1879,1896,1901,2020,2020,2020,2018,2018,2018,2018,2137,2129,2134,2128,2975,2964,2972,3429,3420,3612,3737,3747,3729
3998,0.86887,0.86739,0.0498,0.05238,330.68,434,1395,1925,1925,1929,1925,1179,1879,1896,1901,2020,2020,2020,2018,2018,2018,2018,2137,2130,2134,2128,2975,2964,2972,3429,3421,3612,3737,3747,3729
3999,0.86883,0.86708,0.0498,0.05244,330.76,434,1395,1925,1925,1929,1925,1179,1879,1896,1901,2020,2020,2020,2018,2018,2018,2018,2137,2129,2134,2128,2975,2964,2972,3429,3420,3612,3737,3747,3729
